1.309839e+10 9.000000 0.000000 0.000000 1.593195
1.308530e+10 8.847726 0.000000 0.000000 1.275719
1.307220e+10 8.701050 0.000000 0.000000 1.227737
1.305910e+10 8.559660 0.000000 0.000000 1.202705
1.304600e+10 8.423368 0.000000 0.000000 1.187026
1.303290e+10 8.291842 0.000000 0.000000 1.176434
1.301980e+10 8.164779 0.000000 0.000000 1.169039
1.300671e+10 8.041947 0.000000 0.000000 1.163838
1.299361e+10 7.923131 0.000000 0.000000 1.160235
1.298051e+10 7.808144 0.000000 0.000000 1.157847
1.296741e+10 7.696830 0.000000 0.000000 1.156417
1.295431e+10 7.588952 0.000000 0.000000 1.155761
1.294121e+10 7.484347 0.000000 0.000000 1.155743
1.292811e+10 7.382859 0.000000 0.000000 1.156262
1.291502e+10 7.284344 0.000000 0.000000 1.157239
1.290192e+10 7.188666 0.000000 0.000000 1.158614
1.288882e+10 7.095696 0.000000 0.000000 1.160335
1.287572e+10 7.005312 0.000000 0.000000 1.162364
1.286262e+10 6.917401 0.000000 0.000000 1.164666
1.284952e+10 6.831855 0.000000 0.000000 1.167214
1.283643e+10 6.748572 0.000000 0.000000 1.169986
1.282333e+10 6.667456 0.000000 0.000000 1.172961
1.281023e+10 6.588431 0.000000 0.000000 1.176122
1.279713e+10 6.511436 0.000000 0.000000 1.179456
1.278403e+10 6.436355 0.000000 0.000000 1.182950
1.277093e+10 6.363109 0.000000 0.000000 1.186593
1.275784e+10 6.291625 0.000000 0.000000 1.190375
1.274474e+10 6.221832 0.000000 0.000000 1.194289
1.273164e+10 6.153665 0.000000 0.000000 1.198326
1.271854e+10 6.087102 0.000000 0.000000 1.202480
1.270544e+10 6.022088 0.000000 0.000000 1.206746
1.269234e+10 5.958522 0.000000 0.000000 1.211118
1.267925e+10 5.896348 0.000000 0.000000 1.215591
1.266615e+10 5.835515 0.000000 0.000000 1.220162
1.265305e+10 5.776057 0.000000 0.000000 1.224827
1.263995e+10 5.717866 0.000000 0.000000 1.229581
1.262685e+10 5.660874 0.000000 0.000000 1.234423
1.261375e+10 5.605040 0.000000 0.000000 1.239349
1.260065e+10 5.550427 0.000000 0.000000 1.244358
1.258756e+10 5.496902 0.000000 0.000000 1.249445
1.257446e+10 5.444416 0.000000 0.000000 1.254611
1.256136e+10 5.392990 0.000000 0.000000 1.259852
1.254826e+10 5.342602 0.000000 0.000000 1.265166
1.253516e+10 5.293149 0.000000 0.000000 1.270553
1.252206e+10 5.244640 0.000000 0.000000 1.276011
1.250897e+10 5.197097 0.000000 0.000000 1.281539
1.249587e+10 5.150398 0.000000 0.000000 1.287135
1.248277e+10 5.104567 0.000000 0.000000 1.292798
1.246967e+10 5.059611 0.000000 0.000000 1.298528
1.245657e+10 5.015419 0.000000 0.000000 1.304322
1.244347e+10 4.972050 0.000000 0.000000 1.310182
1.243038e+10 4.929453 0.000000 0.000000 1.316105
1.241728e+10 4.887546 0.000000 0.000000 1.322091
1.240418e+10 4.846450 0.000000 0.000000 1.328139
1.239108e+10 4.806006 0.000000 0.000000 1.334250
1.237798e+10 4.766255 0.000000 0.000000 1.340422
1.236488e+10 4.727194 0.000000 0.000000 1.346654
1.235179e+10 4.688723 0.000000 0.000000 1.352947
1.233869e+10 4.650970 0.000000 0.000000 1.359300
1.232559e+10 4.613770 0.000000 0.000000 1.365713
1.231249e+10 4.577204 0.000000 0.000000 1.372185
1.229939e+10 4.541209 0.000000 0.000000 1.378717
1.228629e+10 4.505773 0.000000 0.000000 1.385307
1.227319e+10 4.470921 0.000000 0.000000 1.391956
1.226010e+10 4.436563 0.000000 0.000000 1.398663
1.224700e+10 4.402796 0.000000 0.000000 1.405429
1.223390e+10 4.369472 0.000000 0.000000 1.412253
1.222080e+10 4.336729 0.000000 0.000000 1.419135
1.220770e+10 4.304408 0.000000 0.000000 1.426076
1.219460e+10 4.272625 0.000000 0.000000 1.433074
1.218151e+10 4.241257 0.000000 0.000000 1.440131
1.216841e+10 4.210391 0.000000 0.000000 1.447245
1.215531e+10 4.179930 0.000000 0.000000 1.454417
1.214221e+10 4.149942 0.000000 0.000000 1.461648
1.212911e+10 4.120344 0.000000 0.000000 1.468936
1.211601e+10 4.091197 0.000000 0.000000 1.476283
1.210292e+10 4.062421 0.000000 0.000000 1.483688
1.208982e+10 4.034080 0.000000 0.000000 1.491151
1.207672e+10 4.006087 0.000000 0.000000 1.498672
1.206362e+10 3.978520 0.000000 0.000000 1.506252
1.205052e+10 3.951272 0.000000 0.000000 1.513891
1.203742e+10 3.924447 0.000000 0.000000 1.521588
1.202433e+10 3.897912 0.000000 0.000000 1.529345
1.201123e+10 3.871800 0.000000 0.000000 1.537160
1.199813e+10 3.845965 0.000000 0.000000 1.545035
1.198503e+10 3.820516 0.000000 0.000000 1.552969
1.197193e+10 3.795355 0.000000 0.000000 1.560963
1.195883e+10 3.770540 0.000000 0.000000 1.569017
1.194574e+10 3.746027 0.000000 0.000000 1.577131
1.193264e+10 3.721816 0.000000 0.000000 1.585305
1.191954e+10 3.697926 0.000000 0.000000 1.593540
1.190644e+10 3.674294 0.000000 0.000000 1.601835
1.189334e+10 3.651005 0.000000 0.000000 1.610192
1.188024e+10 3.627947 0.000000 0.000000 1.618610
1.186714e+10 3.605214 0.000000 0.000000 1.627089
1.185405e+10 3.582725 0.000000 0.000000 1.635631
1.184095e+10 3.560509 0.000000 0.000000 1.644234
1.182785e+10 3.538569 0.000000 0.000000 1.652900
1.181475e+10 3.516848 0.000000 0.000000 1.661629
1.180165e+10 3.495436 0.000000 0.000000 1.670421
1.178855e+10 3.474227 0.000000 0.000000 1.679276
1.177546e+10 3.453288 0.000000 0.000000 1.688195
1.176236e+10 3.432582 0.000000 0.000000 1.697178
1.174926e+10 3.412087 0.000000 0.000000 1.706226
1.173616e+10 3.391866 0.000000 0.000000 1.715338
1.172306e+10 3.371830 0.000000 0.000000 1.724516
1.170996e+10 3.352044 0.000000 0.000000 1.733758
1.169687e+10 3.332470 0.000000 0.000000 1.743067
1.168377e+10 3.313083 0.000000 0.000000 1.752442
1.167067e+10 3.293956 0.000000 0.000000 1.761883
1.165757e+10 3.274998 0.000000 0.000000 1.771392
1.164447e+10 3.256256 0.000000 0.000000 1.780967
1.163137e+10 3.237724 0.000000 0.000000 1.790611
1.161828e+10 3.219353 0.000000 0.000000 1.800322
1.160518e+10 3.201221 0.000000 0.000000 1.810103
1.159208e+10 3.183256 0.000000 0.000000 1.819952
1.157898e+10 3.165461 0.000000 0.000000 1.829871
1.156588e+10 3.147889 0.000000 0.000000 1.839859
1.155278e+10 3.130466 0.000000 0.000000 1.849918
1.153968e+10 3.113227 0.000000 0.000000 1.860047
1.152659e+10 3.096179 0.000000 0.000000 1.870248
1.151349e+10 3.079272 0.000000 0.000000 1.880520
1.150039e+10 3.062561 0.000000 0.000000 1.890865
1.148729e+10 3.046014 0.000000 0.000000 1.901282
1.147419e+10 3.029600 0.000000 0.000000 1.911772
1.146109e+10 3.013389 0.000000 0.000000 1.922335
1.144800e+10 2.997320 0.000000 0.000000 1.932973
1.143490e+10 2.981379 0.000000 0.000000 1.943685
1.142180e+10 2.965641 0.000000 0.000000 1.954471
1.140870e+10 2.950030 0.000000 0.000000 1.965334
1.139560e+10 2.934545 0.000000 0.000000 1.976272
1.138250e+10 2.919253 0.000000 0.000000 1.987287
1.136941e+10 2.904079 0.000000 0.000000 1.998379
1.135631e+10 2.889029 0.000000 0.000000 2.009548
1.134321e+10 2.874162 0.000000 0.000000 2.020796
1.133011e+10 2.859408 0.000000 0.000000 2.032122
1.131701e+10 2.844771 0.000000 0.000000 2.043527
1.130391e+10 2.830311 0.000000 0.000000 2.055012
1.129082e+10 2.815959 0.000000 0.000000 2.066577
1.127772e+10 2.801715 0.000000 0.000000 2.078223
1.126462e+10 2.787645 0.000000 0.000000 2.089950
1.125152e+10 2.773679 0.000000 0.000000 2.101759
1.123842e+10 2.759815 0.000000 0.000000 2.128735
1.122532e+10 2.746113 0.000000 0.000000 2.197587
1.121223e+10 2.732517 0.000000 0.000000 2.268246
1.119913e+10 2.719020 0.000000 0.000000 2.340746
1.118603e+10 2.705666 0.000000 0.000000 2.415125
1.117293e+10 2.692426 0.000000 0.000000 2.491420
1.115983e+10 2.679280 0.000000 0.000000 2.569667
1.114673e+10 2.666259 0.000000 0.000000 2.649905
1.113363e+10 2.653361 0.000000 0.000000 2.732172
1.112054e+10 2.640553 0.000000 0.000000 2.816507
1.110744e+10 2.627848 0.000000 0.000000 2.902948
1.109434e+10 2.615278 0.000000 0.000000 2.991537
1.108124e+10 2.602795 0.000000 0.000000 3.082314
1.106814e+10 2.590398 0.000000 0.000000 3.175318
1.105504e+10 2.578138 0.000000 0.000000 3.270592
1.104195e+10 2.565967 0.000000 0.000000 3.368178
1.102885e+10 2.553879 0.000000 0.000000 3.468118
1.101575e+10 2.541902 0.000000 0.000000 3.570455
1.100265e+10 2.530033 0.000000 0.000000 3.675232
1.098955e+10 2.518242 0.000000 0.000000 3.782493
1.097645e+10 2.506535 0.000000 0.000000 3.892284
1.096336e+10 2.494955 0.000000 0.000000 4.004649
1.095026e+10 2.483451 0.000000 0.000000 4.119633
1.093716e+10 2.472022 0.468906 0.000000 4.237283
1.092406e+10 2.460700 0.788718 0.000000 4.357646
1.091096e+10 2.449472 1.140890 0.000000 4.480769
1.089786e+10 2.438317 1.520690 0.000000 4.606699
1.088477e+10 2.427236 1.923881 0.000000 4.735486
1.087167e+10 2.416275 2.346978 0.000000 4.867178
1.085857e+10 2.405383 2.786793 0.000000 5.001824
1.084547e+10 2.394561 3.240628 0.000000 5.139475
1.083237e+10 2.383828 3.706221 0.000000 5.280181
1.081927e+10 2.373191 4.181569 0.000000 5.423993
1.080617e+10 2.362621 4.664735 0.000000 5.570965
1.079308e+10 2.352116 5.154075 0.000000 5.721147
1.077998e+10 2.341713 5.648356 0.000000 5.874592
1.076688e+10 2.331385 6.146157 0.000000 6.146157
1.075378e+10 2.321121 6.646226 0.000000 6.646226
1.074068e+10 2.310922 7.147502 0.000000 7.147502
1.072758e+10 2.300829 7.649388 0.000000 7.649388
1.071449e+10 2.290797 8.150694 0.000000 8.150694
1.070139e+10 2.280826 8.650624 0.000000 8.650624
1.068829e+10 2.270927 9.148571 0.000000 9.148571
1.067519e+10 2.261119 9.644148 0.000000 9.644148
1.066209e+10 2.251370 10.136455 0.000000 10.136455
1.064899e+10 2.241680 10.624956 0.000000 10.624956
1.063590e+10 2.232064 11.109383 0.000000 11.109383
1.062280e+10 2.222530 11.589441 0.000000 11.589441
1.060970e+10 2.213052 12.064445 0.000000 12.064445
1.059660e+10 2.203629 12.534034 0.000000 12.534034
1.058350e+10 2.194282 12.998191 0.000000 12.998191
1.057040e+10 2.185010 13.456676 0.000000 13.456676
1.055731e+10 2.175791 13.908947 0.000000 13.908947
1.054421e+10 2.166626 14.354775 0.000000 14.354775
1.053111e+10 2.157534 14.794306 0.000000 14.794306
1.051801e+10 2.148512 15.227369 0.000000 15.227369
1.050491e+10 2.139542 15.653509 0.000000 15.653509
1.049181e+10 2.130623 16.072586 0.000000 16.072586
1.047872e+10 2.121773 16.484834 0.000000 16.484834
1.046562e+10 2.112992 16.890205 0.000000 16.890205
1.045252e+10 2.104260 17.288264 0.000000 17.288264
1.043942e+10 2.095577 17.678938 0.000000 17.678938
1.042632e+10 2.086957 18.062468 0.000000 18.062468
1.041322e+10 2.078407 18.439009 0.000000 18.439009
1.040012e+10 2.069904 18.808081 0.080517 18.808081
1.038703e+10 2.061447 19.169661 0.117711 19.169661
1.037393e+10 2.053045 19.523916 0.167654 19.523916
1.036083e+10 2.044717 19.871306 0.233460 19.871306
1.034773e+10 2.036433 20.211238 0.318674 20.211238
1.033463e+10 2.028194 20.543725 0.427308 20.543725
1.032153e+10 2.020000 20.868786 0.563873 20.868786
1.030844e+10 2.011884 21.187284 0.733406 21.187284
1.029534e+10 2.003811 21.498462 0.941497 21.498462
1.028224e+10 1.995781 21.802350 1.174311 21.802350
1.026914e+10 1.987794 22.098991 1.423258 22.098991
1.025604e+10 1.979872 22.389035 1.699852 22.389035
1.024294e+10 1.972002 22.672221 2.003980 22.672221
1.022985e+10 1.964173 22.948351 2.335216 22.948351
1.021675e+10 1.956386 23.217483 2.692941 23.217483
1.020365e+10 1.948649 23.479971 3.076445 23.479971
1.019055e+10 1.940974 23.736191 3.395731 23.736191
1.017745e+10 1.933338 23.985639 3.416858 23.985639
1.016435e+10 1.925742 24.228386 3.438140 24.228386
1.015126e+10 1.918185 24.464502 3.459578 24.464502
1.013816e+10 1.910694 24.694865 3.481173 24.787274
1.012506e+10 1.903244 24.918864 3.502927 25.251644
1.011196e+10 1.895832 25.136486 3.524840 25.711641
1.009886e+10 1.888458 25.347809 3.546915 26.167296
1.008576e+10 1.881133 25.553268 3.569153 26.618853
1.007266e+10 1.873862 25.753140 3.591554 27.066469
1.005957e+10 1.866627 25.946978 3.614120 27.509869
1.004647e+10 1.859429 26.134862 3.636853 27.949089
1.003337e+10 1.852267 26.316874 3.659755 28.384164
1.002027e+10 1.845164 26.493837 3.682825 28.815582
1.000717e+10 1.838100 26.665269 3.706066 29.243043
9.994074e+09 1.831072 26.831097 3.729480 29.666493
9.980976e+09 1.824078 26.991404 3.753067 30.085970
9.967878e+09 1.817123 27.146434 3.776829 30.501611
9.954779e+09 1.810224 27.296843 3.800768 30.913812
9.941681e+09 1.803359 27.441998 3.824884 31.322174
9.928582e+09 1.796527 27.581979 3.849181 31.586656
9.915484e+09 1.789728 27.716867 3.873658 31.709542
9.902386e+09 1.782974 27.847158 3.898317 31.824365
9.889287e+09 1.776267 27.972999 3.923161 31.931751
9.876189e+09 1.769591 28.094007 3.948190 32.031322
9.863091e+09 1.762947 28.210261 3.973407 32.123469
9.849992e+09 1.756335 28.321839 3.998812 32.208551
9.836894e+09 1.749772 28.429415 4.028031 32.287905
9.823795e+09 1.743247 28.532763 4.159260 32.361312
9.810697e+09 1.736752 28.631683 4.294841 32.428596
9.797599e+09 1.730289 28.726252 4.434890 32.490031
9.784500e+09 1.723856 28.816546 4.579540 32.545875
9.771402e+09 1.717472 28.903343 4.728584 32.597522
9.758303e+09 1.711122 28.986180 4.882419 32.644310
9.745205e+09 1.704802 29.064976 5.041274 32.686210
9.732107e+09 1.698511 29.139803 5.205307 32.723431
9.719008e+09 1.692249 29.210734 5.374685 32.756173
9.705910e+09 1.686036 29.278583 5.549158 32.785795
9.692811e+09 1.679854 29.342783 5.729239 32.811460
9.679713e+09 1.673700 29.403307 5.915161 32.833191
9.666615e+09 1.667575 29.460223 6.107109 32.851149
9.653516e+09 1.661477 29.513598 6.305273 32.865494
9.640418e+09 1.655426 29.564218 6.509390 32.877466
9.627319e+09 1.649405 29.611539 6.720027 32.886272
9.614221e+09 1.643411 29.655525 6.937449 32.891892
9.601123e+09 1.637444 29.696240 7.161867 32.894459
9.588024e+09 1.631504 29.733747 7.393498 32.894097
9.574926e+09 1.625607 29.768739 7.632105 32.891856
9.561827e+09 1.619740 29.800818 7.878221 32.887164
9.548729e+09 1.613899 29.829880 8.132191 32.879887
9.535631e+09 1.608084 29.855984 8.394249 32.870130
9.522532e+09 1.602295 29.879188 8.664637 32.857995
9.509434e+09 1.596544 29.900038 8.943199 32.844273
9.496335e+09 1.590825 29.918391 9.230321 32.828767
9.483237e+09 1.585132 29.934022 9.526480 32.811159
9.470139e+09 1.579463 29.946985 9.831934 32.791535
9.457040e+09 1.573819 29.957334 10.146943 32.769976
9.443942e+09 1.568207 29.965415 10.471503 32.746969
9.430844e+09 1.562630 29.971443 10.805703 32.722807
9.417745e+09 1.557078 29.975019 11.150224 32.696936
9.404647e+09 1.551549 29.976195 11.505337 32.669425
9.391548e+09 1.546045 29.975021 11.871320 32.640342
9.378450e+09 1.540565 29.971599 12.248396 32.609823
9.365352e+09 1.535125 29.966587 12.636182 32.578753
9.352253e+09 1.529709 29.959374 13.035635 32.546294
9.339155e+09 1.524315 29.950007 13.447037 32.512503
9.326056e+09 1.518944 29.938531 13.870671 32.477436
9.312958e+09 1.513596 29.924991 14.306819 32.441146
9.299860e+09 1.508282 29.909901 14.755194 32.404299
9.286761e+09 1.502996 29.893057 15.216340 32.458902
9.273663e+09 1.497732 29.874284 15.690793 32.554984
9.260564e+09 1.492490 29.853624 16.178830 32.642792
9.247466e+09 1.487270 29.831119 16.680723 32.722534
9.234368e+09 1.482075 29.806945 17.196557 32.794714
9.221269e+09 1.476914 29.781529 17.726037 32.860400
9.208171e+09 1.471775 29.754390 18.270114 32.918654
9.195072e+09 1.466656 29.725568 18.829040 32.969675
9.181974e+09 1.461559 29.695100 19.403059 33.013662
9.168876e+09 1.456483 29.663024 19.992410 33.050809
9.155777e+09 1.451438 29.629783 20.596681 33.082208
9.142679e+09 1.446418 29.595227 21.216345 33.107642
9.129580e+09 1.441419 29.559172 21.851943 33.126822
9.116482e+09 1.436441 29.521654 22.503672 33.139932
9.103384e+09 1.431482 29.482706 23.171716 33.147153
9.090285e+09 1.426544 29.442370 23.837116 33.148680
9.077187e+09 1.421640 29.401259 23.861604 33.145953
9.064088e+09 1.416755 29.358819 23.884762 33.137872
9.050990e+09 1.411891 29.315080 23.906606 33.124605
9.037892e+09 1.407045 29.270075 23.927150 33.106316
9.024793e+09 1.402220 29.223834 23.946410 33.083169
9.011695e+09 1.397417 29.176555 23.964533 33.055682
8.998597e+09 1.392643 29.128497 23.981722 33.024506
8.985498e+09 1.387888 29.079292 23.997674 32.988943
8.972400e+09 1.383152 29.028969 24.012403 32.949140
8.959301e+09 1.378435 28.977555 24.025924 32.905242
8.946203e+09 1.373736 28.925079 24.038252 32.857393
8.933105e+09 1.369062 28.871833 24.049616 32.806294
8.920006e+09 1.364413 28.817845 24.060036 32.752086
8.906908e+09 1.359782 28.762874 24.069308 32.694336
8.893809e+09 1.355169 28.706945 24.077446 32.633170
8.880711e+09 1.350574 28.650083 24.084465 32.568717
8.867613e+09 1.345997 28.592313 24.090379 32.501098
8.854514e+09 1.341445 28.533967 24.095456 32.431076
8.841416e+09 1.336915 28.474954 24.099617 32.358529
8.828317e+09 1.332403 28.415104 24.102717 32.283166
8.815219e+09 1.327908 28.354439 24.104769 32.205097
8.802121e+09 1.323430 28.292981 24.105787 32.124432
8.789022e+09 1.318970 28.230752 24.105784 32.110209
8.775924e+09 1.314534 28.168080 24.105029 32.128881
8.762825e+09 1.310118 28.104846 24.103422 32.143037
8.749727e+09 1.305720 28.040903 24.100835 32.152535
8.736629e+09 1.301338 27.976273 24.097283 32.157513
8.723530e+09 1.296973 27.910975 24.092778 32.158109
8.710432e+09 1.292625 27.845029 24.087334 32.154455
8.697333e+09 1.288299 27.778717 24.081185 32.147142
8.684235e+09 1.283994 27.711973 24.074275 32.136149
8.671137e+09 1.279704 27.644636 24.066465 32.121285
8.658038e+09 1.275431 27.576724 24.057768 32.102669
8.644940e+09 1.271174 27.508255 24.048196 32.080415
8.631841e+09 1.266933 27.439247 24.037760 32.054638
8.618743e+09 1.262712 27.369906 24.026638 32.025778
8.605645e+09 1.258512 27.300282 24.014868 31.994001
8.592546e+09 1.254328 27.230167 24.002274 31.959022
8.579448e+09 1.250159 27.159578 23.988867 31.920941
8.566350e+09 1.246006 27.088530 23.974658 31.879857
8.553251e+09 1.241868 27.017039 23.959659 31.835865
8.540153e+09 1.237747 26.945212 23.943961 31.789221
8.527054e+09 1.233648 26.873264 23.927752 31.740368
8.513956e+09 1.229565 26.800916 23.910788 31.688883
8.500858e+09 1.225496 26.728182 23.893081 31.634852
8.487759e+09 1.221442 26.655078 23.874642 31.578360
8.474661e+09 1.217403 26.581615 23.855482 31.519490
8.461562e+09 1.213378 26.507809 23.835613 31.458322
8.448464e+09 1.209376 26.434002 23.815336 31.395513
8.435366e+09 1.205390 26.359902 23.794393 31.330604
8.422267e+09 1.201417 26.285494 23.772773 31.263625
8.409169e+09 1.197459 26.210793 23.750487 31.194651
8.396070e+09 1.193515 26.135809 23.727545 31.123750
8.382972e+09 1.189585 26.060555 23.703957 31.050993
8.369874e+09 1.185673 25.985220 23.679891 30.976752
8.356775e+09 1.181779 25.909789 23.655336 30.901051
8.343677e+09 1.177899 25.834121 23.630166 30.823688
8.330578e+09 1.174033 25.758227 23.604392 30.744725
8.317480e+09 1.170180 25.682117 23.578022 30.664224
8.304382e+09 1.166341 25.605804 23.551068 30.582242
8.291283e+09 1.162516 25.529312 23.523552 30.498866
8.278185e+09 1.158712 25.452922 23.495728 30.414615
8.265086e+09 1.154921 25.376356 23.467347 30.329051
8.251988e+09 1.151143 25.299625 23.438420 30.242225
8.238890e+09 1.147378 25.222737 23.408955 30.154190
8.225791e+09 1.143627 25.145703 23.378961 30.064996
8.212693e+09 1.139888 25.068531 23.348447 29.974691
8.199594e+09 1.136166 24.991364 23.317545 29.883553
8.186496e+09 1.132460 24.914219 23.286271 29.791641
8.173398e+09 1.128768 24.836962 23.254504 29.705814
8.160299e+09 1.125088 24.759600 23.222253 29.633241
8.147201e+09 1.121420 24.682142 23.189525 29.560014
8.134103e+09 1.117766 24.604596 23.156330 29.486158
8.121004e+09 1.114123 24.526970 23.122677 29.411698
8.107906e+09 1.110499 24.449480 23.088764 29.336982
8.094807e+09 1.106888 24.371968 23.054449 29.261779
8.081709e+09 1.103289 24.294397 23.019699 29.186046
8.068611e+09 1.099703 24.216775 22.984523 29.109806
8.055512e+09 1.096129 24.139109 22.948928 29.033083
8.042414e+09 1.092567 24.061405 22.912922 28.955902
8.029315e+09 1.089017 23.983689 22.876530 28.878311
8.016217e+09 1.085485 23.906159 22.839938 28.800628
8.003119e+09 1.081965 23.828611 22.802958 28.722549
7.990020e+09 1.078456 23.751051 22.765597 28.644096
7.976922e+09 1.074960 23.673484 22.727863 28.565289
7.963823e+09 1.071475 23.595918 22.689763 28.486148
7.950725e+09 1.068002 23.518358 22.651304 28.406692
7.937627e+09 1.064542 23.440860 22.612540 28.327016
7.924528e+09 1.061097 23.363535 22.573578 28.247297
7.911430e+09 1.057664 23.286232 22.534278 28.167316
7.898331e+09 1.054242 23.208956 22.494646 28.087090
7.885233e+09 1.050831 23.131714 22.454690 28.006636
7.872135e+09 1.047432 23.054509 22.414416 27.925970
7.859036e+09 1.044044 22.977349 22.373831 27.845108
7.845938e+09 1.040669 22.900295 22.332997 27.764154
7.832839e+09 1.037308 22.823418 22.291984 27.683221
7.819741e+09 1.033958 22.746599 22.250679 27.602135
7.806643e+09 1.030619 22.669841 22.209088 27.520910
7.793544e+09 1.027292 22.593150 22.167217 27.439561
7.780446e+09 1.023975 22.516529 22.125073 27.358100
7.767348e+09 1.020668 22.439983 22.082661 27.276541
7.754249e+09 1.017374 22.363565 22.040036 27.194968
7.741151e+09 1.014094 22.287344 21.997263 27.113490
7.728052e+09 1.010824 22.211209 21.954241 27.031949
7.714954e+09 1.007565 22.135165 21.910974 26.950355
7.701856e+09 1.004316 22.059215 21.867469 26.868721
7.688757e+09 1.001078 21.983363 21.823731 26.787057
7.675659e+09 0.997850 21.907613 21.779765 26.705373
7.662560e+09 0.994634 21.831997 21.735605 26.623722
7.649462e+09 0.991431 21.756603 21.691339 26.542240
7.636364e+09 0.988238 21.681321 21.646862 26.460767
7.623265e+09 0.985055 21.606154 21.602178 26.379313
7.610167e+09 0.981883 21.531105 21.531105 26.297886
7.597068e+09 0.978720 21.456177 21.456177 26.216496
7.583970e+09 0.975568 21.381374 21.381374 26.135150
7.570872e+09 0.972426 21.306698 21.306698 26.053859
7.557773e+09 0.969296 21.232276 21.232276 25.972808
7.544675e+09 0.966177 21.157986 21.157986 25.891825
7.531576e+09 0.963068 21.083832 21.083832 25.810918
7.518478e+09 0.959969 21.009816 21.009816 25.730093
7.505380e+09 0.956879 20.935940 20.935940 25.649359
7.492281e+09 0.953799 20.862208 20.862208 25.568721
7.479183e+09 0.950729 20.788621 20.788621 25.488187
7.466084e+09 0.947670 20.715258 20.715258 25.407871
7.452986e+09 0.944622 20.642076 20.642076 25.327715
7.439888e+09 0.941584 20.569046 20.569046 25.247679
7.426789e+09 0.938554 20.496171 20.496171 25.167771
7.413691e+09 0.935535 20.423452 20.423452 25.087996
7.400592e+09 0.932524 20.350893 20.350893 25.008359
7.387494e+09 0.929523 20.278495 20.278495 24.928865
7.374396e+09 0.926532 20.206289 20.206289 24.849563
7.361297e+09 0.923552 20.134307 20.134307 24.770498
7.348199e+09 0.920582 20.062492 20.062492 24.691590
7.335101e+09 0.917620 19.990845 19.990845 24.612845
7.322002e+09 0.914668 19.919368 19.919368 24.534267
7.308904e+09 0.911724 19.848063 19.848063 24.455860
7.295805e+09 0.908790 19.776932 19.776932 24.377629
7.282707e+09 0.905864 19.705977 19.705977 24.299577
7.269609e+09 0.902950 19.635260 19.635260 24.221796
7.256510e+09 0.900044 19.564732 19.564732 24.144216
7.243412e+09 0.897147 19.494383 19.494383 24.008093
7.230313e+09 0.894260 19.424215 19.424215 23.871788
7.217215e+09 0.891381 19.354229 19.354229 23.736225
7.204117e+09 0.888510 19.284428 19.271671 23.601409
7.191018e+09 0.885649 19.214812 19.188509 23.467346
7.177920e+09 0.882796 19.145399 19.105880 23.334073
7.164821e+09 0.879953 19.076214 19.023810 23.201638
7.151723e+09 0.877119 19.007217 18.942246 23.069964
7.138625e+09 0.874294 18.938410 18.861187 22.939053
7.125526e+09 0.871476 18.869794 18.780630 22.808907
7.112428e+09 0.868668 18.801369 18.700575 22.679528
7.099329e+09 0.865867 18.733138 18.621019 22.550915
7.086231e+09 0.863076 18.665101 18.541961 22.423070
7.073133e+09 0.860293 18.597286 18.463433 22.296045
7.060034e+09 0.857519 18.529683 18.385417 22.169815
7.046936e+09 0.854753 18.462275 18.307892 22.044350
7.033837e+09 0.851996 18.395065 18.230856 21.919652
7.020739e+09 0.849246 18.328054 18.154307 21.795719
7.007641e+09 0.846505 18.261241 18.078243 21.672549
6.994542e+09 0.843772 18.194629 18.002662 21.550142
6.981444e+09 0.841047 18.128217 17.927562 21.428497
6.968345e+09 0.838331 18.062032 17.852972 21.307660
6.955247e+09 0.835623 17.996052 17.778861 21.187586
6.942149e+09 0.832923 17.930274 17.705224 21.068268
6.929050e+09 0.830230 17.864700 17.632059 20.949704
6.915952e+09 0.827546 17.799329 17.559363 20.831892
6.902854e+09 0.824870 17.734162 17.487133 20.714830
6.889755e+09 0.822201 17.669200 17.415368 20.598516
6.876657e+09 0.819540 17.604444 17.344066 20.482949
6.863558e+09 0.816888 17.539909 17.273243 20.368600
6.850460e+09 0.814243 17.475580 17.202876 20.282009
6.837362e+09 0.811606 17.411458 17.132965 20.195879
6.824263e+09 0.808976 17.347543 17.063505 20.110208
6.811165e+09 0.806354 17.283834 16.994496 20.024996
6.798066e+09 0.803740 17.220334 16.925934 19.940239
6.784968e+09 0.801133 17.157041 16.857818 19.855937
6.771870e+09 0.798534 17.093957 16.790144 19.772090
6.758771e+09 0.795942 17.031085 16.722916 19.688698
6.745673e+09 0.793358 16.968422 16.656125 19.605757
6.732574e+09 0.790782 16.905968 16.589769 19.523264
6.719476e+09 0.788212 16.843723 16.523846 19.441217
6.706378e+09 0.785650 16.781688 16.458353 19.359615
6.693279e+09 0.783096 16.719862 16.393287 19.278456
6.680181e+09 0.780548 16.658245 16.328647 19.197738
6.667082e+09 0.778008 16.596838 16.264429 19.117459
6.653984e+09 0.775475 16.535635 16.200624 19.037609
6.640886e+09 0.772950 16.474642 16.137237 18.958196
6.627787e+09 0.770431 16.413859 16.074265 18.879217
6.614689e+09 0.767919 16.353286 16.011706 18.800669
6.601590e+09 0.765415 16.292923 15.949557 18.722552
6.588492e+09 0.762918 16.232771 15.887816 18.644864
6.575394e+09 0.760428 16.172829 15.826480 18.567601
6.562295e+09 0.757944 16.113097 15.765547 18.490763
6.549197e+09 0.755468 16.053559 15.704995 18.414327
6.536098e+09 0.752998 15.994231 15.644841 18.338312
6.523000e+09 0.750535 15.935113 15.585082 18.262715
6.509902e+09 0.748079 15.876205 15.525716 18.187535
6.496803e+09 0.745630 15.817507 15.466741 18.112770
6.483705e+09 0.743188 15.759020 15.408153 18.038418
6.470607e+09 0.740753 15.700742 15.349951 17.964476
6.457508e+09 0.738324 15.642673 15.292132 17.890944
6.444410e+09 0.735902 15.584794 15.234670 17.817793
6.431311e+09 0.733486 15.527119 15.177581 17.745040
6.418213e+09 0.731076 15.469653 15.120867 17.672690
6.405115e+09 0.728674 15.412396 15.064527 17.600741
6.392016e+09 0.726278 15.355348 15.008558 17.529191
6.378918e+09 0.723889 15.298509 14.952957 17.458038
6.365819e+09 0.721506 15.241879 14.897722 17.387281
6.352721e+09 0.719130 15.185457 14.842850 17.316916
6.339623e+09 0.716760 15.129226 14.788322 17.246921
6.326524e+09 0.714396 15.073185 14.734134 17.177293
6.313426e+09 0.712039 15.017352 14.680302 17.108053
6.300327e+09 0.709688 14.961726 14.626824 17.039198
6.287229e+09 0.707343 14.906308 14.573699 16.970725
6.274131e+09 0.705005 14.851096 14.520923 16.902634
6.261032e+09 0.702673 14.796092 14.468495 16.834922
6.247934e+09 0.700347 14.741293 14.416411 16.767587
6.234835e+09 0.698028 14.686697 14.364666 16.685432
6.221737e+09 0.695714 14.632267 14.313220 16.601092
6.208639e+09 0.693406 14.578043 14.262112 16.517305
6.195540e+09 0.691104 14.524024 14.211341 16.434067
6.182442e+09 0.688809 14.470210 14.160903 16.351377
6.169343e+09 0.686519 14.416600 14.110797 16.269229
6.156245e+09 0.684236 14.363195 14.061020 16.216646
6.143147e+09 0.681960 14.309993 14.011570 16.169975
6.130048e+09 0.679689 14.256995 13.962444 16.123387
6.116950e+09 0.677423 14.204168 13.913609 16.076849
6.103851e+09 0.675163 14.151525 13.865075 16.030375
6.090753e+09 0.672909 14.099084 13.816859 15.983987
6.077655e+09 0.670661 14.046846 13.768960 15.937685
6.064556e+09 0.668419 13.994808 13.721374 15.891472
6.051458e+09 0.666183 13.942973 13.674101 15.845346
6.038360e+09 0.663953 13.891337 13.627137 15.799310
6.025261e+09 0.661729 13.839902 13.580480 15.753364
6.012163e+09 0.659510 13.788665 13.534127 15.707505
5.999064e+09 0.657296 13.737572 13.488022 15.661677
5.985966e+09 0.655088 13.686678 13.442218 15.615940
5.972868e+09 0.652885 13.635983 13.396714 15.570297
5.959769e+09 0.650689 13.585486 13.351508 15.524747
5.946671e+09 0.648498 13.535188 13.306597 15.479291
5.933572e+09 0.646313 13.485086 13.261979 15.433929
5.920474e+09 0.644134 13.435181 13.217653 15.388663
5.907376e+09 0.641961 13.385473 13.173615 15.343493
5.894277e+09 0.639792 13.335937 13.129842 15.298392
5.881179e+09 0.637628 13.286556 13.086314 15.253344
5.868080e+09 0.635469 13.237370 13.043070 15.208394
5.854982e+09 0.633317 13.188380 13.000108 15.163542
5.841884e+09 0.631169 13.139583 12.957426 15.118789
5.828785e+09 0.629028 13.090980 12.915021 15.074136
5.815687e+09 0.626892 13.042570 12.872892 15.029582
5.802588e+09 0.624762 12.994353 12.831037 14.985129
5.789490e+09 0.622637 12.946328 12.789454 14.940776
5.776392e+09 0.620516 12.898452 12.748100 14.896477
5.763293e+09 0.618400 12.850740 12.706988 14.852250
5.750195e+09 0.616289 12.803219 12.666143 14.808125
5.737096e+09 0.614184 12.755888 12.625563 14.764103
5.723998e+09 0.612084 12.708748 12.585246 14.720184
5.710900e+09 0.609990 12.661796 12.545189 14.676369
5.697801e+09 0.607901 12.615033 12.505393 14.632658
5.684703e+09 0.605818 12.568458 12.465853 14.589051
5.671604e+09 0.603740 12.522071 12.426569 14.545550
5.658506e+09 0.601665 12.475813 12.387485 14.502089
5.645408e+09 0.599595 12.429725 12.348637 14.458714
5.632309e+09 0.597531 12.383823 12.310039 14.415445
5.619211e+09 0.595471 12.338107 12.271691 14.372282
5.606113e+09 0.593417 12.292576 12.233590 14.329227
5.593014e+09 0.591369 12.247229 12.195734 14.286278
5.579916e+09 0.589325 12.202066 12.158122 14.243437
5.566817e+09 0.587287 12.157087 12.120752 14.200704
5.553719e+09 0.585254 12.112290 12.083622 14.158078
5.540621e+09 0.583223 12.067610 12.046670 14.115487
5.527522e+09 0.581198 12.023099 12.009943 14.072988
5.514424e+09 0.579177 11.978769 11.973451 14.030599
5.501325e+09 0.577162 11.934620 11.934620 13.988319
5.488227e+09 0.575152 11.890651 11.890651 13.946148
5.475129e+09 0.573147 11.846862 11.846862 13.904087
5.462030e+09 0.571147 11.803252 11.803252 13.862137
5.448932e+09 0.569152 11.759820 11.759820 13.820296
5.435833e+09 0.567162 11.716566 11.716566 13.778566
5.422735e+09 0.565175 11.673423 11.673423 13.736870
5.409637e+09 0.563192 11.630441 11.630441 13.695266
5.396538e+09 0.561214 11.587635 11.587635 13.653773
5.383440e+09 0.559241 11.545005 11.545005 13.612392
5.370341e+09 0.557273 11.502551 11.502551 13.571122
5.357243e+09 0.555310 11.460271 11.460271 13.529965
5.344145e+09 0.553352 11.418165 11.418165 13.488918
5.331046e+09 0.551399 11.376233 11.376233 13.447984
5.317948e+09 0.549450 11.334473 11.334473 13.407162
5.304849e+09 0.547505 11.292828 11.292828 13.366385
5.291751e+09 0.545563 11.251326 11.251326 13.325688
5.278653e+09 0.543626 11.209996 11.209996 13.285103
5.265554e+09 0.541694 11.168837 11.168837 13.244632
5.252456e+09 0.539766 11.127849 11.127849 13.204274
5.239358e+09 0.537844 11.087030 11.087030 13.164028
5.226259e+09 0.535926 11.046380 11.046380 13.123896
5.213161e+09 0.534013 11.005899 11.005899 13.083877
5.200062e+09 0.532105 10.965586 10.965586 13.043972
5.186964e+09 0.530200 10.925398 10.925398 13.004131
5.173866e+09 0.528297 10.885329 10.885329 12.964348
5.160767e+09 0.526400 10.845427 10.845427 12.924678
5.147669e+09 0.524507 10.805691 10.805691 12.885123
5.134570e+09 0.522618 10.766120 10.766120 12.845682
5.121472e+09 0.520735 10.726714 10.726714 12.806355
5.108374e+09 0.518856 10.687472 10.687472 12.767142
5.095275e+09 0.516981 10.648394 10.648394 12.728042
5.082177e+09 0.515112 10.609479 10.609479 12.689057
5.069078e+09 0.513246 10.570710 10.570710 12.650167
5.055980e+09 0.511382 10.532026 10.532026 12.611301
5.042882e+09 0.509522 10.493504 10.493504 12.572550
5.029783e+09 0.507667 10.455143 10.455143 12.533913
5.016685e+09 0.505816 10.416942 10.416942 12.495391
5.003586e+09 0.503970 10.378901 10.378901 12.456983
4.990488e+09 0.502129 10.341020 10.341020 12.418689
4.977390e+09 0.500291 10.303296 10.303296 12.380510
4.964291e+09 0.498459 10.265731 10.265731 12.342444
4.951193e+09 0.496631 10.228323 10.228323 12.304493
4.938094e+09 0.494804 10.190998 10.190998 12.266568
4.924996e+09 0.492981 10.153808 10.153808 12.228734
4.911898e+09 0.491162 10.116775 10.116775 12.191015
4.898799e+09 0.489348 10.079897 10.079897 12.153409
4.885701e+09 0.487538 10.043174 10.043174 12.115919
4.872602e+09 0.485732 10.006606 10.006606 12.078542
4.859504e+09 0.483931 9.970191 9.955723 12.041280
4.846406e+09 0.482134 9.933929 9.884422 12.004131
4.833307e+09 0.480342 9.897819 9.813763 11.967097
4.820209e+09 0.478552 9.861831 9.743685 11.930141
4.807111e+09 0.476764 9.825928 9.674119 11.893219
4.794012e+09 0.474980 9.790176 9.605180 11.856412
4.780914e+09 0.473201 9.754574 9.536860 11.819720
4.767815e+09 0.471426 9.719123 9.469154 11.783141
4.754717e+09 0.469655 9.683821 9.402056 11.746676
4.741619e+09 0.467888 9.648668 9.335559 11.710325
4.728520e+09 0.466126 9.613664 9.269657 11.674088
4.715422e+09 0.464368 9.578806 9.204345 11.637964
4.702323e+09 0.462614 9.544096 9.139616 11.601953
4.689225e+09 0.460861 9.509458 9.075338 11.565967
4.676127e+09 0.459111 9.474942 9.011593 11.530066
4.663028e+09 0.457365 9.440571 8.948416 11.494279
4.649930e+09 0.455624 9.406346 8.885802 11.458604
4.636831e+09 0.453886 9.372266 8.823745 11.423044
4.623733e+09 0.452153 9.338330 8.762240 11.387596
4.610635e+09 0.450424 9.304537 8.701282 11.352261
4.597536e+09 0.448699 9.270887 8.640864 11.317038
4.584438e+09 0.446978 9.237379 8.580981 11.281929
4.571339e+09 0.445261 9.204002 8.521611 11.246919
4.558241e+09 0.443544 9.170677 8.462618 11.211914
4.545143e+09 0.441830 9.137493 8.404148 11.177022
4.532044e+09 0.440121 9.104450 8.346195 11.142243
4.518946e+09 0.438416 9.071547 8.288753 11.107576
4.505847e+09 0.436715 9.038783 8.231817 11.073021
4.492749e+09 0.435018 9.006159 8.175382 11.038578
4.479651e+09 0.433325 8.973672 8.119443 11.004247
4.466552e+09 0.431636 8.941323 8.063995 10.970027
4.453454e+09 0.429951 8.909111 8.009033 10.935919
4.440355e+09 0.428268 8.876998 7.954492 10.901876
4.427257e+09 0.426586 8.844957 7.900330 10.867869
4.414159e+09 0.424908 8.813053 7.846643 10.833973
4.401060e+09 0.423234 8.781284 7.793424 10.800188
4.387962e+09 0.421564 8.749650 7.740670 10.766514
4.374864e+09 0.419898 8.718150 7.688376 10.732951
4.361765e+09 0.418235 8.686784 7.636537 10.699499
4.348667e+09 0.416577 8.655551 7.585149 10.666156
4.335568e+09 0.414922 8.624450 7.534207 10.632924
4.322470e+09 0.413272 8.593482 7.483707 10.599802
4.309372e+09 0.411622 8.562588 7.433558 10.566721
4.296273e+09 0.409974 8.531781 7.383776 10.533695
4.283175e+09 0.408330 8.501104 7.334425 10.500780
4.270076e+09 0.406690 8.470558 7.285501 10.467973
4.256978e+09 0.405054 8.440141 7.236999 10.435277
4.243880e+09 0.403421 8.409854 7.188916 10.402689
4.230781e+09 0.401793 8.379696 7.141246 10.370211
4.217683e+09 0.400168 8.349666 7.093986 10.337841
4.204584e+09 0.398547 8.319764 7.047131 10.305579
4.191486e+09 0.396929 8.289988 7.000678 10.273426
4.178388e+09 0.395312 8.260272 6.954526 10.241299
4.165289e+09 0.393697 8.230647 6.908719 10.209238
4.152191e+09 0.392086 8.201148 6.863303 10.177285
4.139092e+09 0.390478 8.171775 6.818276 10.145440
4.125994e+09 0.388874 8.142527 6.773633 10.113703
4.112896e+09 0.387274 8.113403 6.729370 10.082073
4.099797e+09 0.385678 8.084404 6.685484 10.050550
4.086699e+09 0.384085 8.055527 6.641971 10.019134
4.073600e+09 0.382496 8.026774 6.598828 9.987825
4.060502e+09 0.380911 7.998142 6.556049 9.956622
4.047404e+09 0.379325 7.969564 6.513538 9.925441
4.034305e+09 0.377742 7.941073 6.471339 9.894326
4.021207e+09 0.376162 7.912704 6.429497 9.863317
4.008108e+09 0.374586 7.884456 6.388009 9.832414
3.995010e+09 0.373014 7.856328 6.346871 9.801617
3.981912e+09 0.371445 7.828320 6.306080 9.770925
3.968813e+09 0.369879 7.800431 6.265631 9.740338
3.955715e+09 0.368318 7.772661 6.225522 9.709857
3.942617e+09 0.366759 7.745009 6.185749 9.679480
3.929518e+09 0.365205 7.717474 6.146310 9.649207
3.916420e+09 0.363650 7.689995 6.107118 9.618963
3.903321e+09 0.362098 7.662592 6.068199 9.588774
3.890223e+09 0.360548 7.635306 6.029606 9.558689
3.877125e+09 0.359002 7.608136 5.991335 9.528708
3.864026e+09 0.357460 7.581082 5.953383 9.498830
3.850928e+09 0.355921 7.554144 5.915747 9.469056
3.837829e+09 0.354386 7.527320 5.878423 9.439386
3.824731e+09 0.352854 7.500610 5.841410 9.409818
3.811633e+09 0.351326 7.474014 5.804703 9.380352
3.798534e+09 0.349801 7.447531 5.768299 9.350990
3.785436e+09 0.348277 7.421115 5.732137 9.321672
3.772337e+09 0.346753 7.394754 5.696203 9.292387
3.759239e+09 0.345233 7.368507 5.660565 9.263205
3.746141e+09 0.343717 7.342371 5.625221 9.234125
3.733042e+09 0.342204 7.316346 5.590168 9.205146
3.719944e+09 0.340694 7.290433 5.555403 9.176269
3.706845e+09 0.339187 7.264629 5.520924 9.147493
3.693747e+09 0.337684 7.238936 5.486727 9.118817
3.680649e+09 0.336185 7.213352 5.452811 9.090242
3.667550e+09 0.334688 7.187877 5.419171 9.061767
3.654452e+09 0.333194 7.162488 5.385779 9.033365
3.641353e+09 0.331699 7.137127 5.352561 9.004964
3.628255e+09 0.330207 7.111875 5.319614 8.976663
3.615157e+09 0.328719 7.086730 5.286936 8.948462
3.602058e+09 0.327234 7.061692 5.254523 8.920360
3.588960e+09 0.325752 7.036761 5.222374 8.892358
3.575861e+09 0.324274 7.011936 5.190486 8.864454
3.562763e+09 0.322798 6.987217 5.158856 8.836649
3.549665e+09 0.321326 6.962603 5.127482 8.808943
3.536566e+09 0.319858 6.938094 5.096361 8.781334
3.523468e+09 0.318392 6.913689 5.065491 8.753823
3.510370e+09 0.316925 6.889295 5.034761 8.726295
3.497271e+09 0.315461 6.864996 5.004267 8.698853
3.484173e+09 0.314000 6.840801 4.974019 8.671509
3.471074e+09 0.312542 6.816709 4.944014 8.644263
3.457976e+09 0.311087 6.792719 4.914250 8.617113
3.444878e+09 0.309635 6.768832 4.884725 8.590060
3.431779e+09 0.308187 6.745046 4.855435 8.563103
3.418681e+09 0.306742 6.721362 4.826380 8.536242
3.405582e+09 0.305300 6.697778 4.797557 8.509477
3.392484e+09 0.303861 6.674295 4.768963 8.482807
3.379386e+09 0.302423 6.650859 4.740537 8.456168
3.366287e+09 0.300984 6.627474 4.712282 8.429563
3.353189e+09 0.299549 6.604188 4.684252 8.403054
3.340090e+09 0.298118 6.581002 4.656444 8.376640
3.326992e+09 0.296689 6.557915 4.628857 8.350320
3.313894e+09 0.295263 6.534926 4.601488 8.324095
3.300795e+09 0.293841 6.512035 4.574336 8.297964
3.287697e+09 0.292422 6.489241 4.547398 8.271927
3.274598e+09 0.291005 6.466544 4.520673 8.245983
3.261500e+09 0.289592 6.443944 4.494158 8.220132
3.248402e+09 0.288182 6.421435 4.467845 8.194368
3.235303e+09 0.286769 6.398925 4.441635 8.168578
3.222205e+09 0.285360 6.376512 4.415631 8.142881
3.209106e+09 0.283953 6.354195 4.389831 8.137508
3.196008e+09 0.282550 6.331972 4.364233 8.143709
3.182910e+09 0.281149 6.309844 4.338835 8.149945
3.169811e+09 0.279752 6.287810 4.313636 8.156216
3.156713e+09 0.278358 6.265869 4.288634 8.162521
3.143615e+09 0.276966 6.244022 4.263826 8.168862
3.130516e+09 0.275578 6.222268 4.239211 8.175238
3.117418e+09 0.274193 6.200606 4.214787 8.181648
3.104319e+09 0.272808 6.178986 4.190499 8.188096
3.091221e+09 0.271423 6.157408 4.166348 8.194580
3.078123e+09 0.270040 6.135923 4.142384 8.201100
3.065024e+09 0.268661 6.114528 4.118606 8.207655
3.051926e+09 0.267285 6.093225 4.095012 8.214245
3.038827e+09 0.265912 6.072013 4.071599 8.220870
3.025729e+09 0.264542 6.050890 4.048367 8.227531
3.012631e+09 0.263175 6.029857 4.025314 8.234226
2.999532e+09 0.261810 6.008913 4.002439 8.240957
2.986434e+09 0.260449 5.988059 3.979738 8.247723
2.973335e+09 0.259091 5.967292 3.957211 8.254524
2.960237e+09 0.257730 5.946527 3.934769 8.261365
2.947139e+09 0.256371 5.925839 3.912486 8.268242
2.934040e+09 0.255016 5.905239 3.890374 8.275154
2.920942e+09 0.253663 5.884726 3.868431 8.282101
2.907843e+09 0.252313 5.864300 3.846655 8.289085
2.894745e+09 0.250966 5.843961 3.825046 8.296103
2.881647e+09 0.249622 5.823709 3.803600 8.295665
2.868548e+09 0.248281 5.803542 3.782317 8.276154
2.855450e+09 0.246943 5.783461 3.761196 8.256714
2.842351e+09 0.245608 5.763464 3.740234 8.237346
2.829253e+09 0.244274 5.743535 3.719414 8.218029
2.816155e+09 0.242938 5.723611 3.698672 8.198693
2.803056e+09 0.241605 5.703771 3.678088 8.179429
2.789958e+09 0.240275 5.684016 3.657658 8.160239
2.776859e+09 0.238948 5.664345 3.637383 8.141122
2.763761e+09 0.237624 5.644757 3.617261 8.122079
2.750663e+09 0.236302 5.625252 3.597289 8.103108
2.737564e+09 0.234984 5.605829 3.577468 8.084211
2.724466e+09 0.233668 5.586489 3.557795 8.065386
2.711368e+09 0.232355 5.567231 3.538269 8.046633
2.698269e+09 0.231044 5.548054 3.518889 8.027953
2.685171e+09 0.229734 5.528919 3.499616 8.009298
2.672072e+09 0.228423 5.509809 3.480433 7.990649
2.658974e+09 0.227115 5.490779 3.461394 7.972072
2.645876e+09 0.225810 5.471831 3.442496 7.953568
2.632777e+09 0.224507 5.452962 3.423738 7.935135
2.619679e+09 0.223208 5.434174 3.405120 7.916774
2.606580e+09 0.221911 5.415465 3.386641 7.898484
2.593482e+09 0.220616 5.396835 3.368298 7.880264
2.580384e+09 0.219325 5.378284 3.350090 7.862116
2.567285e+09 0.218036 5.359811 3.332017 7.844038
2.554187e+09 0.216750 5.341417 3.314077 7.826030
2.541088e+09 0.215463 5.323047 3.296221 7.808030
2.527990e+09 0.214176 5.304713 3.278457 7.790050
2.514892e+09 0.212892 5.286457 3.260825 7.772141
2.501793e+09 0.211611 5.268279 3.243322 7.754302
2.488695e+09 0.210332 5.250177 3.225948 7.736532
2.475596e+09 0.209056 5.232152 3.208701 7.718831
2.462498e+09 0.207782 5.214203 3.191581 7.701199
2.449400e+09 0.206512 5.196330 3.174585 7.683636
2.436301e+09 0.205244 5.178532 3.157714 7.666141
2.423203e+09 0.203978 5.160809 3.140966 7.648715
2.410104e+09 0.202716 5.143162 3.124339 7.631355
2.397006e+09 0.201451 5.125528 3.107780 7.613993
2.383908e+09 0.200188 5.107936 3.091311 7.596659
2.370809e+09 0.198927 5.090419 3.074962 7.579393
2.357711e+09 0.197668 5.072976 3.058732 7.562194
2.344612e+09 0.196412 5.055606 3.042620 7.545062
2.331514e+09 0.195159 5.038310 3.026625 7.527997
2.318416e+09 0.193909 5.021086 3.010745 7.510999
2.305317e+09 0.192661 5.003935 2.994979 7.494066
2.292219e+09 0.191416 4.986857 2.979327 7.477199
2.279121e+09 0.190173 4.969850 2.963788 7.460398
2.266022e+09 0.188933 4.952915 2.948360 7.443662
2.252924e+09 0.187691 4.935992 2.932991 7.426920
2.239825e+09 0.186450 4.919108 2.917705 7.410206
2.226727e+09 0.185211 4.902296 2.902529 7.393558
2.213629e+09 0.183975 4.885555 2.887461 7.376973
2.200530e+09 0.182741 4.868884 2.872502 7.360454
2.187432e+09 0.181510 4.852284 2.857649 7.343999
2.174333e+09 0.180282 4.835753 2.842903 7.327607
2.161235e+09 0.179056 4.819292 2.828261 7.311280
2.148137e+09 0.177833 4.802900 2.813723 7.295015
2.135038e+09 0.176612 4.786578 2.799289 7.278814
2.121940e+09 0.175394 4.770323 2.784957 7.262675
2.108841e+09 0.174174 4.754084 2.770682 7.246536
2.095743e+09 0.172955 4.737877 2.756477 7.230416
2.082645e+09 0.171737 4.721738 2.742373 7.214359
2.069546e+09 0.170523 4.705667 2.728369 7.198364
2.056448e+09 0.169311 4.689664 2.714464 7.182431
2.043349e+09 0.168101 4.673728 2.700657 7.166560
2.030251e+09 0.166894 4.657859 2.686947 7.150751
2.017153e+09 0.165690 4.642057 2.673333 7.135002
2.004054e+09 0.164487 4.626321 2.659815 7.119315
1.990956e+09 0.163288 4.610651 2.646392 7.103688
1.977857e+09 0.162091 4.595047 2.633063 7.088122
1.964759e+09 0.160893 4.579468 2.619794 7.072567
1.951661e+09 0.159694 4.563907 2.606579 7.057016
1.938562e+09 0.158498 4.548411 2.593457 7.041525
1.925464e+09 0.157304 4.532980 2.580426 7.026094
1.912365e+09 0.156113 4.517615 2.567486 7.010723
1.899267e+09 0.154924 4.502314 2.554637 6.995412
1.886169e+09 0.153738 4.487077 2.541877 6.980159
1.873070e+09 0.152554 4.471904 2.529205 6.964966
1.859972e+09 0.151372 4.456795 2.516622 6.953643
1.846874e+09 0.150193 4.441749 2.504125 6.946166
1.833775e+09 0.149016 4.426766 2.491715 6.938736
1.820677e+09 0.147840 4.411822 2.479372 6.931338
1.807578e+09 0.146662 4.396878 2.467064 6.923944
1.794480e+09 0.145486 4.381997 2.454842 6.916598
1.781382e+09 0.144312 4.367178 2.442704 6.909298
1.768283e+09 0.143141 4.352421 2.430649 6.902044
1.755185e+09 0.141972 4.337727 2.418678 6.894837
1.742086e+09 0.140806 4.323094 2.406788 6.887675
1.728988e+09 0.139642 4.308522 2.394981 6.880560
1.715890e+09 0.138480 4.294011 2.383254 6.873490
1.702791e+09 0.137321 4.279561 2.371607 6.866465
1.689693e+09 0.136164 4.265171 2.360040 6.859485
1.676594e+09 0.135009 4.250842 2.348552 6.852550
1.663496e+09 0.133851 4.236487 2.337077 6.845603
1.650398e+09 0.132694 4.222193 2.325680 6.838701
1.637299e+09 0.131540 4.207959 2.314361 6.831843
1.624201e+09 0.130388 4.193784 2.303119 6.825030
1.611102e+09 0.129239 4.179669 2.291954 6.818261
1.598004e+09 0.128092 4.165613 2.280864 6.811536
1.584906e+09 0.126947 4.151615 2.269849 6.804854
1.571807e+09 0.125805 4.137676 2.258909 6.798216
1.558709e+09 0.124665 4.123795 2.248043 6.791621
1.545610e+09 0.123527 4.109973 2.237251 6.785069
1.532512e+09 0.122391 4.096207 2.226530 6.778560
1.519414e+09 0.121254 4.082444 2.215841 6.772057
1.506315e+09 0.120116 4.068711 2.205203 6.765578
1.493217e+09 0.118981 4.055035 2.194636 6.759142
1.480118e+09 0.117848 4.041417 2.184141 6.752748
1.467020e+09 0.116718 4.027855 2.173717 6.746396
1.453922e+09 0.115589 4.014350 2.163362 6.740086
1.440823e+09 0.114463 4.000902 2.153077 6.733818
1.427725e+09 0.113340 3.987509 2.142860 6.727592
1.414627e+09 0.112218 3.974173 2.132711 6.721406
1.401528e+09 0.111099 3.960892 2.122631 6.715262
1.388430e+09 0.109982 3.947666 2.112617 6.709158
1.375331e+09 0.108865 3.934473 2.102653 6.703081
1.362233e+09 0.107746 3.921276 2.092713 6.697005
1.349135e+09 0.106629 3.908134 2.082840 6.690971
1.336036e+09 0.105515 3.895047 2.073032 6.684977
1.322938e+09 0.104402 3.882015 2.063289 6.679023
1.309839e+09 0.103292 3.869037 2.053610 6.673109
1.296741e+09 0.102184 3.856113 2.043996 6.667236
1.283643e+09 0.101078 3.843243 2.034445 6.661401
1.270544e+09 0.099975 3.830427 2.024957 6.655607
1.257446e+09 0.098874 3.817664 2.015532 6.649851
1.244347e+09 0.097775 3.804954 2.006168 6.644135
1.231249e+09 0.096678 3.792296 1.996866 6.638457
1.218151e+09 0.095578 3.779627 1.987580 6.632776
1.205052e+09 0.094478 3.766995 1.978344 6.627125
1.191954e+09 0.093381 3.754417 1.969168 6.621513
1.178855e+09 0.092287 3.741890 1.960053 6.615939
1.165757e+09 0.091194 3.729416 1.950998 6.610404
1.152659e+09 0.090104 3.716994 1.942002 6.604906
1.139560e+09 0.089016 3.704624 1.933064 6.599447
1.126462e+09 0.087930 3.692304 1.924185 6.594026
1.113363e+09 0.086846 3.680036 1.915364 6.588642
1.100265e+09 0.085764 3.667819 1.906600 6.583295
1.087167e+09 0.084684 3.655653 1.897893 6.577986
1.074068e+09 0.083605 3.643514 1.889226 6.572699
1.060970e+09 0.082523 3.631370 1.880578 6.567414
1.047872e+09 0.081443 3.619278 1.871986 6.562167
1.034773e+09 0.080366 3.607235 1.863450 6.556956
1.021675e+09 0.079290 3.595243 1.854970 6.551782
1.008576e+09 0.078217 3.583301 1.846544 6.546645
9.954779e+08 0.077146 3.571408 1.838172 6.541544
9.823795e+08 0.076076 3.559564 1.829855 6.536480
9.692811e+08 0.075009 3.547770 1.821591 6.531451
9.561827e+08 0.073945 3.536024 1.813380 6.526459
9.430844e+08 0.072882 3.524327 1.805222 6.521502
9.299860e+08 0.071821 3.512678 1.797116 6.516580
9.168876e+08 0.070758 3.501024 1.789025 6.511660
9.037892e+08 0.069695 3.489396 1.780972 6.506762
8.906908e+08 0.068634 3.477816 1.772970 6.501899
8.775924e+08 0.067575 3.466285 1.765020 6.497072
8.644940e+08 0.066518 3.454801 1.757121 6.492280
8.513956e+08 0.065463 3.443365 1.749272 6.487522
8.382972e+08 0.064410 3.431976 1.741473 6.482800
8.251988e+08 0.063360 3.420635 1.733724 6.478112
8.121004e+08 0.062311 3.409340 1.726024 6.473458
7.990020e+08 0.061265 3.398092 1.718372 6.468839
7.859036e+08 0.060220 3.386890 1.710770 6.464254
7.728052e+08 0.059177 3.375730 1.703211 6.459699
7.597068e+08 0.058130 3.364546 1.695656 6.455136
7.466084e+08 0.057085 3.353409 1.688149 6.450606
7.335101e+08 0.056042 3.342319 1.680689 6.446111
7.204117e+08 0.055001 3.331274 1.673276 6.441650
7.073133e+08 0.053963 3.320275 1.665910 6.442408
6.942149e+08 0.052926 3.309321 1.658591 6.445427
6.811165e+08 0.051891 3.298413 1.651317 6.448449
6.680181e+08 0.050858 3.287550 1.644089 6.451475
6.549197e+08 0.049828 3.276731 1.636907 6.454505
6.418213e+08 0.048799 3.265957 1.629770 6.457537
6.287229e+08 0.047773 3.255228 1.622677 6.460574
6.156245e+08 0.046745 3.244516 1.615611 6.463613
6.025261e+08 0.045716 3.233803 1.608561 6.466656
5.894277e+08 0.044689 3.223134 1.601554 6.469703
5.763293e+08 0.043663 3.212509 1.594592 6.472752
5.632309e+08 0.042640 3.201928 1.587673 6.475806
5.501325e+08 0.041619 3.191391 1.580797 6.478862
5.370341e+08 0.040599 3.180897 1.573964 6.481922
5.239358e+08 0.039582 3.170447 1.567174 6.484985
5.108374e+08 0.038567 3.160039 1.560425 6.488052
4.977390e+08 0.037553 3.149675 1.553719 6.491121
4.846406e+08 0.036542 3.139353 1.547054 6.494194
4.715422e+08 0.035533 3.129073 1.540430 6.497271
4.584438e+08 0.034521 3.118793 1.533820 6.500350
4.453454e+08 0.033509 3.108528 1.527233 6.503433
4.322470e+08 0.032498 3.098305 1.520688 6.506519
4.191486e+08 0.031490 3.088124 1.514183 6.509609
4.060502e+08 0.030484 3.077985 1.507718 6.512701
3.929518e+08 0.029480 3.067889 1.501293 6.515797
3.798534e+08 0.028477 3.057833 1.494908 6.518896
3.667550e+08 0.027477 3.047819 1.488561 6.521998
3.536566e+08 0.026478 3.037846 1.482254 6.525104
3.405582e+08 0.025482 3.027915 1.475985 6.528212
3.274598e+08 0.024487 3.018024 1.469755 6.531324
3.143615e+08 0.023494 3.008173 1.463562 6.534439
3.012631e+08 0.022498 2.998308 1.457374 6.537557
2.881647e+08 0.021502 2.988470 1.451216 6.540678
2.750663e+08 0.020509 2.978673 1.445094 6.543802
2.619679e+08 0.019517 2.968916 1.439011 6.546930
2.488695e+08 0.018527 2.959199 1.432964 6.550060
2.357711e+08 0.017539 2.949521 1.426954 6.553194
2.226727e+08 0.016553 2.939884 1.420981 6.556331
2.095743e+08 0.015569 2.930286 1.415044 6.559470
1.964759e+08 0.014587 2.920728 1.409143 6.562613
1.833775e+08 0.013607 2.911209 1.403277 6.565759
1.702791e+08 0.012628 2.901729 1.397447 6.568908
1.571807e+08 0.011652 2.892287 1.391652 6.572061
1.440823e+08 0.010671 2.882823 1.385855 6.575216
1.309839e+08 0.009692 2.873392 1.380091 6.578374
1.178855e+08 0.008714 2.864000 1.374361 6.581535
1.047872e+08 0.007738 2.854647 1.368665 6.584700
9.168876e+07 0.006764 2.845332 1.363004 6.587867
7.859036e+07 0.005792 2.836055 1.357377 6.591037
6.549197e+07 0.004822 2.826817 1.351784 6.594211
5.239358e+07 0.003854 2.817616 1.346224 6.597387
3.929518e+07 0.002888 2.808453 1.340698 6.600567
2.619679e+07 0.001923 2.799327 1.335204 6.603749
1.309839e+07 0.000961 2.790239 1.329743 6.606934
