1.309839e+10 9.000000 0.000000 0.000000 0.124484
1.308530e+10 8.847726 0.000000 0.000000 0.098641
1.307220e+10 8.701050 0.000000 0.000000 0.094544
1.305910e+10 8.559660 0.000000 0.000000 0.092304
1.304600e+10 8.423368 0.000000 0.000000 0.090823
1.303290e+10 8.291842 0.000000 0.000000 0.089756
1.301980e+10 8.164779 0.000000 0.000000 0.088948
1.300671e+10 8.041947 0.000000 0.000000 0.088319
1.299361e+10 7.923131 0.000000 0.000000 0.087820
1.298051e+10 7.808144 0.000000 0.000000 0.087419
1.296741e+10 7.696830 0.000000 0.000000 0.087096
1.295431e+10 7.588952 0.000000 0.000000 0.086836
1.294121e+10 7.484347 0.000000 0.000000 0.086627
1.292811e+10 7.382859 0.000000 0.000000 0.086461
1.291502e+10 7.284344 0.000000 0.000000 0.086331
1.290192e+10 7.188666 0.000000 0.000000 0.086233
1.288882e+10 7.095696 0.000000 0.000000 0.086163
1.287572e+10 7.005312 0.000000 0.000000 0.086116
1.286262e+10 6.917401 0.000000 0.000000 0.086091
1.284952e+10 6.831855 0.000000 0.000000 0.086085
1.283643e+10 6.748572 0.000000 0.000000 0.086096
1.282333e+10 6.667456 0.000000 0.000000 0.086122
1.281023e+10 6.588431 0.000000 0.000000 0.086162
1.279713e+10 6.511436 0.000000 0.000000 0.086215
1.278403e+10 6.436355 0.000000 0.000000 0.086280
1.277093e+10 6.363109 0.000000 0.000000 0.086356
1.275784e+10 6.291625 0.000000 0.000000 0.086441
1.274474e+10 6.221832 0.000000 0.000000 0.086536
1.273164e+10 6.153665 0.000000 0.000000 0.086640
1.271854e+10 6.087102 0.000000 0.000000 0.086751
1.270544e+10 6.022088 0.000000 0.000000 0.086871
1.269234e+10 5.958522 0.000000 0.000000 0.086997
1.267925e+10 5.896348 0.000000 0.000000 0.087130
1.266615e+10 5.835515 0.000000 0.000000 0.087270
1.265305e+10 5.776057 0.000000 0.000000 0.087415
1.263995e+10 5.717866 0.000000 0.000000 0.087566
1.262685e+10 5.660874 0.000000 0.000000 0.087723
1.261375e+10 5.605040 0.000000 0.000000 0.087885
1.260065e+10 5.550427 0.000000 0.000000 0.088052
1.258756e+10 5.496902 0.000000 0.000000 0.088223
1.257446e+10 5.444416 0.000000 0.000000 0.088399
1.256136e+10 5.392990 0.000000 0.000000 0.088580
1.254826e+10 5.342602 0.000000 0.000000 0.088764
1.253516e+10 5.293149 0.000000 0.000000 0.088953
1.252206e+10 5.244640 0.000000 0.000000 0.089145
1.250897e+10 5.197097 0.000000 0.000000 0.089342
1.249587e+10 5.150398 0.000000 0.000000 0.089542
1.248277e+10 5.104567 0.000000 0.000000 0.089745
1.246967e+10 5.059611 0.000000 0.000000 0.089953
1.245657e+10 5.015419 0.000000 0.000000 0.090163
1.244347e+10 4.972050 0.000000 0.000000 0.090376
1.243038e+10 4.929453 0.000000 0.000000 0.090593
1.241728e+10 4.887546 0.000000 0.000000 0.090813
1.240418e+10 4.846450 0.000000 0.000000 0.091036
1.239108e+10 4.806006 0.000000 0.000000 0.091262
1.237798e+10 4.766255 0.000000 0.000000 0.091490
1.236488e+10 4.727194 0.000000 0.000000 0.091722
1.235179e+10 4.688723 0.000000 0.000000 0.091956
1.233869e+10 4.650970 0.000000 0.000000 0.092193
1.232559e+10 4.613770 0.000000 0.000000 0.092433
1.231249e+10 4.577204 0.000000 0.000000 0.092675
1.229939e+10 4.541209 0.000000 0.000000 0.092920
1.228629e+10 4.505773 0.000000 0.000000 0.093167
1.227319e+10 4.470921 0.000000 0.000000 0.093417
1.226010e+10 4.436563 0.000000 0.000000 0.093669
1.224700e+10 4.402796 0.000000 0.000000 0.093923
1.223390e+10 4.369472 0.000000 0.000000 0.094180
1.222080e+10 4.336729 0.000000 0.000000 0.094440
1.220770e+10 4.304408 0.000000 0.000000 0.094701
1.219460e+10 4.272625 0.000000 0.000000 0.094965
1.218151e+10 4.241257 0.000000 0.000000 0.095231
1.216841e+10 4.210391 0.000000 0.000000 0.095500
1.215531e+10 4.179930 0.000000 0.000000 0.095770
1.214221e+10 4.149942 0.000000 0.000000 0.096043
1.212911e+10 4.120344 0.000000 0.000000 0.096318
1.211601e+10 4.091197 0.000000 0.000000 0.096595
1.210292e+10 4.062421 0.000000 0.000000 0.096874
1.208982e+10 4.034080 0.000000 0.000000 0.097155
1.207672e+10 4.006087 0.000000 0.000000 0.097439
1.206362e+10 3.978520 0.000000 0.000000 0.097724
1.205052e+10 3.951272 0.000000 0.000000 0.098011
1.203742e+10 3.924447 0.000000 0.000000 0.098301
1.202433e+10 3.897912 0.000000 0.000000 0.098593
1.201123e+10 3.871800 0.000000 0.000000 0.098886
1.199813e+10 3.845965 0.000000 0.000000 0.099182
1.198503e+10 3.820516 0.000000 0.000000 0.099479
1.197193e+10 3.795355 0.000000 0.000000 0.099779
1.195883e+10 3.770540 0.000000 0.000000 0.100080
1.194574e+10 3.746027 0.000000 0.000000 0.100384
1.193264e+10 3.721816 0.000000 0.000000 0.100689
1.191954e+10 3.697926 0.000000 0.000000 0.100997
1.190644e+10 3.674294 0.000000 0.000000 0.101306
1.189334e+10 3.651005 0.000000 0.000000 0.101617
1.188024e+10 3.627947 0.000000 0.000000 0.101931
1.186714e+10 3.605214 0.000000 0.000000 0.102246
1.185405e+10 3.582725 0.000000 0.000000 0.102563
1.184095e+10 3.560509 0.000000 0.000000 0.102882
1.182785e+10 3.538569 0.000000 0.000000 0.103203
1.181475e+10 3.516848 0.000000 0.000000 0.103526
1.180165e+10 3.495436 0.000000 0.000000 0.103850
1.178855e+10 3.474227 0.000000 0.000000 0.104177
1.177546e+10 3.453288 0.000000 0.000000 0.104506
1.176236e+10 3.432582 0.000000 0.000000 0.104836
1.174926e+10 3.412087 0.000000 0.000000 0.105168
1.173616e+10 3.391866 0.000000 0.000000 0.105503
1.172306e+10 3.371830 0.000000 0.000000 0.105839
1.170996e+10 3.352044 0.000000 0.000000 0.106177
1.169687e+10 3.332470 0.000000 0.000000 0.106517
1.168377e+10 3.313083 0.000000 0.000000 0.106859
1.167067e+10 3.293956 0.000000 0.000000 0.107202
1.165757e+10 3.274998 0.000000 0.000000 0.107548
1.164447e+10 3.256256 0.000000 0.000000 0.107895
1.163137e+10 3.237724 0.000000 0.000000 0.108245
1.161828e+10 3.219353 0.000000 0.000000 0.108596
1.160518e+10 3.201221 0.000000 0.000000 0.108949
1.159208e+10 3.183256 0.000000 0.000000 0.109304
1.157898e+10 3.165461 0.000000 0.000000 0.109661
1.156588e+10 3.147889 0.000000 0.000000 0.110020
1.155278e+10 3.130466 0.000000 0.000000 0.110381
1.153968e+10 3.113227 0.000000 0.000000 0.110743
1.152659e+10 3.096179 0.000000 0.000000 0.111108
1.151349e+10 3.079272 0.000000 0.000000 0.111474
1.150039e+10 3.062561 0.000000 0.000000 0.111843
1.148729e+10 3.046014 0.000000 0.000000 0.112213
1.147419e+10 3.029600 0.000000 0.000000 0.112585
1.146109e+10 3.013389 0.000000 0.000000 0.112959
1.144800e+10 2.997320 0.000000 0.000000 0.113335
1.143490e+10 2.981379 0.000000 0.000000 0.113713
1.142180e+10 2.965641 0.000000 0.000000 0.114093
1.140870e+10 2.950030 0.000000 0.000000 0.114475
1.139560e+10 2.934545 0.000000 0.000000 0.114859
1.138250e+10 2.919253 0.000000 0.000000 0.115244
1.136941e+10 2.904079 0.000000 0.000000 0.115632
1.135631e+10 2.889029 0.000000 0.000000 0.116022
1.134321e+10 2.874162 0.000000 0.000000 0.116413
1.133011e+10 2.859408 0.000000 0.000000 0.116807
1.131701e+10 2.844771 0.000000 0.000000 0.117202
1.130391e+10 2.830311 0.000000 0.000000 0.120309
1.129082e+10 2.815959 0.000000 0.000000 0.126946
1.127772e+10 2.801715 0.000000 0.000000 0.133886
1.126462e+10 2.787645 0.000000 0.000000 0.141138
1.125152e+10 2.773679 0.000000 0.000000 0.148715
1.123842e+10 2.759815 0.000000 0.000000 0.156627
1.122532e+10 2.746113 0.000000 0.000000 0.164885
1.121223e+10 2.732517 0.000000 0.000000 0.173502
1.119913e+10 2.719020 0.000000 0.000000 0.182489
1.118603e+10 2.705666 0.000000 0.000000 0.191858
1.117293e+10 2.692426 0.000000 0.000000 0.201623
1.115983e+10 2.679280 0.000000 0.000000 0.211795
1.114673e+10 2.666259 0.000000 0.000000 0.222388
1.113363e+10 2.653361 0.000000 0.000000 0.233415
1.112054e+10 2.640553 0.000000 0.000000 0.244889
1.110744e+10 2.627848 0.000000 0.000000 0.256825
1.109434e+10 2.615278 0.000000 0.000000 0.269237
1.108124e+10 2.602795 0.000000 0.000000 0.282139
1.106814e+10 2.590398 0.000000 0.000000 0.295546
1.105504e+10 2.578138 0.000000 0.000000 0.309474
1.104195e+10 2.565967 0.000000 0.000000 0.323936
1.102885e+10 2.553879 0.000000 0.000000 0.338950
1.101575e+10 2.541902 0.000000 0.000000 0.354531
1.100265e+10 2.530033 0.000000 0.000000 0.370695
1.098955e+10 2.518242 0.000000 0.000000 0.387460
1.097645e+10 2.506535 0.000000 0.000000 0.404842
1.096336e+10 2.494955 0.000000 0.000000 0.422858
1.095026e+10 2.483451 0.000000 0.000000 0.441526
1.093716e+10 2.472022 0.000000 0.000000 0.460863
1.092406e+10 2.460700 0.000000 0.000000 0.480889
1.091096e+10 2.449472 0.000000 0.000000 0.501622
1.089786e+10 2.438317 0.000000 0.000000 0.523080
1.088477e+10 2.427236 0.000000 0.000000 0.545283
1.087167e+10 2.416275 0.000000 0.000000 0.568251
1.085857e+10 2.405383 0.000000 0.000000 0.592003
1.084547e+10 2.394561 0.000000 0.000000 0.616560
1.083237e+10 2.383828 0.000000 0.000000 0.641942
1.081927e+10 2.373191 0.000000 0.000000 0.668171
1.080617e+10 2.362621 0.000000 0.000000 0.695267
1.079308e+10 2.352116 0.000000 0.000000 0.723253
1.077998e+10 2.341713 0.000000 0.000000 0.752151
1.076688e+10 2.331385 0.000000 0.000000 0.781984
1.075378e+10 2.321121 0.000000 0.000000 0.812773
1.074068e+10 2.310922 0.000000 0.000000 0.844542
1.072758e+10 2.300829 0.000000 0.000000 0.877316
1.071449e+10 2.290797 0.000000 0.000000 0.911117
1.070139e+10 2.280826 0.000000 0.000000 0.945971
1.068829e+10 2.270927 0.000000 0.000000 0.981902
1.067519e+10 2.261119 0.000000 0.000000 1.018935
1.066209e+10 2.251370 0.000000 0.000000 1.057095
1.064899e+10 2.241680 0.000000 0.000000 1.096410
1.063590e+10 2.232064 0.000000 0.000000 1.136904
1.062280e+10 2.222530 0.000000 0.000000 1.178606
1.060970e+10 2.213052 0.000000 0.000000 1.221541
1.059660e+10 2.203629 0.000000 0.000000 1.265738
1.058350e+10 2.194282 0.000000 0.000000 1.311225
1.057040e+10 2.185010 0.000000 0.000000 1.358029
1.055731e+10 2.175791 0.000000 0.000000 1.406181
1.054421e+10 2.166626 0.000000 0.000000 1.455709
1.053111e+10 2.157534 0.000000 0.000000 1.506642
1.051801e+10 2.148512 0.000000 0.000000 1.559012
1.050491e+10 2.139542 0.000000 0.000000 1.612848
1.049181e+10 2.130623 0.000000 0.000000 1.668182
1.047872e+10 2.121773 0.000000 0.000000 1.725044
1.046562e+10 2.112992 0.000000 0.000000 1.783468
1.045252e+10 2.104260 0.000000 0.000000 1.843485
1.043942e+10 2.095577 0.000000 0.000000 1.905128
1.042632e+10 2.086957 0.000000 0.000000 1.968430
1.041322e+10 2.078407 0.000000 0.000000 2.033425
1.040012e+10 2.069904 0.000000 0.000000 2.100148
1.038703e+10 2.061447 0.000000 0.000000 2.168632
1.037393e+10 2.053045 0.000000 0.000000 2.238913
1.036083e+10 2.044717 0.000000 0.000000 2.311026
1.034773e+10 2.036433 0.000000 0.000000 2.385009
1.033463e+10 2.028194 0.000000 0.000000 2.460896
1.032153e+10 2.020000 0.000000 0.000000 2.538725
1.030844e+10 2.011884 0.000000 0.000000 2.618535
1.029534e+10 2.003811 0.000000 0.000000 2.700361
1.028224e+10 1.995781 0.000000 0.000000 2.770523
1.026914e+10 1.987794 0.000000 0.000000 2.828956
1.025604e+10 1.979872 0.000000 0.000000 2.887357
1.024294e+10 1.972002 0.000000 0.000000 2.945685
1.022985e+10 1.964173 0.000000 0.000000 3.003899
1.021675e+10 1.956386 0.000000 0.000000 3.061984
1.020365e+10 1.948649 0.086070 0.000000 3.119965
1.019055e+10 1.940974 0.146326 0.000000 3.177866
1.017745e+10 1.933338 0.213967 0.000000 3.235599
1.016435e+10 1.925742 0.288050 0.000000 3.293147
1.015126e+10 1.918185 0.367744 0.000000 3.350494
1.013816e+10 1.910694 0.452359 0.000000 3.407733
1.012506e+10 1.903244 0.541279 0.000000 3.464757
1.011196e+10 1.895832 0.633975 0.000000 3.521540
1.009886e+10 1.888458 0.729978 0.000000 3.578066
1.008576e+10 1.881133 0.828889 0.000000 3.634370
1.007266e+10 1.873862 0.930348 0.000000 3.690466
1.005957e+10 1.866627 1.034006 0.000000 3.746268
1.004647e+10 1.859429 1.139559 0.000000 3.801763
1.003337e+10 1.852267 1.246730 0.000000 3.856935
1.002027e+10 1.845164 1.355310 0.000000 3.911881
1.000717e+10 1.838100 1.465046 0.000000 3.966509
9.994074e+09 1.831072 1.575717 0.000000 4.020783
9.980976e+09 1.824078 1.687129 0.000000 4.074693
9.967878e+09 1.817123 1.799114 0.000000 4.128250
9.954779e+09 1.810224 1.911552 0.000000 4.181532
9.941681e+09 1.803359 2.024246 0.000000 4.234422
9.928582e+09 1.796527 2.137053 0.000000 4.286909
9.915484e+09 1.789728 2.249844 0.000000 4.338984
9.902386e+09 1.782974 2.362534 0.173159 4.390701
9.889287e+09 1.776267 2.475025 0.173821 4.442064
9.876189e+09 1.769591 2.587174 0.174485 4.492993
9.863091e+09 1.762947 2.698885 0.175153 4.543479
9.849992e+09 1.756335 2.810071 0.175824 4.593514
9.836894e+09 1.749772 2.920713 0.176794 4.643187
9.823795e+09 1.743247 3.030711 0.186179 4.692443
9.810697e+09 1.736752 3.139965 0.196062 4.741231
9.797599e+09 1.730289 3.248412 0.206469 4.789546
9.784500e+09 1.723856 3.355991 0.217428 4.837379
9.771402e+09 1.717472 3.462736 0.228937 4.884843
9.758303e+09 1.711122 3.568536 0.241050 4.931845
9.745205e+09 1.704802 3.673326 0.253808 4.978353
9.732107e+09 1.698511 3.777064 0.267246 5.024364
9.719008e+09 1.692249 3.879711 0.281403 5.069871
9.705910e+09 1.686036 3.981335 0.296279 5.114999
9.692811e+09 1.679854 4.081821 0.311948 5.159635
9.679713e+09 1.673700 4.181127 0.328461 5.203761
9.666615e+09 1.667575 4.279225 0.345868 5.247371
9.653516e+09 1.661477 4.376092 0.364221 5.290462
9.640418e+09 1.655426 4.471816 0.383524 5.333159
9.627319e+09 1.649405 4.566291 0.403874 5.375353
9.614221e+09 1.643411 4.659483 0.425340 5.486573
9.601123e+09 1.637444 4.751378 0.447990 5.621786
9.588024e+09 1.631504 4.841961 0.471894 5.754616
9.574926e+09 1.625607 4.931328 0.497071 5.885257
9.561827e+09 1.619740 5.019396 0.523637 6.013448
9.548729e+09 1.613899 5.106131 0.551691 6.139050
9.535631e+09 1.608084 5.191524 0.581326 6.262002
9.522532e+09 1.602295 5.275571 0.612637 6.382251
9.509434e+09 1.596544 5.358355 0.645673 6.499982
9.496335e+09 1.590825 5.439842 0.680561 6.615076
9.483237e+09 1.585132 5.519979 0.717448 6.727371
9.470139e+09 1.579463 5.598766 0.756459 6.836840
9.457040e+09 1.573819 5.676203 0.797730 6.943461
9.443942e+09 1.568207 5.752348 0.841358 7.047365
9.430844e+09 1.562630 5.827237 0.887465 7.148634
9.417745e+09 1.557078 5.900787 0.936274 7.247042
9.404647e+09 1.551549 5.973003 0.987956 7.342588
9.391548e+09 1.546045 6.043888 1.042696 7.435274
9.378450e+09 1.540565 6.113458 1.100677 7.525134
9.365352e+09 1.535125 6.181847 1.161986 7.612506
9.352253e+09 1.529709 6.248928 1.226959 7.697065
9.339155e+09 1.524315 6.314706 1.295830 7.778828
9.326056e+09 1.518944 6.379190 1.368848 7.857813
9.312958e+09 1.513596 6.442387 1.446276 7.934042
9.299860e+09 1.508282 6.504407 1.528278 8.007799
9.286761e+09 1.502996 6.565210 1.615196 8.078983
9.273663e+09 1.497732 6.624756 1.707396 8.147507
9.260564e+09 1.492490 6.683054 1.805211 8.213399
9.247466e+09 1.487270 6.740114 1.908993 8.276693
9.234368e+09 1.482075 6.795978 2.019069 8.337498
9.221269e+09 1.476914 6.850746 2.135691 8.396074
9.208171e+09 1.471775 6.904310 2.259430 8.452168
9.195072e+09 1.466656 6.956683 2.390720 8.505818
9.181974e+09 1.461559 7.007873 2.530015 8.557062
9.168876e+09 1.456483 7.057893 2.677795 8.605938
9.155777e+09 1.451438 7.106851 2.834382 8.652724
9.142679e+09 1.446418 7.154718 3.000356 8.697357
9.129580e+09 1.441419 7.201452 3.176352 8.739754
9.116482e+09 1.436441 7.247064 3.362940 8.779955
9.103384e+09 1.431482 7.291566 3.560710 8.818003
9.090285e+09 1.426544 7.334973 3.770273 8.853944
9.077187e+09 1.421640 7.377442 3.991918 8.888161
9.064088e+09 1.416755 7.418841 4.226609 8.920358
9.050990e+09 1.411891 7.459180 4.475020 8.950577
9.037892e+09 1.407045 7.498473 4.737843 8.978859
9.024793e+09 1.402220 7.536731 5.015788 9.005246
9.011695e+09 1.397417 7.574010 5.309454 9.029881
8.998597e+09 1.392643 7.610384 5.619375 9.052941
8.985498e+09 1.387888 7.645763 5.946578 9.074237
8.972400e+09 1.383152 7.680158 6.158086 9.093809
8.959301e+09 1.378435 7.713582 6.237348 9.111699
8.946203e+09 1.373736 7.746046 6.316520 9.127946
8.933105e+09 1.369062 7.777635 6.395576 9.142748
8.920006e+09 1.364413 7.808363 6.474487 9.156148
8.906908e+09 1.359782 7.838170 6.553222 9.168028
8.893809e+09 1.355169 7.867069 6.631753 9.178426
8.880711e+09 1.350574 7.895070 6.710055 9.187380
8.867613e+09 1.345997 7.922187 6.788104 9.194928
8.854514e+09 1.341445 7.948516 6.865885 9.201289
8.841416e+09 1.336915 7.974040 6.943373 9.206435
8.828317e+09 1.332403 7.998716 7.020542 9.210286
8.815219e+09 1.327908 8.022556 7.039321 9.212878
8.802121e+09 1.323430 8.045571 7.052171 9.214245
8.789022e+09 1.318970 8.067773 7.064621 9.214423
8.775924e+09 1.314534 8.089261 7.076750 9.213624
8.762825e+09 1.310118 8.110008 7.088530 9.211800
8.749727e+09 1.305720 8.129978 7.099921 9.208887
8.736629e+09 1.301338 8.149181 7.110928 9.204916
8.723530e+09 1.296973 8.167628 7.121554 9.199918
8.710432e+09 1.292625 8.185331 7.131802 9.193923
8.697333e+09 1.288299 8.202378 7.141743 9.187117
8.684235e+09 1.283994 8.218757 7.151360 9.179479
8.671137e+09 1.279704 8.234424 7.160610 9.170933
8.658038e+09 1.275431 8.249392 7.169498 9.161508
8.644940e+09 1.271174 8.263669 7.178026 9.151230
8.631841e+09 1.266933 8.277267 7.186199 9.140128
8.618743e+09 1.262712 8.290253 7.194069 9.128338
8.605645e+09 1.258512 8.302650 7.201648 9.115905
8.592546e+09 1.254328 8.314398 7.208883 9.102725
8.579448e+09 1.250159 8.325509 7.215776 9.147747
8.566350e+09 1.246006 8.335991 7.222332 9.204882
8.553251e+09 1.241868 8.345855 7.228555 9.260145
8.540153e+09 1.237747 8.355140 7.234470 9.313608
8.527054e+09 1.233648 8.363917 7.240136 9.365397
8.513956e+09 1.229565 8.372105 7.245479 9.415401
8.500858e+09 1.225496 8.379714 7.250502 9.463646
8.487759e+09 1.221442 8.386753 7.255209 9.510160
8.474661e+09 1.217403 8.393231 7.259603 9.554970
8.461562e+09 1.213378 8.399157 7.263688 9.598103
8.448464e+09 1.209376 8.404646 7.267555 9.639756
8.435366e+09 1.205390 8.409610 7.271127 9.679802
8.422267e+09 1.201417 8.414049 7.274400 9.718257
8.409169e+09 1.197459 8.417971 7.277378 9.755148
8.396070e+09 1.193515 8.421387 7.280063 9.790501
8.382972e+09 1.189585 8.424303 7.282459 9.824344
8.369874e+09 1.185673 8.426785 7.284619 9.856795
8.356775e+09 1.181779 8.428835 7.286537 9.887871
8.343677e+09 1.177899 8.430411 7.288178 9.917518
8.330578e+09 1.174033 8.431521 7.289542 9.945763
8.317480e+09 1.170180 8.432173 7.290635 9.972632
8.304382e+09 1.166341 8.432375 7.291459 9.998149
8.291283e+09 1.162516 8.432139 7.292021 10.022350
8.278185e+09 1.158712 8.431564 7.292400 10.045405
8.265086e+09 1.154921 8.430562 7.292521 10.067188
8.251988e+09 1.151143 8.429140 7.292385 10.087721
8.238890e+09 1.147378 8.427305 7.291997 10.107031
8.225791e+09 1.143627 8.425066 7.291358 10.125140
8.212693e+09 1.139888 8.422428 7.290473 10.142073
8.199594e+09 1.136166 8.419445 7.289382 10.157928
8.186496e+09 1.132460 8.416127 7.288091 10.172733
8.173398e+09 1.128768 8.412431 7.286563 10.185521
8.160299e+09 1.125088 8.408366 7.284801 10.205588
8.147201e+09 1.121420 8.403937 7.282807 10.249792
8.134103e+09 1.117766 8.399151 7.280584 10.293245
8.121004e+09 1.114123 8.394014 7.278136 10.335949
8.107906e+09 1.110499 8.388606 7.275526 10.377940
8.094807e+09 1.106888 8.382874 7.272708 10.419193
8.081709e+09 1.103289 8.376812 7.269674 10.459706
8.068611e+09 1.099703 8.370424 7.266426 10.494634
8.055512e+09 1.096129 8.363718 7.262968 10.475720
8.042414e+09 1.092567 8.356698 7.259300 10.456502
8.029315e+09 1.089017 8.349377 7.255433 10.437021
8.016217e+09 1.085485 8.341828 7.251425 10.417408
8.003119e+09 1.081965 8.333984 7.247217 10.397560
7.990020e+09 1.078456 8.325849 7.242812 10.377494
7.976922e+09 1.074960 8.317430 7.238213 10.357224
7.963823e+09 1.071475 8.308732 7.233421 10.336763
7.950725e+09 1.068002 8.299761 7.228441 10.316125
7.937627e+09 1.064542 8.290539 7.223289 10.295348
7.924528e+09 1.061097 8.281109 7.218000 10.274503
7.911430e+09 1.057664 8.271421 7.212530 10.253512
7.898331e+09 1.054242 8.261481 7.206881 10.234138
7.885233e+09 1.050831 8.251293 7.201056 10.229364
7.872135e+09 1.047432 8.240862 7.195057 10.224049
7.859036e+09 1.044044 8.230194 7.188888 10.218206
7.845938e+09 1.040669 8.219313 7.182567 10.211883
7.832839e+09 1.037308 8.208249 7.176119 10.205133
7.819741e+09 1.033958 8.196962 7.169506 10.197895
7.806643e+09 1.030619 8.185456 7.162733 10.190181
7.793544e+09 1.027292 8.173735 7.155801 10.182004
7.780446e+09 1.023975 8.161804 7.148712 10.173376
7.767348e+09 1.020668 8.149667 7.141469 10.164309
7.754249e+09 1.017374 8.137347 7.134089 10.154843
7.741151e+09 1.014094 8.124871 7.126595 10.145028
7.728052e+09 1.010824 8.112202 7.118953 10.134807
7.714954e+09 1.007565 8.099345 7.111167 10.124192
7.701856e+09 1.004316 8.086303 7.103238 10.113193
7.688757e+09 1.001078 8.073080 7.095168 10.101820
7.675659e+09 0.997850 8.059681 7.086960 10.090084
7.662560e+09 0.994634 8.046119 7.078624 10.078011
7.649462e+09 0.991431 8.032431 7.070191 10.065661
7.636364e+09 0.988238 8.018577 7.061625 10.052977
7.623265e+09 0.985055 8.004562 7.052930 10.039968
7.610167e+09 0.981883 7.990389 7.044107 10.026643
7.597068e+09 0.978720 7.976062 7.035158 10.013010
7.583970e+09 0.975568 7.961584 7.026086 9.999079
7.570872e+09 0.972426 7.946959 7.016892 9.984858
7.557773e+09 0.969296 7.932237 7.007618 9.970428
7.544675e+09 0.966177 7.917374 6.998226 9.955725
7.531576e+09 0.963068 7.902374 6.988719 9.940756
7.518478e+09 0.959969 7.887240 6.979098 9.925528
7.505380e+09 0.956879 7.871976 6.969365 9.910050
7.492281e+09 0.953799 7.856584 6.959522 9.894329
7.479183e+09 0.950729 7.841068 6.949571 9.878372
7.466084e+09 0.947670 7.825460 6.939538 9.862232
7.452986e+09 0.944622 7.809745 6.929411 9.845887
7.439888e+09 0.941584 7.793914 6.909672 9.829327
7.426789e+09 0.938554 7.777972 6.883912 9.812559
7.413691e+09 0.935535 7.761920 6.858241 9.795589
7.400592e+09 0.932524 7.745762 6.832661 9.778423
7.387494e+09 0.929523 7.729500 6.807173 9.761068
7.374396e+09 0.926532 7.713149 6.781792 9.743547
7.361297e+09 0.923552 7.696722 6.756532 9.725884
7.348199e+09 0.920582 7.680199 6.731368 9.708049
7.335101e+09 0.917620 7.663583 6.706300 9.690049
7.322002e+09 0.914668 7.646878 6.681330 9.671887
7.308904e+09 0.911724 7.630084 6.656459 9.653571
7.295805e+09 0.908790 7.613205 6.631688 9.635105
7.282707e+09 0.905864 7.596244 6.607018 9.616495
7.269609e+09 0.902950 7.579226 6.582477 9.597782
7.256510e+09 0.900044 7.562134 6.558043 9.578941
7.243412e+09 0.897147 7.544966 6.533711 9.532499
7.230313e+09 0.894260 7.527725 6.509484 9.485660
7.217215e+09 0.891381 7.510413 6.485361 9.438861
7.204117e+09 0.888510 7.493032 6.461344 9.392114
7.191018e+09 0.885649 7.475585 6.437432 9.345428
7.177920e+09 0.882796 7.458079 6.413635 9.298827
7.164821e+09 0.879953 7.440527 6.389961 9.252338
7.151723e+09 0.877119 7.422915 6.366395 9.205935
7.138625e+09 0.874294 7.405245 6.342936 9.159623
7.125526e+09 0.871476 7.387518 6.319586 9.113411
7.112428e+09 0.868668 7.369737 6.296344 9.067305
7.099329e+09 0.865867 7.351904 6.273212 9.021310
7.086231e+09 0.863076 7.334021 6.250189 8.975432
7.073133e+09 0.860293 7.316100 6.227287 8.929699
7.060034e+09 0.857519 7.298139 6.204501 8.884105
7.046936e+09 0.854753 7.280133 6.181826 8.838644
7.033837e+09 0.851996 7.262084 6.159260 8.794384
7.020739e+09 0.849246 7.243994 6.136805 8.772190
7.007641e+09 0.846505 7.225864 6.114461 8.749962
6.994542e+09 0.843772 7.207697 6.092228 8.727703
6.981444e+09 0.841047 7.189494 6.070105 8.705415
6.968345e+09 0.838331 7.171267 6.048105 8.683114
6.955247e+09 0.835623 7.153009 6.026216 8.660790
6.942149e+09 0.832923 7.134720 6.004439 8.638446
6.929050e+09 0.830230 7.116401 5.982772 8.616083
6.915952e+09 0.827546 7.098054 5.961217 8.593703
6.902854e+09 0.824870 7.079680 5.939773 8.571309
6.889755e+09 0.822201 7.061282 5.918439 8.548904
6.876657e+09 0.819540 7.042861 5.897218 8.526490
6.863558e+09 0.816888 7.024423 5.876113 8.504076
6.850460e+09 0.814243 7.005966 5.855119 8.481657
6.837362e+09 0.811606 6.987489 5.834235 8.459234
6.824263e+09 0.808976 6.968994 5.813463 8.436811
6.811165e+09 0.806354 6.950483 5.792800 8.414388
6.798066e+09 0.803740 6.931956 5.772248 8.391968
6.784968e+09 0.801133 6.913416 5.751806 8.369552
6.771870e+09 0.798534 6.894864 5.731474 8.347143
6.758771e+09 0.795942 6.876301 5.711253 8.324745
6.745673e+09 0.793358 6.857729 5.691141 8.302356
6.732574e+09 0.790782 6.839148 5.671139 8.279979
6.719476e+09 0.788212 6.820559 5.651246 8.257615
6.706378e+09 0.785650 6.801964 5.631462 8.235267
6.693279e+09 0.783096 6.783364 5.611786 8.212934
6.680181e+09 0.780548 6.764759 5.592218 8.190620
6.667082e+09 0.778008 6.746151 5.572758 8.168325
6.653984e+09 0.775475 6.727539 5.553404 8.146048
6.640886e+09 0.772950 6.708926 5.534157 8.123793
6.627787e+09 0.770431 6.690313 5.515017 8.101563
6.614689e+09 0.767919 6.671701 5.495983 8.079357
6.601590e+09 0.765415 6.653091 5.477056 8.057178
6.588492e+09 0.762918 6.634485 5.458236 8.035027
6.575394e+09 0.760428 6.615882 5.439520 8.012904
6.562295e+09 0.757944 6.597285 5.420911 7.990812
6.549197e+09 0.755468 6.578688 5.402400 7.968743
6.536098e+09 0.752998 6.560097 5.383993 7.946706
6.523000e+09 0.750535 6.541514 5.365691 7.924703
6.509902e+09 0.748079 6.522940 5.347493 7.902735
6.496803e+09 0.745630 6.504376 5.329399 7.880803
6.483705e+09 0.743188 6.485822 5.311407 7.858908
6.470607e+09 0.740753 6.467280 5.293519 7.837050
6.457508e+09 0.738324 6.448750 5.275733 7.815232
6.444410e+09 0.735902 6.430225 5.258041 7.793443
6.431311e+09 0.733486 6.411711 5.240449 7.771691
6.418213e+09 0.731076 6.393212 5.222958 7.749982
6.405115e+09 0.728674 6.374728 5.205567 7.728315
6.392016e+09 0.726278 6.356261 5.188277 7.706692
6.378918e+09 0.723889 6.337810 5.171087 7.685112
6.365819e+09 0.721506 6.319378 5.153997 7.663578
6.352721e+09 0.719130 6.300963 5.137006 7.642090
6.339623e+09 0.716760 6.282561 5.120107 7.620639
6.326524e+09 0.714396 6.264171 5.103299 7.599227
6.313426e+09 0.712039 6.245801 5.086590 7.577863
6.300327e+09 0.709688 6.227453 5.069978 7.556548
6.287229e+09 0.707343 6.209126 5.053463 7.535282
6.274131e+09 0.705005 6.190822 5.037044 7.514066
6.261032e+09 0.702673 6.172540 5.020722 7.492901
6.247934e+09 0.700347 6.154283 5.004495 7.471787
6.234835e+09 0.698028 6.136048 4.988361 7.443937
6.221737e+09 0.695714 6.117821 4.972308 7.414973
6.208639e+09 0.693406 6.099620 4.956350 7.386117
6.195540e+09 0.691104 6.081445 4.940485 7.357369
6.182442e+09 0.688809 6.063296 4.924714 7.328730
6.169343e+09 0.686519 6.045175 4.909036 7.300202
6.156245e+09 0.684236 6.027081 4.893450 7.271784
6.143147e+09 0.681960 6.009015 4.877956 7.243477
6.130048e+09 0.679689 5.990978 4.862554 7.215282
6.116950e+09 0.677423 5.972957 4.847232 7.187181
6.103851e+09 0.675163 5.954957 4.831993 7.159180
6.090753e+09 0.672909 5.936988 4.816844 7.131293
6.077655e+09 0.670661 5.919049 4.801786 7.103519
6.064556e+09 0.668419 5.901141 4.786817 7.075859
6.051458e+09 0.666183 5.883265 4.771936 7.048313
6.038360e+09 0.663953 5.865420 4.757144 7.020882
6.025261e+09 0.661729 5.847608 4.742440 6.993565
6.012163e+09 0.659510 5.829828 4.727822 6.966362
5.999064e+09 0.657296 5.812057 4.713272 6.939240
5.985966e+09 0.655088 5.794321 4.698808 6.912234
5.972868e+09 0.652885 5.776618 4.684431 6.885343
5.959769e+09 0.650689 5.758949 4.670139 6.858568
5.946671e+09 0.648498 5.741316 4.655932 6.831909
5.933572e+09 0.646313 5.723717 4.641811 6.805365
5.920474e+09 0.644134 5.706154 4.627773 6.778937
5.907376e+09 0.641961 5.688627 4.613819 6.752624
5.894277e+09 0.639792 5.671126 4.599941 6.726414
5.881179e+09 0.637628 5.653645 4.586131 6.700295
5.868080e+09 0.635469 5.636200 4.572404 6.674293
5.854982e+09 0.633317 5.618792 4.558759 6.648406
5.841884e+09 0.631169 5.601423 4.545195 6.622635
5.828785e+09 0.629028 5.584090 4.531713 6.596981
5.815687e+09 0.626892 5.566796 4.518311 6.571441
5.802588e+09 0.624762 5.549541 4.504990 6.546018
5.789490e+09 0.622637 5.532324 4.491748 6.520709
5.776392e+09 0.620516 5.515127 4.478571 6.495492
5.763293e+09 0.618400 5.497959 4.465464 6.470373
5.750195e+09 0.616289 5.480830 4.452436 6.445370
5.737096e+09 0.614184 5.463741 4.439485 6.420483
5.723998e+09 0.612084 5.446692 4.426612 6.395710
5.710900e+09 0.609990 5.429683 4.413817 6.371052
5.697801e+09 0.607901 5.412715 4.401098 6.346508
5.684703e+09 0.605818 5.395787 4.388455 6.322079
5.671604e+09 0.603740 5.378900 4.375888 6.297764
5.658506e+09 0.601665 5.362030 4.363377 6.273529
5.645408e+09 0.599595 5.345194 4.350936 6.249399
5.632309e+09 0.597531 5.328399 4.338569 6.225382
5.619211e+09 0.595471 5.311646 4.326276 6.201478
5.606113e+09 0.593417 5.294936 4.314058 6.177688
5.593014e+09 0.591369 5.278267 4.301912 6.154011
5.579916e+09 0.589325 5.261641 4.289839 6.130446
5.566817e+09 0.587287 5.245057 4.277839 6.106993
5.553719e+09 0.585254 5.228516 4.265911 6.083652
5.540621e+09 0.583223 5.211990 4.254033 6.060386
5.527522e+09 0.581198 5.195501 4.242222 6.037223
5.514424e+09 0.579177 5.179055 4.230481 6.014172
5.501325e+09 0.577162 5.162653 4.218811 5.991231
5.488227e+09 0.575152 5.146294 4.207211 5.968402
5.475129e+09 0.573147 5.129979 4.195681 5.945682
5.462030e+09 0.571147 5.113708 4.184220 5.923073
5.448932e+09 0.569152 5.097480 4.172828 5.900573
5.435833e+09 0.567162 5.081297 4.161504 5.878183
5.422735e+09 0.565175 5.065129 4.150226 5.855864
5.409637e+09 0.563192 5.048998 4.139011 5.833644
5.396538e+09 0.561214 5.032912 4.127863 5.811533
5.383440e+09 0.559241 5.016870 4.116782 5.789530
5.370341e+09 0.557273 5.000873 4.105767 5.767634
5.357243e+09 0.555310 4.984921 4.094818 5.745846
5.344145e+09 0.553352 4.969013 4.083936 5.724165
5.331046e+09 0.551399 4.953151 4.073118 5.702591
5.317948e+09 0.549450 4.937334 4.062365 5.681123
5.304849e+09 0.547505 4.921536 4.051658 5.659727
5.291751e+09 0.545563 4.905771 4.041006 5.638422
5.278653e+09 0.543626 4.890052 4.030418 5.617222
5.265554e+09 0.541694 4.874378 4.019894 5.596127
5.252456e+09 0.539766 4.858749 4.009432 5.575136
5.239358e+09 0.537844 4.843167 3.999034 5.554250
5.226259e+09 0.535926 4.827630 3.988698 5.533467
5.213161e+09 0.534013 4.812138 3.978423 5.512787
5.200062e+09 0.532105 4.796692 3.968210 5.492211
5.186964e+09 0.530200 4.781274 3.958045 5.471713
5.173866e+09 0.528297 4.765880 3.947926 5.451291
5.160767e+09 0.526400 4.750533 3.937867 5.430971
5.147669e+09 0.524507 4.735232 3.927869 5.410752
5.134570e+09 0.522618 4.719976 3.917931 5.390635
5.121472e+09 0.520735 4.704767 3.908052 5.370618
5.108374e+09 0.518856 4.689604 3.898232 5.350701
5.095275e+09 0.516981 4.674487 3.888471 5.330884
5.082177e+09 0.515112 4.659416 3.878768 5.311167
5.069078e+09 0.513246 4.644384 3.869118 5.291539
5.055980e+09 0.511382 4.629365 3.859502 5.271968
5.042882e+09 0.509522 4.614392 3.849944 5.252495
5.029783e+09 0.507667 4.599465 3.840443 5.233120
5.016685e+09 0.505816 4.584585 3.830998 5.213843
5.003586e+09 0.503970 4.569751 3.821610 5.194663
4.990488e+09 0.502129 4.554963 3.812279 5.175579
4.977390e+09 0.500291 4.540222 3.803003 5.156591
4.964291e+09 0.498459 4.525527 3.793782 5.124930
4.951193e+09 0.496631 4.510878 3.784616 5.091111
4.938094e+09 0.494804 4.496243 3.775482 5.057490
4.924996e+09 0.492981 4.481645 3.766397 5.024115
4.911898e+09 0.491162 4.467093 3.757365 4.991003
4.898799e+09 0.489348 4.452588 3.748388 4.958152
4.885701e+09 0.487538 4.438130 3.739464 4.925560
4.872602e+09 0.485732 4.423718 3.730593 4.893225
4.859504e+09 0.483931 4.409352 3.721776 4.861145
4.846406e+09 0.482134 4.395032 3.713010 4.829319
4.833307e+09 0.480342 4.380759 3.704297 4.797745
4.820209e+09 0.478552 4.366518 3.695627 4.766394
4.807111e+09 0.476764 4.352294 3.686988 4.735235
4.794012e+09 0.474980 4.338116 3.678401 4.704324
4.780914e+09 0.473201 4.323985 3.669865 4.673657
4.767815e+09 0.471426 4.309900 3.661379 4.643234
4.754717e+09 0.469655 4.295862 3.652945 4.613053
4.741619e+09 0.467888 4.281869 3.644560 4.583110
4.728520e+09 0.466126 4.267923 3.636225 4.553406
4.715422e+09 0.464368 4.254023 3.627940 4.523937
4.702323e+09 0.462614 4.240168 3.619705 4.494702
4.689225e+09 0.460861 4.226327 3.611495 4.465638
4.676127e+09 0.459111 4.212521 3.603328 4.436785
4.663028e+09 0.457365 4.198760 3.595209 4.408162
4.649930e+09 0.455624 4.185046 3.587138 4.379766
4.636831e+09 0.453886 4.171378 3.579115 4.351595
4.623733e+09 0.452153 4.157756 3.562506 4.323649
4.610635e+09 0.450424 4.144179 3.545141 4.295924
4.597536e+09 0.448699 4.130649 3.533540 4.268420
4.584438e+09 0.446978 4.117164 3.523826 4.241134
4.571339e+09 0.445261 4.103719 3.514150 4.214056
4.558241e+09 0.443544 4.090281 3.504483 4.187122
4.545143e+09 0.441830 4.076888 3.494857 4.160402
4.532044e+09 0.440121 4.063540 3.485270 4.133895
4.518946e+09 0.438416 4.050239 3.475723 4.107598
4.505847e+09 0.436715 4.036982 3.466215 4.081510
4.492749e+09 0.435018 4.023772 3.456746 4.055629
4.479651e+09 0.433325 4.010606 3.447316 4.029953
4.466552e+09 0.431636 3.997485 3.437924 4.004480
4.453454e+09 0.429951 3.984410 3.428571 3.984410
4.440355e+09 0.428268 3.971363 3.419243 3.971363
4.427257e+09 0.426586 3.958332 3.409931 3.958332
4.414159e+09 0.424908 3.945347 3.400657 3.945347
4.401060e+09 0.423234 3.932407 3.391421 3.932407
4.387962e+09 0.421564 3.919511 3.382223 3.919511
4.374864e+09 0.419898 3.906661 3.373062 3.906661
4.361765e+09 0.418235 3.893855 3.363938 3.893855
4.348667e+09 0.416577 3.881093 3.354851 3.881093
4.335568e+09 0.414922 3.868377 3.345801 3.868377
4.322470e+09 0.413272 3.855705 3.336788 3.855705
4.309372e+09 0.411622 3.843051 3.327791 3.843051
4.296273e+09 0.409974 3.830422 3.318816 3.830422
4.283175e+09 0.408330 3.817837 3.309878 3.817837
4.270076e+09 0.406690 3.805297 3.300975 3.805297
4.256978e+09 0.405054 3.792801 3.292109 3.792801
4.243880e+09 0.403421 3.780349 3.283278 3.780349
4.230781e+09 0.401793 3.767941 3.274483 3.768295
4.217683e+09 0.400168 3.755576 3.265724 3.757253
4.204584e+09 0.398547 3.743256 3.257000 3.746243
4.191486e+09 0.396929 3.730979 3.248311 3.735265
4.178388e+09 0.395312 3.718716 3.239635 3.724290
4.165289e+09 0.393697 3.706481 3.230981 3.713330
4.152191e+09 0.392086 3.694289 3.222363 3.702402
4.139092e+09 0.390478 3.682140 3.213779 3.691507
4.125994e+09 0.388874 3.670035 3.205231 3.680643
4.112896e+09 0.387274 3.657974 3.196716 3.669811
4.099797e+09 0.385678 3.645956 3.188237 3.659010
4.086699e+09 0.384085 3.633980 3.179791 3.648242
4.073600e+09 0.382496 3.622048 3.171379 3.637505
4.060502e+09 0.380911 3.610159 3.163002 3.626799
4.047404e+09 0.379325 3.598281 3.154634 3.616096
4.034305e+09 0.377742 3.586431 3.146289 3.605408
4.021207e+09 0.376162 3.574623 3.137978 3.594753
4.008108e+09 0.374586 3.562859 3.129701 3.584129
3.995010e+09 0.373014 3.551137 3.121456 3.573538
3.981912e+09 0.371445 3.539457 3.113245 3.562978
3.968813e+09 0.369879 3.527820 3.105068 3.552449
3.955715e+09 0.368318 3.516225 3.096923 3.541953
3.942617e+09 0.366759 3.504672 3.088811 3.531488
3.929518e+09 0.365205 3.493161 3.080731 3.521054
3.916420e+09 0.363650 3.481664 3.072664 3.510625
3.903321e+09 0.362098 3.470190 3.064614 3.500208
3.890223e+09 0.360548 3.458758 3.054162 3.489824
3.877125e+09 0.359002 3.447368 3.035983 3.479471
3.864026e+09 0.357460 3.436020 3.017945 3.469150
3.850928e+09 0.355921 3.424713 3.000047 3.458861
3.837829e+09 0.354386 3.413448 2.982286 3.448603
3.824731e+09 0.352854 3.402224 2.964662 3.438376
3.811633e+09 0.351326 3.391041 2.947174 3.428181
3.798534e+09 0.349801 3.379899 2.929820 3.418017
3.785436e+09 0.348277 3.368777 2.912570 3.407864
3.772337e+09 0.346753 3.357670 2.895417 3.397717
3.759239e+09 0.345233 3.346605 2.878396 3.387601
3.746141e+09 0.343717 3.335580 2.861505 3.377517
3.733042e+09 0.342204 3.324596 2.844744 3.367465
3.719944e+09 0.340694 3.313652 2.828111 3.357443
3.706845e+09 0.339187 3.302750 2.811605 3.347453
3.693747e+09 0.337684 3.291887 2.795226 3.337494
3.680649e+09 0.336185 3.281065 2.778971 3.327566
3.667550e+09 0.334688 3.270282 2.762841 3.317669
3.654452e+09 0.333194 3.259530 2.746819 3.307794
3.641353e+09 0.331699 3.248781 2.730871 3.297913
3.628255e+09 0.330207 3.238072 2.715044 3.288063
3.615157e+09 0.328719 3.227402 2.699338 3.278245
3.602058e+09 0.327234 3.216773 2.683751 3.268458
3.588960e+09 0.325752 3.206183 2.668282 3.258701
3.575861e+09 0.324274 3.195633 2.652931 3.248976
3.562763e+09 0.322798 3.185122 2.637696 3.239281
3.549665e+09 0.321326 3.174651 2.622576 3.229618
3.536566e+09 0.319858 3.164218 2.607571 3.219985
3.523468e+09 0.318392 3.153824 2.592678 3.210382
3.510370e+09 0.316925 3.143428 2.577844 3.200769
3.497271e+09 0.315461 3.133065 2.563116 3.191182
3.484173e+09 0.314000 3.122742 2.548499 3.181626
3.471074e+09 0.312542 3.112458 2.533993 3.172100
3.457976e+09 0.311087 3.102212 2.519595 3.162606
3.444878e+09 0.309635 3.092004 2.505306 3.153141
3.431779e+09 0.308187 3.081835 2.491124 3.143708
3.418681e+09 0.306742 3.071704 2.477049 3.134304
3.405582e+09 0.305300 3.061612 2.463078 3.124931
3.392484e+09 0.303861 3.051557 2.449213 3.115589
3.379386e+09 0.302423 3.041516 2.435421 3.106252
3.366287e+09 0.300984 3.031491 2.421704 3.096924
3.353189e+09 0.299549 3.021503 2.408090 3.087627
3.340090e+09 0.298118 3.011554 2.394578 3.078359
3.326992e+09 0.296689 3.001642 2.381166 3.069122
3.313894e+09 0.295263 2.991767 2.367855 3.059915
3.300795e+09 0.293841 2.981930 2.354642 3.050738
3.287697e+09 0.292422 2.972130 2.341527 3.041591
3.274598e+09 0.291005 2.962368 2.328510 3.032473
3.261500e+09 0.289592 2.952642 2.315590 3.023386
3.248402e+09 0.288182 2.942950 2.302762 3.014326
3.235303e+09 0.286769 2.933252 2.289976 3.005253
3.222205e+09 0.285360 2.923591 2.277286 2.996209
3.209106e+09 0.283953 2.913966 2.264689 2.987195
3.196008e+09 0.282550 2.904378 2.252185 2.978211
3.182910e+09 0.281149 2.894827 2.239774 2.969256
3.169811e+09 0.279752 2.885312 2.227454 2.960332
3.156713e+09 0.278358 2.875833 2.215224 2.951436
3.143615e+09 0.276966 2.866390 2.203085 2.942570
3.130516e+09 0.275578 2.856983 2.191034 2.933734
3.117418e+09 0.274193 2.847612 2.179072 2.924927
3.104319e+09 0.272808 2.838253 2.167171 2.916126
3.091221e+09 0.271423 2.828908 2.155331 2.907332
3.078123e+09 0.270040 2.819599 2.143578 2.898567
3.065024e+09 0.268661 2.810325 2.131910 2.889831
3.051926e+09 0.267285 2.801086 2.120328 2.881124
3.038827e+09 0.265912 2.791883 2.108831 2.872447
3.025729e+09 0.264542 2.782715 2.097417 2.863799
3.012631e+09 0.263175 2.773583 2.086087 2.859529
2.999532e+09 0.261810 2.764485 2.074838 2.855479
2.986434e+09 0.260449 2.755422 2.063672 2.851453
2.973335e+09 0.259091 2.746393 2.052586 2.847452
2.960237e+09 0.257730 2.737360 2.041536 2.843452
2.947139e+09 0.256371 2.728356 2.030561 2.839473
2.934040e+09 0.255016 2.719386 2.019664 2.835518
2.920942e+09 0.253663 2.710451 2.008847 2.831587
2.907843e+09 0.252313 2.701550 1.998108 2.827679
2.894745e+09 0.250966 2.692684 1.987446 2.823795
2.881647e+09 0.249622 2.683851 1.976862 2.819935
2.868548e+09 0.248281 2.675053 1.966353 2.816098
2.855450e+09 0.246943 2.666288 1.955920 2.812284
2.842351e+09 0.245608 2.657557 1.945562 2.808493
2.829253e+09 0.244274 2.648851 1.935270 2.804721
2.816155e+09 0.242938 2.640143 1.925011 2.800950
2.803056e+09 0.241605 2.631468 1.914826 2.797203
2.789958e+09 0.240275 2.622826 1.904715 2.793478
2.776859e+09 0.238948 2.614218 1.894675 2.789776
2.763761e+09 0.237624 2.605643 1.884707 2.786096
2.750663e+09 0.236302 2.597101 1.874811 2.782439
2.737564e+09 0.234984 2.588592 1.864985 2.778804
2.724466e+09 0.233668 2.580116 1.855229 2.775191
2.711368e+09 0.232355 2.571673 1.845543 2.771601
2.698269e+09 0.231044 2.563263 1.835925 2.768032
2.685171e+09 0.229734 2.554866 1.826356 2.764474
2.672072e+09 0.228423 2.546476 1.816828 2.760924
2.658974e+09 0.227115 2.538119 1.807368 2.757396
2.645876e+09 0.225810 2.529794 1.797974 2.753889
2.632777e+09 0.224507 2.521501 1.788647 2.750403
2.619679e+09 0.223208 2.513240 1.779386 2.746939
2.606580e+09 0.221911 2.505012 1.770191 2.743496
2.593482e+09 0.220616 2.496815 1.761060 2.740075
2.580384e+09 0.219325 2.488650 1.751994 2.736674
2.567285e+09 0.218036 2.480517 1.742991 2.733294
2.554187e+09 0.216750 2.472415 1.734052 2.729935
2.541088e+09 0.215463 2.464320 1.725150 2.726583
2.527990e+09 0.214176 2.456237 1.716291 2.723241
2.514892e+09 0.212892 2.448186 1.707495 2.719920
2.501793e+09 0.211611 2.440166 1.698760 2.716619
2.488695e+09 0.210332 2.432178 1.690086 2.713339
2.475596e+09 0.209056 2.424220 1.681473 2.710079
2.462498e+09 0.207782 2.416293 1.672920 2.706839
2.449400e+09 0.206512 2.408397 1.664427 2.703620
2.436301e+09 0.205244 2.400532 1.655993 2.700420
2.423203e+09 0.203978 2.392698 1.647617 2.697240
2.410104e+09 0.202716 2.384893 1.639300 2.694081
2.397006e+09 0.201451 2.377092 1.631013 2.690925
2.383908e+09 0.200188 2.369305 1.622768 2.687780
2.370809e+09 0.198927 2.361549 1.614581 2.684656
2.357711e+09 0.197668 2.353823 1.606450 2.681550
2.344612e+09 0.196412 2.346127 1.598376 2.678465
2.331514e+09 0.195159 2.338462 1.590358 2.675398
2.318416e+09 0.193909 2.330826 1.582395 2.672351
2.305317e+09 0.192661 2.323220 1.574487 2.669323
2.292219e+09 0.191416 2.315643 1.566633 2.666314
2.279121e+09 0.190173 2.308096 1.558833 2.663324
2.266022e+09 0.188933 2.300579 1.551087 2.660353
2.252924e+09 0.187691 2.293063 1.543367 2.657385
2.239825e+09 0.186450 2.285562 1.535686 2.654428
2.226727e+09 0.185211 2.278090 1.528058 2.651490
2.213629e+09 0.183975 2.270647 1.520483 2.648570
2.200530e+09 0.182741 2.263233 1.512959 2.645669
2.187432e+09 0.181510 2.255849 1.505487 2.642787
2.174333e+09 0.180282 2.248493 1.498065 2.639922
2.161235e+09 0.179056 2.241166 1.490695 2.637076
2.148137e+09 0.177833 2.233868 1.483374 2.634248
2.135038e+09 0.176612 2.226598 1.476103 2.631438
2.121940e+09 0.175394 2.219356 1.468882 2.628646
2.108841e+09 0.174174 2.212118 1.461686 2.625859
2.095743e+09 0.172955 2.204892 1.454524 2.623080
2.082645e+09 0.171737 2.197694 1.447410 2.620319
2.069546e+09 0.170523 2.190523 1.440344 2.617576
2.056448e+09 0.169311 2.183382 1.433327 2.614850
2.043349e+09 0.168101 2.176268 1.426357 2.612142
2.030251e+09 0.166894 2.169182 1.419433 2.609451
2.017153e+09 0.165690 2.162123 1.412557 2.606778
2.004054e+09 0.164487 2.155093 1.405727 2.604123
1.990956e+09 0.163288 2.148089 1.398942 2.601484
1.977857e+09 0.162091 2.141114 1.392203 2.598862
1.964759e+09 0.160893 2.134146 1.385492 2.596248
1.951661e+09 0.159694 2.127184 1.378807 2.593638
1.938562e+09 0.158498 2.120249 1.372166 2.591046
1.925464e+09 0.157304 2.113341 1.365570 2.588470
1.912365e+09 0.156113 2.106461 1.359018 2.585912
1.899267e+09 0.154924 2.099607 1.352510 2.583370
1.886169e+09 0.153738 2.092781 1.346045 2.580845
1.873070e+09 0.152554 2.085981 1.339623 2.578336
1.859972e+09 0.151372 2.079208 1.333244 2.575844
1.846874e+09 0.150193 2.072461 1.326908 2.573369
1.833775e+09 0.149016 2.065741 1.320613 2.570910
1.820677e+09 0.147840 2.059037 1.314351 2.568461
1.807578e+09 0.146662 2.052329 1.308104 2.566013
1.794480e+09 0.145486 2.045647 1.301899 2.563581
1.781382e+09 0.144312 2.038992 1.295735 2.561166
1.768283e+09 0.143141 2.032363 1.289612 2.558766
1.755185e+09 0.141972 2.025761 1.283529 2.556383
1.742086e+09 0.140806 2.019184 1.277487 2.554015
1.728988e+09 0.139642 2.012633 1.271484 2.551664
1.715890e+09 0.138480 2.006107 1.265521 2.549328
1.702791e+09 0.137321 1.999608 1.259597 2.547008
1.689693e+09 0.136164 1.993134 1.253712 2.544703
1.676594e+09 0.135009 1.986685 1.247865 2.542415
1.663496e+09 0.133851 1.980222 1.242023 2.540120
1.650398e+09 0.132694 1.973784 1.236220 2.537842
1.637299e+09 0.131540 1.967372 1.230454 2.535579
1.624201e+09 0.130388 1.960985 1.224727 2.533331
1.611102e+09 0.129239 1.954624 1.219036 2.531099
1.598004e+09 0.128092 1.948287 1.213383 2.528882
1.584906e+09 0.126947 1.941975 1.207767 2.526680
1.571807e+09 0.125805 1.935688 1.202187 2.524493
1.558709e+09 0.124665 1.929426 1.196644 2.522322
1.545610e+09 0.123527 1.923188 1.191136 2.520165
1.532512e+09 0.122391 1.916975 1.185664 2.518023
1.519414e+09 0.121254 1.910761 1.180206 2.515883
1.506315e+09 0.120116 1.904558 1.174773 2.513750
1.493217e+09 0.118981 1.898379 1.169375 2.511633
1.480118e+09 0.117848 1.892225 1.164013 2.509530
1.467020e+09 0.116718 1.886095 1.158684 2.507442
1.453922e+09 0.115589 1.879990 1.153391 2.505369
1.440823e+09 0.114463 1.873908 1.148131 2.503310
1.427725e+09 0.113340 1.867850 1.142905 2.501266
1.414627e+09 0.112218 1.861817 1.137713 2.499236
1.401528e+09 0.111099 1.855806 1.132554 2.497221
1.388430e+09 0.109982 1.849820 1.127428 2.495220
1.375331e+09 0.108865 1.843847 1.122327 2.493227
1.362233e+09 0.107746 1.837869 1.117236 2.491235
1.349135e+09 0.106629 1.831915 1.112178 2.489257
1.336036e+09 0.105515 1.825985 1.107152 2.487293
1.322938e+09 0.104402 1.820078 1.102158 2.485343
1.309839e+09 0.103292 1.814195 1.097196 2.483407
1.296741e+09 0.102184 1.808335 1.092266 2.481486
1.283643e+09 0.101078 1.802497 1.087368 2.479578
1.270544e+09 0.099975 1.796683 1.082500 2.477684
1.257446e+09 0.098874 1.790892 1.077663 2.475804
1.244347e+09 0.097775 1.785123 1.072857 2.473937
1.231249e+09 0.096678 1.779378 1.068082 2.472084
1.218151e+09 0.095578 1.773624 1.063312 2.470229
1.205052e+09 0.094478 1.767886 1.058568 2.468385
1.191954e+09 0.093381 1.762171 1.053854 2.466554
1.178855e+09 0.092287 1.756479 1.049169 2.464736
1.165757e+09 0.091194 1.750809 1.044515 2.462932
1.152659e+09 0.090104 1.745161 1.039889 2.461142
1.139560e+09 0.089016 1.739536 1.035293 2.459364
1.126462e+09 0.087930 1.733933 1.030725 2.457600
1.113363e+09 0.086846 1.728352 1.026187 2.455850
1.100265e+09 0.085764 1.722793 1.021677 2.454112
1.087167e+09 0.084684 1.717256 1.017195 2.452388
1.074068e+09 0.083605 1.711730 1.012732 2.450671
1.060970e+09 0.082523 1.706200 1.008278 2.448954
1.047872e+09 0.081443 1.700692 1.003853 2.447251
1.034773e+09 0.080366 1.695206 0.999454 2.445560
1.021675e+09 0.079290 1.689741 0.995084 2.443883
1.008576e+09 0.078217 1.684298 0.990740 2.442218
9.954779e+08 0.077146 1.678877 0.986424 2.440566
9.823795e+08 0.076076 1.673477 0.982134 2.438927
9.692811e+08 0.075009 1.668098 0.977872 2.437301
9.561827e+08 0.073945 1.662741 0.973635 2.435687
9.430844e+08 0.072882 1.657404 0.969425 2.434086
9.299860e+08 0.071821 1.652089 0.965241 2.432498
9.168876e+08 0.070758 1.646769 0.961064 2.430909
9.037892e+08 0.069695 1.641460 0.956905 2.429328
8.906908e+08 0.068634 1.636172 0.952772 2.427759
8.775924e+08 0.067575 1.630905 0.948665 2.426203
8.644940e+08 0.066518 1.625659 0.944583 2.424660
8.513956e+08 0.065463 1.620433 0.940526 2.423128
8.382972e+08 0.064410 1.615228 0.936494 2.421609
8.251988e+08 0.063360 1.610044 0.932487 2.420103
8.121004e+08 0.062311 1.604880 0.928504 2.418608
7.990020e+08 0.061265 1.599736 0.924546 2.417126
7.859036e+08 0.060220 1.594613 0.920612 2.415655
7.728052e+08 0.059177 1.589508 0.916700 2.414196
7.597068e+08 0.058130 1.584390 0.912789 2.412733
7.466084e+08 0.057085 1.579292 0.908902 2.411281
7.335101e+08 0.056042 1.574215 0.905039 2.409842
7.204117e+08 0.055001 1.569158 0.901199 2.408415
7.073133e+08 0.053963 1.564121 0.897382 2.406999
6.942149e+08 0.052926 1.559103 0.893589 2.405596
6.811165e+08 0.051891 1.554106 0.889819 2.404204
6.680181e+08 0.050858 1.549128 0.886072 2.402824
6.549197e+08 0.049828 1.544170 0.882348 2.401456
6.418213e+08 0.048799 1.539232 0.878646 2.400100
6.287229e+08 0.047773 1.534313 0.874967 2.398755
6.156245e+08 0.046745 1.529400 0.871301 2.397415
6.025261e+08 0.045716 1.524486 0.867642 2.396077
5.894277e+08 0.044689 1.519591 0.864005 2.394750
5.763293e+08 0.043663 1.514716 0.860390 2.393435
5.632309e+08 0.042640 1.509860 0.856797 2.392132
5.501325e+08 0.041619 1.505023 0.853225 2.390839
5.370341e+08 0.040599 1.500205 0.849675 2.389559
5.239358e+08 0.039582 1.495406 0.846147 2.388289
5.108374e+08 0.038567 1.490626 0.842640 2.387031
4.977390e+08 0.037553 1.485866 0.839153 2.385784
4.846406e+08 0.036542 1.481123 0.835688 2.384549
4.715422e+08 0.035533 1.476400 0.832243 2.383324
4.584438e+08 0.034521 1.471675 0.828805 2.382101
4.453454e+08 0.033509 1.466955 0.825379 2.380883
4.322470e+08 0.032498 1.462255 0.821973 2.379676
4.191486e+08 0.031490 1.457572 0.818587 2.378481
4.060502e+08 0.030484 1.452909 0.815222 2.377296
3.929518e+08 0.029480 1.448264 0.811876 2.376122
3.798534e+08 0.028477 1.443637 0.808551 2.374960
3.667550e+08 0.027477 1.439029 0.805245 2.373808
3.536566e+08 0.026478 1.434438 0.801959 2.372667
3.405582e+08 0.025482 1.429866 0.798693 2.371537
3.274598e+08 0.024487 1.425312 0.795446 2.370418
3.143615e+08 0.023494 1.420776 0.792218 2.369309
3.012631e+08 0.022498 1.416232 0.788991 2.368199
2.881647e+08 0.021502 1.411699 0.785780 2.367097
2.750663e+08 0.020509 1.407184 0.782587 2.366006
2.619679e+08 0.019517 1.402687 0.779413 2.364925
2.488695e+08 0.018527 1.398208 0.776258 2.363855
2.357711e+08 0.017539 1.393747 0.773121 2.362795
2.226727e+08 0.016553 1.389303 0.770003 2.361746
2.095743e+08 0.015569 1.384877 0.766904 2.360708
1.964759e+08 0.014587 1.380468 0.763822 2.359680
1.833775e+08 0.013607 1.376077 0.760759 2.358663
1.702791e+08 0.012628 1.371703 0.757714 2.357656
1.571807e+08 0.011652 1.367346 0.754686 2.356659
1.440823e+08 0.010671 1.362977 0.751656 2.355659
1.309839e+08 0.009692 1.358623 0.748643 2.354668
1.178855e+08 0.008714 1.354287 0.745648 2.353688
1.047872e+08 0.007738 1.349967 0.742670 2.352718
9.168876e+07 0.006764 1.345665 0.739709 2.351759
7.859036e+07 0.005792 1.341380 0.736766 2.350809
6.549197e+07 0.004822 1.337111 0.733840 2.349870
5.239358e+07 0.003854 1.332859 0.730930 2.348941
3.929518e+07 0.002888 1.328625 0.728038 2.348023
2.619679e+07 0.001923 1.324407 0.725162 2.347114
1.309839e+07 0.000961 1.320205 0.722304 2.346215
