1.309839e+10 9.000000 0.000000 0.000000 0.059925
1.308530e+10 8.847726 0.000000 0.000000 0.047221
1.307220e+10 8.701050 0.000000 0.000000 0.045185
1.305910e+10 8.559660 0.000000 0.000000 0.044061
1.304600e+10 8.423368 0.000000 0.000000 0.043309
1.303290e+10 8.291842 0.000000 0.000000 0.042761
1.301980e+10 8.164779 0.000000 0.000000 0.042340
1.300671e+10 8.041947 0.000000 0.000000 0.042007
1.299361e+10 7.923131 0.000000 0.000000 0.041738
1.298051e+10 7.808144 0.000000 0.000000 0.041517
1.296741e+10 7.696830 0.000000 0.000000 0.041334
1.295431e+10 7.588952 0.000000 0.000000 0.041182
1.294121e+10 7.484347 0.000000 0.000000 0.041056
1.292811e+10 7.382859 0.000000 0.000000 0.040950
1.291502e+10 7.284344 0.000000 0.000000 0.040863
1.290192e+10 7.188666 0.000000 0.000000 0.040791
1.288882e+10 7.095696 0.000000 0.000000 0.040732
1.287572e+10 7.005312 0.000000 0.000000 0.040685
1.286262e+10 6.917401 0.000000 0.000000 0.040649
1.284952e+10 6.831855 0.000000 0.000000 0.040622
1.283643e+10 6.748572 0.000000 0.000000 0.040603
1.282333e+10 6.667456 0.000000 0.000000 0.040592
1.281023e+10 6.588431 0.000000 0.000000 0.040587
1.279713e+10 6.511436 0.000000 0.000000 0.040589
1.278403e+10 6.436355 0.000000 0.000000 0.040596
1.277093e+10 6.363109 0.000000 0.000000 0.040609
1.275784e+10 6.291625 0.000000 0.000000 0.040627
1.274474e+10 6.221832 0.000000 0.000000 0.040649
1.273164e+10 6.153665 0.000000 0.000000 0.040675
1.271854e+10 6.087102 0.000000 0.000000 0.040705
1.270544e+10 6.022088 0.000000 0.000000 0.040738
1.269234e+10 5.958522 0.000000 0.000000 0.040776
1.267925e+10 5.896348 0.000000 0.000000 0.040816
1.266615e+10 5.835515 0.000000 0.000000 0.040859
1.265305e+10 5.776057 0.000000 0.000000 0.040905
1.263995e+10 5.717866 0.000000 0.000000 0.040954
1.262685e+10 5.660874 0.000000 0.000000 0.041006
1.261375e+10 5.605040 0.000000 0.000000 0.041059
1.260065e+10 5.550427 0.000000 0.000000 0.041116
1.258756e+10 5.496902 0.000000 0.000000 0.041174
1.257446e+10 5.444416 0.000000 0.000000 0.041234
1.256136e+10 5.392990 0.000000 0.000000 0.041297
1.254826e+10 5.342602 0.000000 0.000000 0.041361
1.253516e+10 5.293149 0.000000 0.000000 0.041428
1.252206e+10 5.244640 0.000000 0.000000 0.041496
1.250897e+10 5.197097 0.000000 0.000000 0.041566
1.249587e+10 5.150398 0.000000 0.000000 0.041637
1.248277e+10 5.104567 0.000000 0.000000 0.041710
1.246967e+10 5.059611 0.000000 0.000000 0.041785
1.245657e+10 5.015419 0.000000 0.000000 0.041861
1.244347e+10 4.972050 0.000000 0.000000 0.041939
1.243038e+10 4.929453 0.000000 0.000000 0.042018
1.241728e+10 4.887546 0.000000 0.000000 0.042099
1.240418e+10 4.846450 0.000000 0.000000 0.042180
1.239108e+10 4.806006 0.000000 0.000000 0.042264
1.237798e+10 4.766255 0.000000 0.000000 0.042348
1.236488e+10 4.727194 0.000000 0.000000 0.042434
1.235179e+10 4.688723 0.000000 0.000000 0.042520
1.233869e+10 4.650970 0.000000 0.000000 0.042608
1.232559e+10 4.613770 0.000000 0.000000 0.042698
1.231249e+10 4.577204 0.000000 0.000000 0.042788
1.229939e+10 4.541209 0.000000 0.000000 0.042879
1.228629e+10 4.505773 0.000000 0.000000 0.042972
1.227319e+10 4.470921 0.000000 0.000000 0.043065
1.226010e+10 4.436563 0.000000 0.000000 0.043160
1.224700e+10 4.402796 0.000000 0.000000 0.043255
1.223390e+10 4.369472 0.000000 0.000000 0.043352
1.222080e+10 4.336729 0.000000 0.000000 0.043450
1.220770e+10 4.304408 0.000000 0.000000 0.043548
1.219460e+10 4.272625 0.000000 0.000000 0.043648
1.218151e+10 4.241257 0.000000 0.000000 0.043748
1.216841e+10 4.210391 0.000000 0.000000 0.043849
1.215531e+10 4.179930 0.000000 0.000000 0.043952
1.214221e+10 4.149942 0.000000 0.000000 0.044055
1.212911e+10 4.120344 0.000000 0.000000 0.044159
1.211601e+10 4.091197 0.000000 0.000000 0.044264
1.210292e+10 4.062421 0.000000 0.000000 0.044370
1.208982e+10 4.034080 0.000000 0.000000 0.044477
1.207672e+10 4.006087 0.000000 0.000000 0.044584
1.206362e+10 3.978520 0.000000 0.000000 0.044693
1.205052e+10 3.951272 0.000000 0.000000 0.044802
1.203742e+10 3.924447 0.000000 0.000000 0.044912
1.202433e+10 3.897912 0.000000 0.000000 0.045023
1.201123e+10 3.871800 0.000000 0.000000 0.045134
1.199813e+10 3.845965 0.000000 0.000000 0.045247
1.198503e+10 3.820516 0.000000 0.000000 0.045360
1.197193e+10 3.795355 0.000000 0.000000 0.045474
1.195883e+10 3.770540 0.000000 0.000000 0.045589
1.194574e+10 3.746027 0.000000 0.000000 0.045705
1.193264e+10 3.721816 0.000000 0.000000 0.045821
1.191954e+10 3.697926 0.000000 0.000000 0.045938
1.190644e+10 3.674294 0.000000 0.000000 0.046056
1.189334e+10 3.651005 0.000000 0.000000 0.046175
1.188024e+10 3.627947 0.000000 0.000000 0.046294
1.186714e+10 3.605214 0.000000 0.000000 0.046415
1.185405e+10 3.582725 0.000000 0.000000 0.046536
1.184095e+10 3.560509 0.000000 0.000000 0.046657
1.182785e+10 3.538569 0.000000 0.000000 0.046780
1.181475e+10 3.516848 0.000000 0.000000 0.046903
1.180165e+10 3.495436 0.000000 0.000000 0.047027
1.178855e+10 3.474227 0.000000 0.000000 0.047151
1.177546e+10 3.453288 0.000000 0.000000 0.047277
1.176236e+10 3.432582 0.000000 0.000000 0.047403
1.174926e+10 3.412087 0.000000 0.000000 0.047530
1.173616e+10 3.391866 0.000000 0.000000 0.047657
1.172306e+10 3.371830 0.000000 0.000000 0.047785
1.170996e+10 3.352044 0.000000 0.000000 0.047914
1.169687e+10 3.332470 0.000000 0.000000 0.048044
1.168377e+10 3.313083 0.000000 0.000000 0.048174
1.167067e+10 3.293956 0.000000 0.000000 0.048305
1.165757e+10 3.274998 0.000000 0.000000 0.048437
1.164447e+10 3.256256 0.000000 0.000000 0.048570
1.163137e+10 3.237724 0.000000 0.000000 0.048703
1.161828e+10 3.219353 0.000000 0.000000 0.048837
1.160518e+10 3.201221 0.000000 0.000000 0.048971
1.159208e+10 3.183256 0.000000 0.000000 0.049107
1.157898e+10 3.165461 0.000000 0.000000 0.049243
1.156588e+10 3.147889 0.000000 0.000000 0.049380
1.155278e+10 3.130466 0.000000 0.000000 0.049517
1.153968e+10 3.113227 0.000000 0.000000 0.049655
1.152659e+10 3.096179 0.000000 0.000000 0.049794
1.151349e+10 3.079272 0.000000 0.000000 0.049933
1.150039e+10 3.062561 0.000000 0.000000 0.050074
1.148729e+10 3.046014 0.000000 0.000000 0.050215
1.147419e+10 3.029600 0.000000 0.000000 0.050356
1.146109e+10 3.013389 0.000000 0.000000 0.050499
1.144800e+10 2.997320 0.000000 0.000000 0.050642
1.143490e+10 2.981379 0.000000 0.000000 0.050785
1.142180e+10 2.965641 0.000000 0.000000 0.050930
1.140870e+10 2.950030 0.000000 0.000000 0.051075
1.139560e+10 2.934545 0.000000 0.000000 0.051221
1.138250e+10 2.919253 0.000000 0.000000 0.051367
1.136941e+10 2.904079 0.000000 0.000000 0.051514
1.135631e+10 2.889029 0.000000 0.000000 0.051662
1.134321e+10 2.874162 0.000000 0.000000 0.051811
1.133011e+10 2.859408 0.000000 0.000000 0.054618
1.131701e+10 2.844771 0.000000 0.000000 0.058079
1.130391e+10 2.830311 0.000000 0.000000 0.061722
1.129082e+10 2.815959 0.000000 0.000000 0.065556
1.127772e+10 2.801715 0.000000 0.000000 0.069588
1.126462e+10 2.787645 0.000000 0.000000 0.073826
1.125152e+10 2.773679 0.000000 0.000000 0.078278
1.123842e+10 2.759815 0.000000 0.000000 0.082953
1.122532e+10 2.746113 0.000000 0.000000 0.087859
1.121223e+10 2.732517 0.000000 0.000000 0.093006
1.119913e+10 2.719020 0.000000 0.000000 0.098402
1.118603e+10 2.705666 0.000000 0.000000 0.104056
1.117293e+10 2.692426 0.000000 0.000000 0.109978
1.115983e+10 2.679280 0.000000 0.000000 0.116178
1.114673e+10 2.666259 0.000000 0.000000 0.122666
1.113363e+10 2.653361 0.000000 0.000000 0.129453
1.112054e+10 2.640553 0.000000 0.000000 0.136548
1.110744e+10 2.627848 0.000000 0.000000 0.143963
1.109434e+10 2.615278 0.000000 0.000000 0.151708
1.108124e+10 2.602795 0.000000 0.000000 0.159795
1.106814e+10 2.590398 0.000000 0.000000 0.168236
1.105504e+10 2.578138 0.000000 0.000000 0.177042
1.104195e+10 2.565967 0.000000 0.000000 0.186225
1.102885e+10 2.553879 0.000000 0.000000 0.195798
1.101575e+10 2.541902 0.000000 0.000000 0.205773
1.100265e+10 2.530033 0.000000 0.000000 0.216164
1.098955e+10 2.518242 0.000000 0.000000 0.226983
1.097645e+10 2.506535 0.000000 0.000000 0.238244
1.096336e+10 2.494955 0.000000 0.000000 0.249961
1.095026e+10 2.483451 0.000000 0.000000 0.262148
1.093716e+10 2.472022 0.000000 0.000000 0.274818
1.092406e+10 2.460700 0.000000 0.000000 0.287988
1.091096e+10 2.449472 0.000000 0.000000 0.301671
1.089786e+10 2.438317 0.000000 0.000000 0.315883
1.088477e+10 2.427236 0.000000 0.000000 0.330640
1.087167e+10 2.416275 0.000000 0.000000 0.345957
1.085857e+10 2.405383 0.000000 0.000000 0.361850
1.084547e+10 2.394561 0.000000 0.000000 0.378336
1.083237e+10 2.383828 0.000000 0.000000 0.395433
1.081927e+10 2.373191 0.000000 0.000000 0.413156
1.080617e+10 2.362621 0.000000 0.000000 0.431523
1.079308e+10 2.352116 0.000000 0.000000 0.450552
1.077998e+10 2.341713 0.000000 0.000000 0.470262
1.076688e+10 2.331385 0.000000 0.000000 0.490670
1.075378e+10 2.321121 0.000000 0.000000 0.511796
1.074068e+10 2.310922 0.000000 0.000000 0.533658
1.072758e+10 2.300829 0.000000 0.000000 0.556276
1.071449e+10 2.290797 0.000000 0.000000 0.579669
1.070139e+10 2.280826 0.000000 0.000000 0.603858
1.068829e+10 2.270927 0.000000 0.000000 0.628864
1.067519e+10 2.261119 0.000000 0.000000 0.654707
1.066209e+10 2.251370 0.000000 0.000000 0.681408
1.064899e+10 2.241680 0.000000 0.000000 0.708989
1.063590e+10 2.232064 0.000000 0.000000 0.737472
1.062280e+10 2.222530 0.000000 0.000000 0.766879
1.060970e+10 2.213052 0.000000 0.000000 0.797233
1.059660e+10 2.203629 0.000000 0.000000 0.828556
1.058350e+10 2.194282 0.000000 0.000000 0.860873
1.057040e+10 2.185010 0.000000 0.000000 0.894207
1.055731e+10 2.175791 0.000000 0.000000 0.928581
1.054421e+10 2.166626 0.000000 0.000000 0.964022
1.053111e+10 2.157534 0.000000 0.000000 1.000554
1.051801e+10 2.148512 0.000000 0.000000 1.038201
1.050491e+10 2.139542 0.000000 0.000000 1.076990
1.049181e+10 2.130623 0.000000 0.000000 1.116948
1.047872e+10 2.121773 0.000000 0.000000 1.158099
1.046562e+10 2.112992 0.000000 0.000000 1.200473
1.045252e+10 2.104260 0.000000 0.000000 1.244095
1.043942e+10 2.095577 0.000000 0.000000 1.288994
1.042632e+10 2.086957 0.000000 0.000000 1.335197
1.041322e+10 2.078407 0.000000 0.000000 1.382734
1.040012e+10 2.069904 0.000000 0.000000 1.431634
1.038703e+10 2.061447 0.000000 0.000000 1.481925
1.037393e+10 2.053045 0.000000 0.000000 1.533638
1.036083e+10 2.044717 0.000000 0.000000 1.586804
1.034773e+10 2.036433 0.000000 0.000000 1.641452
1.033463e+10 2.028194 0.000000 0.000000 1.697615
1.032153e+10 2.020000 0.000000 0.000000 1.755323
1.030844e+10 2.011884 0.000000 0.000000 1.814610
1.029534e+10 2.003811 0.000000 0.000000 1.875506
1.028224e+10 1.995781 0.000000 0.000000 1.928467
1.026914e+10 1.987794 0.000000 0.000000 1.973370
1.025604e+10 1.979872 0.000000 0.000000 2.018340
1.024294e+10 1.972002 0.000000 0.000000 2.063347
1.022985e+10 1.964173 0.000000 0.000000 2.108359
1.021675e+10 1.956386 0.000000 0.000000 2.153364
1.020365e+10 1.948649 0.000000 0.000000 2.198375
1.019055e+10 1.940974 0.000000 0.000000 2.243408
1.017745e+10 1.933338 0.000000 0.000000 2.288398
1.016435e+10 1.925742 0.000000 0.000000 2.333330
1.015126e+10 1.918185 0.000000 0.000000 2.378190
1.013816e+10 1.910694 0.000000 0.000000 2.423041
1.012506e+10 1.903244 0.000000 0.000000 2.467806
1.011196e+10 1.895832 0.000000 0.000000 2.512462
1.009886e+10 1.888458 0.000000 0.000000 2.556997
1.008576e+10 1.881133 0.000000 0.000000 2.601431
1.007266e+10 1.873862 0.000000 0.000000 2.645775
1.005957e+10 1.866627 0.000000 0.000000 2.689963
1.004647e+10 1.859429 0.000000 0.000000 2.733982
1.003337e+10 1.852267 0.087932 0.000000 2.777822
1.002027e+10 1.845164 0.134721 0.000000 2.821547
1.000717e+10 1.838100 0.186643 0.000000 2.865090
9.994074e+09 1.831072 0.243035 0.000000 2.908423
9.980976e+09 1.824078 0.303340 0.000000 2.951535
9.967878e+09 1.817123 0.367088 0.000000 2.994434
9.954779e+09 1.810224 0.433883 0.000000 3.037173
9.941681e+09 1.803359 0.503358 0.000000 3.079666
9.928582e+09 1.796527 0.575198 0.000000 3.121903
9.915484e+09 1.789728 0.649119 0.000000 3.163874
9.902386e+09 1.782974 0.724877 0.000000 3.205618
9.889287e+09 1.776267 0.802249 0.000000 3.247135
9.876189e+09 1.769591 0.881013 0.000000 3.288366
9.863091e+09 1.762947 0.960976 0.000000 3.329301
9.849992e+09 1.756335 1.041964 0.000000 3.369934
9.836894e+09 1.749772 1.123839 0.000000 3.410327
9.823795e+09 1.743247 1.206445 0.000000 3.450438
9.810697e+09 1.736752 1.289636 0.000000 3.490230
9.797599e+09 1.730289 1.373283 0.000000 3.529694
9.784500e+09 1.723856 1.457269 0.000000 3.568825
9.771402e+09 1.717472 1.541526 0.098800 3.607703
9.758303e+09 1.711122 1.625928 0.104603 3.646258
9.745205e+09 1.704802 1.710373 0.110748 3.684467
9.732107e+09 1.698511 1.794776 0.117254 3.722323
9.719008e+09 1.692249 1.879054 0.124146 3.759821
9.705910e+09 1.686036 1.963187 0.131426 3.797052
9.692811e+09 1.679854 2.047065 0.139136 3.833931
9.679713e+09 1.673700 2.130617 0.147305 3.870443
9.666615e+09 1.667575 2.213785 0.155964 3.906582
9.653516e+09 1.661477 2.296511 0.165144 3.942346
9.640418e+09 1.655426 2.378806 0.174852 3.977825
9.627319e+09 1.649405 2.460574 0.185145 4.012937
9.614221e+09 1.643411 2.541766 0.196065 4.047666
9.601123e+09 1.637444 2.622338 0.207652 4.082008
9.588024e+09 1.631504 2.702253 0.219953 4.115961
9.574926e+09 1.625607 2.781538 0.232985 4.213426
9.561827e+09 1.619740 2.860120 0.246818 4.316291
9.548729e+09 1.613899 2.937955 0.261515 4.417419
9.535631e+09 1.608084 3.015014 0.277136 4.516745
9.522532e+09 1.602295 3.091273 0.293745 4.614212
9.509434e+09 1.596544 3.166762 0.311379 4.709937
9.496335e+09 1.590825 3.241441 0.330123 4.803818
9.483237e+09 1.585132 3.315264 0.350072 4.895721
9.470139e+09 1.579463 3.388210 0.371313 4.985610
9.457040e+09 1.573819 3.460266 0.393937 5.073455
9.443942e+09 1.568207 3.531452 0.418022 5.159339
9.430844e+09 1.562630 3.601777 0.443655 5.243308
9.417745e+09 1.557078 3.671178 0.470988 5.325185
9.404647e+09 1.551549 3.739645 0.500146 5.404957
9.391548e+09 1.546045 3.807169 0.531263 5.482614
9.378450e+09 1.540565 3.873749 0.564477 5.558171
9.365352e+09 1.535125 3.939461 0.599873 5.631868
9.352253e+09 1.529709 4.004214 0.637687 5.703456
9.339155e+09 1.524315 4.068005 0.678098 5.772937
9.326056e+09 1.518944 4.130829 0.721301 5.840318
9.312958e+09 1.513596 4.192683 0.767504 5.905607
9.299860e+09 1.508282 4.253633 0.816862 5.969008
9.286761e+09 1.502996 4.313646 0.869641 6.030439
9.273663e+09 1.497732 4.372689 0.926132 6.089828
9.260564e+09 1.492490 4.430763 0.986613 6.147191
9.247466e+09 1.487270 4.487868 1.051382 6.202547
9.234368e+09 1.482075 4.544027 1.120729 6.255973
9.221269e+09 1.476914 4.599303 1.194907 6.307658
9.208171e+09 1.471775 4.653620 1.274378 6.357409
9.195072e+09 1.466656 4.706981 1.359531 6.405250
9.181974e+09 1.461559 4.759388 1.450781 6.451204
9.168876e+09 1.456483 4.810846 1.548568 6.495298
9.155777e+09 1.451438 4.861426 1.653243 6.537737
9.142679e+09 1.446418 4.911104 1.765338 6.578471
9.129580e+09 1.441419 4.959850 1.885437 6.617434
9.116482e+09 1.436441 5.007668 2.014096 6.654654
9.103384e+09 1.431482 5.054565 2.151901 6.690161
9.090285e+09 1.426544 5.100546 2.299468 6.723986
9.077187e+09 1.421640 5.145721 2.457201 6.756420
9.064088e+09 1.416755 5.189996 2.625990 6.787235
9.050990e+09 1.411891 5.233376 2.806543 6.816462
9.037892e+09 1.407045 5.275869 2.999598 6.844130
9.024793e+09 1.402220 5.317480 3.205920 6.870269
9.011695e+09 1.397417 5.358249 3.426211 6.894988
8.998597e+09 1.392643 5.398226 3.661137 6.918420
8.985498e+09 1.387888 5.437347 3.739012 6.940421
8.972400e+09 1.383152 5.475619 3.808165 6.961020
8.959301e+09 1.378435 5.513050 3.877722 6.980247
8.946203e+09 1.373736 5.549647 3.947650 6.998133
8.933105e+09 1.369062 5.585469 4.017911 7.014828
8.920006e+09 1.364413 5.620529 4.088479 7.030366
8.906908e+09 1.359782 5.654780 4.159330 7.044655
8.893809e+09 1.355169 5.688233 4.230439 7.057724
8.880711e+09 1.350574 5.720894 4.301778 7.069602
8.867613e+09 1.345997 5.752772 4.373323 7.080318
8.854514e+09 1.341445 5.783938 4.445041 7.090041
8.841416e+09 1.336915 5.814379 4.516911 7.098749
8.828317e+09 1.332403 5.844064 4.588912 7.106380
8.815219e+09 1.327908 5.873002 4.661019 7.112963
8.802121e+09 1.323430 5.901200 4.733209 7.118524
8.789022e+09 1.318970 5.928667 4.805457 7.123089
8.775924e+09 1.314534 5.955477 4.877737 7.126825
8.762825e+09 1.310118 5.981609 4.950029 7.129695
8.749727e+09 1.305720 6.007037 5.022312 7.131648
8.736629e+09 1.301338 6.031770 5.094563 7.132709
8.723530e+09 1.296973 6.055815 5.166760 7.132903
8.710432e+09 1.292625 6.079182 5.238883 7.132253
8.697333e+09 1.288299 6.101936 5.310907 7.130903
8.684235e+09 1.283994 6.124069 5.382815 7.128839
8.671137e+09 1.279704 6.145549 5.454586 7.126002
8.658038e+09 1.275431 6.166385 5.526199 7.122415
8.644940e+09 1.271174 6.186585 5.597636 7.118098
8.631841e+09 1.266933 6.206156 5.606187 7.113075
8.618743e+09 1.262712 6.225152 5.614389 7.107451
8.605645e+09 1.258512 6.243588 5.622349 7.101263
8.592546e+09 1.254328 6.261422 5.630026 7.094430
8.579448e+09 1.250159 6.278661 5.637421 7.086972
8.566350e+09 1.246006 6.295314 5.644538 7.078908
8.553251e+09 1.241868 6.311389 5.651379 7.070257
8.540153e+09 1.237747 6.326914 5.657966 7.061080
8.527054e+09 1.233648 6.341947 5.664343 7.076905
8.513956e+09 1.229565 6.356425 5.670453 7.130460
8.500858e+09 1.225496 6.370357 5.676297 7.182523
8.487759e+09 1.221442 6.383750 5.681880 7.233109
8.474661e+09 1.217403 6.396612 5.687203 7.282237
8.461562e+09 1.213378 6.408951 5.692268 7.329925
8.448464e+09 1.209376 6.420854 5.697149 7.376318
8.435366e+09 1.205390 6.432255 5.701785 7.421320
8.422267e+09 1.201417 6.443155 5.706171 7.464940
8.409169e+09 1.197459 6.453562 5.710311 7.507197
8.396070e+09 1.193515 6.463483 5.714207 7.548108
8.382972e+09 1.189585 6.472924 5.717862 7.587694
8.369874e+09 1.185673 6.481937 5.721317 7.626043
8.356775e+09 1.181779 6.490524 5.724568 7.663168
8.343677e+09 1.177899 6.498654 5.727587 7.699027
8.330578e+09 1.174033 6.506332 5.730375 7.733639
8.317480e+09 1.170180 6.513567 5.732934 7.767023
8.304382e+09 1.166341 6.520364 5.735268 7.799198
8.291283e+09 1.162516 6.526735 5.737383 7.830190
8.278185e+09 1.158712 6.532755 5.739340 7.860132
8.265086e+09 1.154921 6.538359 5.741079 7.888924
8.251988e+09 1.151143 6.543552 5.742602 7.916585
8.238890e+09 1.147378 6.548340 5.743913 7.943135
8.225791e+09 1.143627 6.552731 5.745013 7.968592
8.212693e+09 1.139888 6.556730 5.745904 7.992974
8.199594e+09 1.136166 6.560378 5.746621 8.016358
8.186496e+09 1.132460 6.563685 5.747166 8.038767
8.173398e+09 1.128768 6.566619 5.747510 8.058855
8.160299e+09 1.125088 6.569185 5.747656 8.075429
8.147201e+09 1.121420 6.571390 5.747606 8.091123
8.134103e+09 1.117766 6.573240 5.747362 8.105956
8.121004e+09 1.114123 6.574740 5.746927 8.136778
8.107906e+09 1.110499 6.575952 5.746350 8.189246
8.094807e+09 1.106888 6.576837 5.745597 8.241087
8.081709e+09 1.103289 6.577390 5.744660 8.292294
8.068611e+09 1.099703 6.577616 5.743541 8.338012
8.055512e+09 1.096129 6.577519 5.742242 8.329776
8.042414e+09 1.092567 6.577107 5.740765 8.321052
8.029315e+09 1.089017 6.576388 5.739117 8.311887
8.016217e+09 1.085485 6.575421 5.737346 8.302403
8.003119e+09 1.081965 6.574153 5.735403 8.292521
7.990020e+09 1.078456 6.572590 5.733292 8.282263
7.976922e+09 1.074960 6.570736 5.731015 8.271647
7.963823e+09 1.071475 6.568597 5.728573 8.260693
7.950725e+09 1.068002 6.566177 5.725969 8.249416
7.937627e+09 1.064542 6.563495 5.723217 8.240018
7.924528e+09 1.061097 6.560585 5.720344 8.243802
7.911430e+09 1.057664 6.557410 5.717315 8.247005
7.898331e+09 1.054242 6.553972 5.714132 8.249641
7.885233e+09 1.050831 6.550278 5.710798 8.251723
7.872135e+09 1.047432 6.546331 5.707314 8.253265
7.859036e+09 1.044044 6.542135 5.703683 8.254278
7.845938e+09 1.040669 6.537713 5.699919 8.254804
7.832839e+09 1.037308 6.533088 5.696043 8.254886
7.819741e+09 1.033958 6.528227 5.692025 8.254477
7.806643e+09 1.030619 6.523136 5.687868 8.253588
7.793544e+09 1.027292 6.517818 5.683572 8.252230
7.780446e+09 1.023975 6.512277 5.679141 8.250414
7.767348e+09 1.020668 6.506518 5.674576 8.248153
7.754249e+09 1.017374 6.500559 5.669891 8.245479
7.741151e+09 1.014094 6.494423 5.665104 8.242436
7.728052e+09 1.010824 6.488080 5.660189 8.238977
7.714954e+09 1.007565 6.481535 5.655147 8.235114
7.701856e+09 1.004316 6.474790 5.649981 8.230856
7.688757e+09 1.001078 6.467851 5.644692 8.226213
7.675659e+09 0.997850 6.460720 5.639282 8.221194
7.662560e+09 0.994634 6.453409 5.633760 8.215822
7.649462e+09 0.991431 6.445948 5.628149 8.210149
7.636364e+09 0.988238 6.438307 5.622422 8.204128
7.623265e+09 0.985055 6.430488 5.616581 8.197767
7.610167e+09 0.981883 6.422496 5.610628 8.191074
7.597068e+09 0.978720 6.414333 5.604565 8.184059
7.583970e+09 0.975568 6.406003 5.598392 8.176729
7.570872e+09 0.972426 6.397510 5.592113 8.169092
7.557773e+09 0.969296 6.388893 5.585759 8.161218
7.544675e+09 0.966177 6.380119 5.579302 8.153052
7.531576e+09 0.963068 6.371191 5.572742 8.144603
7.518478e+09 0.959969 6.362112 5.566081 8.135877
7.505380e+09 0.956879 6.352885 5.559321 8.126882
7.492281e+09 0.953799 6.343513 5.552464 8.117626
7.479183e+09 0.950729 6.333999 5.545510 8.108114
7.466084e+09 0.947670 6.324369 5.538482 8.098391
7.452986e+09 0.944622 6.314612 5.531368 8.088442
7.439888e+09 0.941584 6.304722 5.521152 8.078257
7.426789e+09 0.938554 6.294702 5.501482 8.067843
7.413691e+09 0.935535 6.284554 5.481868 8.057207
7.400592e+09 0.932524 6.274281 5.462312 8.046355
7.387494e+09 0.929523 6.263885 5.442815 8.035291
7.374396e+09 0.926532 6.253379 5.423390 8.024038
7.361297e+09 0.923552 6.242775 5.404046 8.012615
7.348199e+09 0.920582 6.232056 5.384766 8.000998
7.335101e+09 0.917620 6.221225 5.365548 7.989193
7.322002e+09 0.914668 6.210285 5.346396 7.977205
7.308904e+09 0.911724 6.199238 5.327310 7.965041
7.295805e+09 0.908790 6.188086 5.308290 7.952703
7.282707e+09 0.905864 6.176832 5.289338 7.940199
7.269609e+09 0.902950 6.165498 5.270477 7.927563
7.256510e+09 0.900044 6.154070 5.251689 7.914775
7.243412e+09 0.897147 6.142547 5.232971 7.878417
7.230313e+09 0.894260 6.130930 5.214324 7.841654
7.217215e+09 0.891381 6.119223 5.195749 7.804863
7.204117e+09 0.888510 6.107427 5.177247 7.768053
7.191018e+09 0.885649 6.095545 5.158817 7.731236
7.177920e+09 0.882796 6.083584 5.140468 7.694432
7.164821e+09 0.879953 6.071554 5.122206 7.657665
7.151723e+09 0.877119 6.059444 5.104020 7.620915
7.138625e+09 0.874294 6.047255 5.085909 7.584189
7.125526e+09 0.871476 6.034990 5.067874 7.547494
7.112428e+09 0.868668 6.022652 5.049916 7.510837
7.099329e+09 0.865867 6.010240 5.032034 7.474223
7.086231e+09 0.863076 5.997759 5.014230 7.437659
7.073133e+09 0.860293 5.985218 4.996513 7.401169
7.060034e+09 0.857519 5.972615 4.978880 7.364751
7.046936e+09 0.854753 5.959948 4.961325 7.328398
7.033837e+09 0.851996 5.947218 4.943848 7.292116
7.020739e+09 0.849246 5.934426 4.926451 7.255910
7.007641e+09 0.846505 5.921575 4.909133 7.219784
6.994542e+09 0.843772 5.908666 4.891895 7.183742
6.981444e+09 0.841047 5.895700 4.874736 7.163096
6.968345e+09 0.838331 5.882689 4.857666 7.148357
6.955247e+09 0.835623 5.869626 4.840678 7.133552
6.942149e+09 0.832923 5.856512 4.823770 7.118682
6.929050e+09 0.830230 5.843348 4.806942 7.103749
6.915952e+09 0.827546 5.830136 4.790196 7.088756
6.902854e+09 0.824870 5.816878 4.773529 7.073705
6.889755e+09 0.822201 5.803574 4.756944 7.058600
6.876657e+09 0.819540 5.790227 4.740441 7.043442
6.863558e+09 0.816888 5.776844 4.724023 7.028239
6.850460e+09 0.814243 5.763419 4.707686 7.012989
6.837362e+09 0.811606 5.749955 4.691431 6.997692
6.824263e+09 0.808976 5.736453 4.675256 6.982352
6.811165e+09 0.806354 5.722915 4.659163 6.966970
6.798066e+09 0.803740 5.709342 4.643151 6.951549
6.784968e+09 0.801133 5.695735 4.627220 6.936090
6.771870e+09 0.798534 5.682095 4.611370 6.920596
6.758771e+09 0.795942 5.668426 4.595603 6.905070
6.745673e+09 0.793358 5.654726 4.579916 6.889512
6.732574e+09 0.790782 5.640998 4.564311 6.873924
6.719476e+09 0.788212 5.627242 4.548786 6.858309
6.706378e+09 0.785650 5.613460 4.533342 6.842668
6.693279e+09 0.783096 5.599653 4.517978 6.827002
6.680181e+09 0.780548 5.585822 4.502695 6.811314
6.667082e+09 0.778008 5.571968 4.487492 6.795604
6.653984e+09 0.775475 5.558090 4.472368 6.779873
6.640886e+09 0.772950 5.544192 4.457324 6.764124
6.627787e+09 0.770431 5.530274 4.442359 6.748360
6.614689e+09 0.767919 5.516338 4.427475 6.732581
6.601590e+09 0.765415 5.502384 4.412670 6.716789
6.588492e+09 0.762918 5.488414 4.397944 6.700985
6.575394e+09 0.760428 5.474429 4.383298 6.685172
6.562295e+09 0.757944 5.460429 4.368731 6.669350
6.549197e+09 0.755468 5.446411 4.354237 6.653514
6.536098e+09 0.752998 5.432380 4.339822 6.637672
6.523000e+09 0.750535 5.418338 4.325486 6.621825
6.509902e+09 0.748079 5.404286 4.311227 6.605976
6.496803e+09 0.745630 5.390223 4.297047 6.590125
6.483705e+09 0.743188 5.376153 4.282945 6.574273
6.470607e+09 0.740753 5.362074 4.268920 6.558421
6.457508e+09 0.738324 5.347989 4.254972 6.542572
6.444410e+09 0.735902 5.333891 4.241095 6.526716
6.431311e+09 0.733486 5.319786 4.227294 6.510863
6.418213e+09 0.731076 5.305677 4.213568 6.495015
6.405115e+09 0.728674 5.291564 4.199920 6.479173
6.392016e+09 0.726278 5.277448 4.186347 6.463338
6.378918e+09 0.723889 5.263331 4.172850 6.447512
6.365819e+09 0.721506 5.249213 4.159428 6.431695
6.352721e+09 0.719130 5.235094 4.146082 6.415889
6.339623e+09 0.716760 5.220970 4.132805 6.400087
6.326524e+09 0.714396 5.206841 4.119598 6.384289
6.313426e+09 0.712039 5.192714 4.106465 6.368505
6.300327e+09 0.709688 5.178589 4.093407 6.352735
6.287229e+09 0.707343 5.164468 4.080422 6.336981
6.274131e+09 0.705005 5.150351 4.067510 6.321242
6.261032e+09 0.702673 5.136239 4.054672 6.305520
6.247934e+09 0.700347 5.122132 4.041907 6.289815
6.234835e+09 0.698028 5.108029 4.029213 6.268410
6.221737e+09 0.695714 5.093920 4.016580 6.246036
6.208639e+09 0.693406 5.079818 4.004019 6.223722
6.195540e+09 0.691104 5.065725 3.991530 6.201468
6.182442e+09 0.688809 5.051639 3.979112 6.179277
6.169343e+09 0.686519 5.037563 3.966765 6.157148
6.156245e+09 0.684236 5.023497 3.954489 6.135084
6.143147e+09 0.681960 5.009441 3.942284 6.113084
6.130048e+09 0.679689 4.995396 3.930148 6.091150
6.116950e+09 0.677423 4.981351 3.918074 6.069267
6.103851e+09 0.675163 4.967312 3.906063 6.047442
6.090753e+09 0.672909 4.953285 3.894122 6.025685
6.077655e+09 0.670661 4.939272 3.882249 6.003996
6.064556e+09 0.668419 4.925271 3.870445 5.982377
6.051458e+09 0.666183 4.911286 3.858710 5.960829
6.038360e+09 0.663953 4.897314 3.847042 5.939351
6.025261e+09 0.661729 4.883358 3.835442 5.917944
6.012163e+09 0.659510 4.869417 3.823908 5.896609
5.999064e+09 0.657296 4.855472 3.812426 5.875317
5.985966e+09 0.655088 4.841543 3.801010 5.854099
5.972868e+09 0.652885 4.827632 3.789661 5.832954
5.959769e+09 0.650689 4.813738 3.778377 5.811883
5.946671e+09 0.648498 4.799862 3.767160 5.790887
5.933572e+09 0.646313 4.786005 3.756007 5.769965
5.920474e+09 0.644134 4.772166 3.744920 5.749118
5.907376e+09 0.641961 4.758346 3.733897 5.728346
5.894277e+09 0.639792 4.744537 3.722932 5.707638
5.881179e+09 0.637628 4.730734 3.712020 5.686986
5.868080e+09 0.635469 4.716952 3.701172 5.666411
5.854982e+09 0.633317 4.703190 3.690387 5.645913
5.841884e+09 0.631169 4.689449 3.679665 5.625491
5.828785e+09 0.629028 4.675730 3.669006 5.605147
5.815687e+09 0.626892 4.662032 3.658410 5.584880
5.802588e+09 0.624762 4.648357 3.647875 5.564691
5.789490e+09 0.622637 4.634704 3.637403 5.544580
5.776392e+09 0.620516 4.621059 3.626979 5.524525
5.763293e+09 0.618400 4.607428 3.616610 5.504536
5.750195e+09 0.616289 4.593819 3.606302 5.484625
5.737096e+09 0.614184 4.580235 3.596054 5.464793
5.723998e+09 0.612084 4.566675 3.585866 5.445039
5.710900e+09 0.609990 4.553140 3.575739 5.425364
5.697801e+09 0.607901 4.539629 3.565670 5.405768
5.684703e+09 0.605818 4.526144 3.555661 5.386251
5.671604e+09 0.603740 4.512683 3.545711 5.366813
5.658506e+09 0.601665 4.499228 3.535804 5.347426
5.645408e+09 0.599595 4.485792 3.525951 5.328110
5.632309e+09 0.597531 4.472383 3.516155 5.308873
5.619211e+09 0.595471 4.459000 3.506418 5.289716
5.606113e+09 0.593417 4.445644 3.496738 5.270638
5.593014e+09 0.591369 4.432315 3.487114 5.251640
5.579916e+09 0.589325 4.419013 3.477548 5.232720
5.566817e+09 0.587287 4.405738 3.468038 5.213880
5.553719e+09 0.585254 4.392491 3.458584 5.195120
5.540621e+09 0.583223 4.379248 3.449168 5.176407
5.527522e+09 0.581198 4.366029 3.439804 5.157766
5.514424e+09 0.579177 4.352837 3.430496 5.139205
5.501325e+09 0.577162 4.339675 3.421242 5.120724
5.488227e+09 0.575152 4.326541 3.412043 5.102321
5.475129e+09 0.573147 4.313436 3.402899 5.083998
5.462030e+09 0.571147 4.300361 3.393808 5.065754
5.448932e+09 0.569152 4.287315 3.384771 5.047588
5.435833e+09 0.567162 4.274298 3.375787 5.029502
5.422735e+09 0.565175 4.261287 3.366839 5.011462
5.409637e+09 0.563192 4.248300 3.357940 4.993493
5.396538e+09 0.561214 4.235342 3.349093 4.975603
5.383440e+09 0.559241 4.222416 3.340298 4.957792
5.370341e+09 0.557273 4.209519 3.331556 4.940059
5.357243e+09 0.555310 4.196654 3.322865 4.922404
5.344145e+09 0.553352 4.183819 3.314225 4.904827
5.331046e+09 0.551399 4.171015 3.305636 4.887328
5.317948e+09 0.549450 4.158242 3.297099 4.869908
5.304849e+09 0.547505 4.145479 3.288596 4.852536
5.291751e+09 0.545563 4.132737 3.280136 4.835230
5.278653e+09 0.543626 4.120027 3.271727 4.818000
5.265554e+09 0.541694 4.107348 3.263367 4.800849
5.252456e+09 0.539766 4.094701 3.255056 4.783774
5.239358e+09 0.537844 4.082086 3.246795 4.766777
5.226259e+09 0.535926 4.069504 3.238583 4.749856
5.213161e+09 0.534013 4.056953 3.230419 4.733011
5.200062e+09 0.532105 4.044434 3.222303 4.716244
5.186964e+09 0.530200 4.031933 3.214225 4.699532
5.173866e+09 0.528297 4.019446 3.206182 4.682874
5.160767e+09 0.526400 4.006992 3.198186 4.666292
5.147669e+09 0.524507 3.994571 3.190238 4.649786
5.134570e+09 0.522618 3.982183 3.182337 4.633356
5.121472e+09 0.520735 3.969828 3.174483 4.617001
5.108374e+09 0.518856 3.957505 3.166675 4.600721
5.095275e+09 0.516981 3.945216 3.158913 4.584516
5.082177e+09 0.515112 3.932960 3.151197 4.568385
5.069078e+09 0.513246 3.920732 3.143522 4.552322
5.055980e+09 0.511382 3.908508 3.135874 4.536296
5.042882e+09 0.509522 3.896318 3.128270 4.520345
5.029783e+09 0.507667 3.884161 3.120712 4.504468
5.016685e+09 0.505816 3.872038 3.113199 4.488665
5.003586e+09 0.503970 3.859949 3.105729 4.472936
4.990488e+09 0.502129 3.847894 3.098304 4.457279
4.977390e+09 0.500291 3.835872 3.090923 4.441695
4.964291e+09 0.498459 3.823884 3.083585 4.415181
4.951193e+09 0.496631 3.811930 3.076291 4.386792
4.938094e+09 0.494804 3.799983 3.069021 4.358558
4.924996e+09 0.492981 3.788062 3.061789 4.330521
4.911898e+09 0.491162 3.776174 3.054600 4.302694
4.898799e+09 0.489348 3.764322 3.047453 4.275078
4.885701e+09 0.487538 3.752503 3.040348 4.247670
4.872602e+09 0.485732 3.740719 3.033285 4.220470
4.859504e+09 0.483931 3.728969 3.026265 4.193476
4.846406e+09 0.482134 3.717254 3.019285 4.166686
4.833307e+09 0.480342 3.705572 3.012347 4.140100
4.820209e+09 0.478552 3.693914 3.005442 4.113693
4.807111e+09 0.476764 3.682265 2.998561 4.087439
4.794012e+09 0.474980 3.670651 2.991721 4.061385
4.780914e+09 0.473201 3.659071 2.984921 4.035530
4.767815e+09 0.471426 3.647526 2.978162 4.009872
4.754717e+09 0.469655 3.636016 2.971442 3.984411
4.741619e+09 0.467888 3.624540 2.964762 3.959144
4.728520e+09 0.466126 3.613099 2.958122 3.934070
4.715422e+09 0.464368 3.601692 2.951520 3.909188
4.702323e+09 0.462614 3.590320 2.944958 3.884496
4.689225e+09 0.460861 3.578955 2.938416 3.859942
4.676127e+09 0.459111 3.567615 2.931906 3.835558
4.663028e+09 0.457365 3.556310 2.925435 3.811361
4.649930e+09 0.455624 3.545040 2.919003 3.787351
4.636831e+09 0.453886 3.533804 2.912608 3.763524
4.623733e+09 0.452153 3.522603 2.904437 3.739881
4.610635e+09 0.450424 3.511437 2.889429 3.716419
4.597536e+09 0.448699 3.500306 2.880174 3.693137
4.584438e+09 0.446978 3.489210 2.872795 3.670034
4.571339e+09 0.445261 3.478144 2.865444 3.647101
4.558241e+09 0.443544 3.467079 2.858099 3.624284
4.545143e+09 0.441830 3.456048 2.850783 3.601642
4.532044e+09 0.440121 3.445053 2.843496 3.579174
4.518946e+09 0.438416 3.434092 2.836238 3.556880
4.505847e+09 0.436715 3.423166 2.829009 3.534757
4.492749e+09 0.435018 3.412275 2.821808 3.512804
4.479651e+09 0.433325 3.401419 2.814635 3.491019
4.466552e+09 0.431636 3.390597 2.807490 3.469402
4.453454e+09 0.429951 3.379810 2.800372 3.447951
4.440355e+09 0.428268 3.369043 2.793273 3.426641
4.427257e+09 0.426586 3.358287 2.786184 3.405452
4.414159e+09 0.424908 3.347565 2.779123 3.384427
4.401060e+09 0.423234 3.336878 2.772089 3.363564
4.387962e+09 0.421564 3.326226 2.765082 3.342861
4.374864e+09 0.419898 3.315609 2.758103 3.322317
4.361765e+09 0.418235 3.305025 2.751150 3.305025
4.348667e+09 0.416577 3.294477 2.744224 3.294477
4.335568e+09 0.414922 3.283963 2.737325 3.283963
4.322470e+09 0.413272 3.273483 2.730453 3.273483
4.309372e+09 0.411622 3.263016 2.723591 3.263016
4.296273e+09 0.409974 3.252567 2.716745 3.252567
4.283175e+09 0.408330 3.242151 2.709924 3.242151
4.270076e+09 0.406690 3.231771 2.703130 3.231771
4.256978e+09 0.405054 3.221424 2.696362 3.221424
4.243880e+09 0.403421 3.211112 2.689620 3.211112
4.230781e+09 0.401793 3.200835 2.682904 3.200835
4.217683e+09 0.400168 3.190591 2.676214 3.190591
4.204584e+09 0.398547 3.180382 2.669550 3.180382
4.191486e+09 0.396929 3.170206 2.662911 3.170206
4.178388e+09 0.395312 3.160040 2.656279 3.160040
4.165289e+09 0.393697 3.149893 2.649664 3.149893
4.152191e+09 0.392086 3.139781 2.643074 3.139781
4.139092e+09 0.390478 3.129703 2.636509 3.129703
4.125994e+09 0.388874 3.119659 2.629969 3.119659
4.112896e+09 0.387274 3.109649 2.623455 3.109649
4.099797e+09 0.385678 3.099673 2.616966 3.099673
4.086699e+09 0.384085 3.089730 2.610501 3.089730
4.073600e+09 0.382496 3.079822 2.604061 3.079822
4.060502e+09 0.380911 3.069947 2.597646 3.069947
4.047404e+09 0.379325 3.060079 2.591237 3.060079
4.034305e+09 0.377742 3.050232 2.584843 3.050232
4.021207e+09 0.376162 3.040419 2.578474 3.040419
4.008108e+09 0.374586 3.030639 2.572130 3.030639
3.995010e+09 0.373014 3.020893 2.565809 3.020893
3.981912e+09 0.371445 3.011180 2.559513 3.011180
3.968813e+09 0.369879 3.001501 2.553241 3.001501
3.955715e+09 0.368318 2.991855 2.546993 2.991855
3.942617e+09 0.366759 2.982243 2.540769 2.982243
3.929518e+09 0.365205 2.972664 2.534569 2.972664
3.916420e+09 0.363650 2.963093 2.528376 2.963093
3.903321e+09 0.362098 2.953541 2.522195 2.953541
3.890223e+09 0.360548 2.944021 2.516039 2.944021
3.877125e+09 0.359002 2.934535 2.509906 2.934535
3.864026e+09 0.357460 2.925082 2.503796 2.925082
3.850928e+09 0.355921 2.915661 2.497710 2.915661
3.837829e+09 0.354386 2.906274 2.491647 2.906274
3.824731e+09 0.352854 2.896920 2.485607 2.896920
3.811633e+09 0.351326 2.887598 2.479591 2.887598
3.798534e+09 0.349801 2.878308 2.473465 2.878308
3.785436e+09 0.348277 2.869034 2.466481 2.869034
3.772337e+09 0.346753 2.859770 2.459523 2.859770
3.759239e+09 0.345233 2.850539 2.452608 2.850539
3.746141e+09 0.343717 2.841340 2.445734 2.841340
3.733042e+09 0.342204 2.832174 2.438901 2.832174
3.719944e+09 0.340694 2.823041 2.432110 2.823041
3.706845e+09 0.339187 2.813939 2.425359 2.813939
3.693747e+09 0.337684 2.804870 2.418649 2.804870
3.680649e+09 0.336185 2.795833 2.411979 2.795833
3.667550e+09 0.334688 2.786828 2.405349 2.786828
3.654452e+09 0.333194 2.777846 2.395648 2.777846
3.641353e+09 0.331699 2.768866 2.381951 2.768866
3.628255e+09 0.330207 2.759917 2.368356 2.759917
3.615157e+09 0.328719 2.751000 2.354863 2.751000
3.602058e+09 0.327234 2.742115 2.341470 2.742115
3.588960e+09 0.325752 2.733262 2.328177 2.733262
3.575861e+09 0.324274 2.724440 2.314983 2.724440
3.562763e+09 0.322798 2.715650 2.301887 2.715650
3.549665e+09 0.321326 2.706892 2.288888 2.706892
3.536566e+09 0.319858 2.698165 2.275986 2.698165
3.523468e+09 0.318392 2.689469 2.263179 2.689469
3.510370e+09 0.316925 2.680769 2.250420 2.680769
3.497271e+09 0.315461 2.672096 2.237751 2.672096
3.484173e+09 0.314000 2.663454 2.225176 2.663454
3.471074e+09 0.312542 2.654844 2.212694 2.654844
3.457976e+09 0.311087 2.646265 2.200304 2.646265
3.444878e+09 0.309635 2.637717 2.188006 2.637717
3.431779e+09 0.308187 2.629200 2.175798 2.629200
3.418681e+09 0.306742 2.620713 2.163681 2.620713
3.405582e+09 0.305300 2.612258 2.151652 2.612258
3.392484e+09 0.303861 2.603832 2.139712 2.603832
3.379386e+09 0.302423 2.595418 2.127834 2.595418
3.366287e+09 0.300984 2.587014 2.116019 2.587014
3.353189e+09 0.299549 2.578641 2.104291 2.578641
3.340090e+09 0.298118 2.570299 2.092649 2.570299
3.326992e+09 0.296689 2.561987 2.081092 2.561987
3.313894e+09 0.295263 2.553706 2.069620 2.553706
3.300795e+09 0.293841 2.545455 2.058232 2.545455
3.287697e+09 0.292422 2.537233 2.046927 2.537233
3.274598e+09 0.291005 2.529042 2.035705 2.529042
3.261500e+09 0.289592 2.520881 2.024565 2.520881
3.248402e+09 0.288182 2.512748 2.013503 2.512748
3.235303e+09 0.286769 2.504607 2.002476 2.504607
3.222205e+09 0.285360 2.496496 1.991530 2.496496
3.209106e+09 0.283953 2.488415 1.980663 2.488415
3.196008e+09 0.282550 2.480364 1.969875 2.480364
3.182910e+09 0.281149 2.472342 1.959166 2.472342
3.169811e+09 0.279752 2.464350 1.948534 2.464350
3.156713e+09 0.278358 2.456387 1.937980 2.456387
3.143615e+09 0.276966 2.448453 1.927501 2.448453
3.130516e+09 0.275578 2.440549 1.917099 2.440549
3.117418e+09 0.274193 2.432674 1.906771 2.432674
3.104319e+09 0.272808 2.424808 1.896495 2.424808
3.091221e+09 0.271423 2.416952 1.886270 2.416952
3.078123e+09 0.270040 2.409125 1.876120 2.409125
3.065024e+09 0.268661 2.401327 1.866042 2.401327
3.051926e+09 0.267285 2.393559 1.856037 2.393559
3.038827e+09 0.265912 2.385818 1.846103 2.385818
3.025729e+09 0.264542 2.378107 1.836241 2.378107
3.012631e+09 0.263175 2.370424 1.826450 2.370424
2.999532e+09 0.261810 2.362770 1.816729 2.362770
2.986434e+09 0.260449 2.355144 1.807078 2.355144
2.973335e+09 0.259091 2.347546 1.797495 2.347546
2.960237e+09 0.257730 2.339943 1.787942 2.339943
2.947139e+09 0.256371 2.332363 1.778452 2.332363
2.934040e+09 0.255016 2.324811 1.769030 2.324811
2.920942e+09 0.253663 2.317288 1.759675 2.317288
2.907843e+09 0.252313 2.309793 1.750387 2.312367
2.894745e+09 0.250966 2.302326 1.741165 2.309262
2.881647e+09 0.249622 2.294886 1.732008 2.306174
2.868548e+09 0.248281 2.287475 1.722917 2.303106
2.855450e+09 0.246943 2.280091 1.713890 2.300056
2.842351e+09 0.245608 2.272735 1.704927 2.297025
2.829253e+09 0.244274 2.265399 1.696019 2.294008
2.816155e+09 0.242938 2.258059 1.687140 2.290993
2.803056e+09 0.241605 2.250747 1.678324 2.287996
2.789958e+09 0.240275 2.243463 1.669570 2.285017
2.776859e+09 0.238948 2.236206 1.660878 2.282057
2.763761e+09 0.237624 2.228976 1.652248 2.279115
2.750663e+09 0.236302 2.221773 1.643678 2.276190
2.737564e+09 0.234984 2.214597 1.635168 2.273284
2.724466e+09 0.233668 2.207448 1.626719 2.270395
2.711368e+09 0.232355 2.200326 1.618328 2.267524
2.698269e+09 0.231044 2.193231 1.609996 2.264670
2.685171e+09 0.229734 2.186147 1.601706 2.261826
2.672072e+09 0.228423 2.179067 1.593451 2.258987
2.658974e+09 0.227115 2.172014 1.585253 2.256166
2.645876e+09 0.225810 2.164988 1.577112 2.253362
2.632777e+09 0.224507 2.157988 1.569028 2.250575
2.619679e+09 0.223208 2.151015 1.561001 2.247805
2.606580e+09 0.221911 2.144068 1.553030 2.245053
2.593482e+09 0.220616 2.137147 1.545114 2.242317
2.580384e+09 0.219325 2.130252 1.537253 2.239599
2.567285e+09 0.218036 2.123384 1.529447 2.236897
2.554187e+09 0.216750 2.116541 1.521695 2.234212
2.541088e+09 0.215463 2.109703 1.513975 2.231532
2.527990e+09 0.214176 2.102875 1.506291 2.228860
2.514892e+09 0.212892 2.096072 1.498661 2.226205
2.501793e+09 0.211611 2.089296 1.491083 2.223567
2.488695e+09 0.210332 2.082545 1.483558 2.220944
2.475596e+09 0.209056 2.075820 1.476085 2.218339
2.462498e+09 0.207782 2.069120 1.468663 2.215749
2.449400e+09 0.206512 2.062446 1.461293 2.213176
2.436301e+09 0.205244 2.055797 1.453973 2.210618
2.423203e+09 0.203978 2.049173 1.446703 2.208077
2.410104e+09 0.202716 2.042574 1.439484 2.205552
2.397006e+09 0.201451 2.035977 1.432290 2.203030
2.383908e+09 0.200188 2.029392 1.425132 2.200516
2.370809e+09 0.198927 2.022832 1.418023 2.198019
2.357711e+09 0.197668 2.016296 1.410963 2.195537
2.344612e+09 0.196412 2.009786 1.403951 2.193071
2.331514e+09 0.195159 2.003300 1.396987 2.190621
2.318416e+09 0.193909 1.996840 1.390071 2.188186
2.305317e+09 0.192661 1.990404 1.383202 2.185767
2.292219e+09 0.191416 1.983992 1.376379 2.183363
2.279121e+09 0.190173 1.977605 1.369603 2.180974
2.266022e+09 0.188933 1.971242 1.362873 2.178600
2.252924e+09 0.187691 1.964879 1.356165 2.176229
2.239825e+09 0.186450 1.958529 1.349490 2.173866
2.226727e+09 0.185211 1.952202 1.342861 2.171519
2.213629e+09 0.183975 1.945900 1.336277 2.169186
2.200530e+09 0.182741 1.939622 1.329737 2.166869
2.187432e+09 0.181510 1.933368 1.323242 2.164566
2.174333e+09 0.180282 1.927138 1.316790 2.162278
2.161235e+09 0.179056 1.920932 1.310382 2.160005
2.148137e+09 0.177833 1.914749 1.304017 2.157746
2.135038e+09 0.176612 1.908590 1.297695 2.155502
2.121940e+09 0.175394 1.902455 1.291415 2.153273
2.108841e+09 0.174174 1.896322 1.285157 2.151046
2.095743e+09 0.172955 1.890198 1.278928 2.148827
2.082645e+09 0.171737 1.884097 1.272740 2.146622
2.069546e+09 0.170523 1.878020 1.266594 2.144431
2.056448e+09 0.169311 1.871966 1.260489 2.142255
2.043349e+09 0.168101 1.865936 1.254425 2.140093
2.030251e+09 0.166894 1.859928 1.248401 2.137944
2.017153e+09 0.165690 1.853944 1.242417 2.135810
2.004054e+09 0.164487 1.847982 1.236474 2.133690
1.990956e+09 0.163288 1.842044 1.230569 2.131584
1.977857e+09 0.162091 1.836128 1.224704 2.129492
1.964759e+09 0.160893 1.830219 1.218863 2.127405
1.951661e+09 0.159694 1.824313 1.213044 2.125321
1.938562e+09 0.158498 1.818430 1.207263 2.123252
1.925464e+09 0.157304 1.812570 1.201520 2.121197
1.912365e+09 0.156113 1.806732 1.195815 2.119155
1.899267e+09 0.154924 1.800917 1.190149 2.117126
1.886169e+09 0.153738 1.795125 1.184519 2.115111
1.873070e+09 0.152554 1.789354 1.178927 2.113110
1.859972e+09 0.151372 1.783606 1.173371 2.111122
1.846874e+09 0.150193 1.777880 1.167852 2.109147
1.833775e+09 0.149016 1.772176 1.162370 2.107185
1.820677e+09 0.147840 1.766485 1.156915 2.105232
1.807578e+09 0.146662 1.760790 1.151473 2.103279
1.794480e+09 0.145486 1.755117 1.146067 2.101339
1.781382e+09 0.144312 1.749466 1.140696 2.099412
1.768283e+09 0.143141 1.743837 1.135361 2.097498
1.755185e+09 0.141972 1.738230 1.130061 2.095597
1.742086e+09 0.140806 1.732644 1.124795 2.093709
1.728988e+09 0.139642 1.727080 1.119563 2.091834
1.715890e+09 0.138480 1.721538 1.114366 2.089972
1.702791e+09 0.137321 1.716016 1.109202 2.088122
1.689693e+09 0.136164 1.710516 1.104072 2.086285
1.676594e+09 0.135009 1.705038 1.098976 2.084461
1.663496e+09 0.133851 1.699546 1.093883 2.082632
1.650398e+09 0.132694 1.694076 1.088823 2.080816
1.637299e+09 0.131540 1.688627 1.083795 2.079012
1.624201e+09 0.130388 1.683199 1.078801 2.077220
1.611102e+09 0.129239 1.677792 1.073839 2.075441
1.598004e+09 0.128092 1.672406 1.068909 2.073675
1.584906e+09 0.126947 1.667040 1.064010 2.071920
1.571807e+09 0.125805 1.661696 1.059144 2.070178
1.558709e+09 0.124665 1.656372 1.054308 2.068448
1.545610e+09 0.123527 1.651069 1.049504 2.066731
1.532512e+09 0.122391 1.645786 1.044730 2.065025
1.519414e+09 0.121254 1.640502 1.039969 2.063320
1.506315e+09 0.120116 1.635226 1.035228 2.061622
1.493217e+09 0.118981 1.629972 1.030518 2.059935
1.480118e+09 0.117848 1.624737 1.025839 2.058261
1.467020e+09 0.116718 1.619523 1.021189 2.056599
1.453922e+09 0.115589 1.614330 1.016569 2.054948
1.440823e+09 0.114463 1.609156 1.011978 2.053309
1.427725e+09 0.113340 1.604003 1.007417 2.051682
1.414627e+09 0.112218 1.598869 1.002885 2.050067
1.401528e+09 0.111099 1.593755 0.998382 2.048463
1.388430e+09 0.109982 1.588661 0.993907 2.046871
1.375331e+09 0.108865 1.583578 0.989453 2.045285
1.362233e+09 0.107746 1.578491 0.985008 2.043700
1.349135e+09 0.106629 1.573424 0.980592 2.042126
1.336036e+09 0.105515 1.568376 0.976203 2.040564
1.322938e+09 0.104402 1.563348 0.971842 2.039013
1.309839e+09 0.103292 1.558340 0.967509 2.037473
1.296741e+09 0.102184 1.553351 0.963203 2.035945
1.283643e+09 0.101078 1.548381 0.958925 2.034428
1.270544e+09 0.099975 1.543431 0.954673 2.032923
1.257446e+09 0.098874 1.538499 0.950448 2.031428
1.244347e+09 0.097775 1.533587 0.946250 2.029945
1.231249e+09 0.096678 1.528694 0.942078 2.028472
1.218151e+09 0.095578 1.523794 0.937911 2.026998
1.205052e+09 0.094478 1.518907 0.933766 2.025532
1.191954e+09 0.093381 1.514039 0.929646 2.024077
1.178855e+09 0.092287 1.509191 0.925553 2.022633
1.165757e+09 0.091194 1.504361 0.921485 2.021200
1.152659e+09 0.090104 1.499549 0.917443 2.019778
1.139560e+09 0.089016 1.494757 0.913426 2.018367
1.126462e+09 0.087930 1.489983 0.909434 2.016966
1.113363e+09 0.086846 1.485228 0.905467 2.015576
1.100265e+09 0.085764 1.480491 0.901524 2.014197
1.087167e+09 0.084684 1.475772 0.897606 2.012829
1.074068e+09 0.083605 1.471063 0.893705 2.011466
1.060970e+09 0.082523 1.466350 0.889811 2.010104
1.047872e+09 0.081443 1.461655 0.885942 2.008752
1.034773e+09 0.080366 1.456978 0.882096 2.007410
1.021675e+09 0.079290 1.452320 0.878274 2.006080
1.008576e+09 0.078217 1.447680 0.874476 2.004759
9.954779e+08 0.077146 1.443058 0.870701 2.003450
9.823795e+08 0.076076 1.438454 0.866950 2.002150
9.692811e+08 0.075009 1.433868 0.863222 2.000861
9.561827e+08 0.073945 1.429300 0.859516 1.999582
9.430844e+08 0.072882 1.424750 0.855834 1.998313
9.299860e+08 0.071821 1.420217 0.852174 1.997055
9.168876e+08 0.070758 1.415680 0.848519 1.995796
9.037892e+08 0.069695 1.411152 0.844881 1.994543
8.906908e+08 0.068634 1.406641 0.841265 1.993301
8.775924e+08 0.067575 1.402149 0.837671 1.992068
8.644940e+08 0.066518 1.397673 0.834099 1.990846
8.513956e+08 0.065463 1.393216 0.830549 1.989634
8.382972e+08 0.064410 1.388775 0.827021 1.988431
8.251988e+08 0.063360 1.384352 0.823514 1.987239
8.121004e+08 0.062311 1.379946 0.820029 1.986057
7.990020e+08 0.061265 1.375558 0.816565 1.984884
7.859036e+08 0.060220 1.371186 0.813122 1.983721
7.728052e+08 0.059177 1.366829 0.809698 1.982567
7.597068e+08 0.058130 1.362462 0.806274 1.981410
7.466084e+08 0.057085 1.358111 0.802871 1.980262
7.335101e+08 0.056042 1.353778 0.799489 1.979124
7.204117e+08 0.055001 1.349461 0.796127 1.977996
7.073133e+08 0.053963 1.345161 0.792786 1.976878
6.942149e+08 0.052926 1.340879 0.789465 1.975769
6.811165e+08 0.051891 1.336612 0.786164 1.974670
6.680181e+08 0.050858 1.332363 0.782882 1.973581
6.549197e+08 0.049828 1.328130 0.779621 1.972501
6.418213e+08 0.048799 1.323913 0.776379 1.971430
6.287229e+08 0.047773 1.319713 0.773157 1.970369
6.156245e+08 0.046745 1.315519 0.769946 1.969312
6.025261e+08 0.045716 1.311322 0.766741 1.968256
5.894277e+08 0.044689 1.307142 0.763555 1.967210
5.763293e+08 0.043663 1.302978 0.760388 1.966173
5.632309e+08 0.042640 1.298831 0.757241 1.965145
5.501325e+08 0.041619 1.294699 0.754112 1.964127
5.370341e+08 0.040599 1.290584 0.751002 1.963118
5.239358e+08 0.039582 1.286485 0.747911 1.962118
5.108374e+08 0.038567 1.282402 0.744838 1.961127
4.977390e+08 0.037553 1.278335 0.741783 1.960145
4.846406e+08 0.036542 1.274283 0.738746 1.959173
4.715422e+08 0.035533 1.270248 0.735728 1.958210
4.584438e+08 0.034521 1.266211 0.732715 1.957247
4.453454e+08 0.033509 1.262178 0.729712 1.956289
4.322470e+08 0.032498 1.258161 0.726726 1.955340
4.191486e+08 0.031490 1.254160 0.723759 1.954400
4.060502e+08 0.030484 1.250175 0.720809 1.953468
3.929518e+08 0.029480 1.246205 0.717877 1.952546
3.798534e+08 0.028477 1.242251 0.714962 1.951633
3.667550e+08 0.027477 1.238312 0.712064 1.950729
3.536566e+08 0.026478 1.234388 0.709183 1.949833
3.405582e+08 0.025482 1.230480 0.706319 1.948946
3.274598e+08 0.024487 1.226587 0.703472 1.948068
3.143615e+08 0.023494 1.222709 0.700642 1.947199
3.012631e+08 0.022498 1.218824 0.697813 1.946329
2.881647e+08 0.021502 1.214949 0.694997 1.945464
2.750663e+08 0.020509 1.211089 0.692197 1.944609
2.619679e+08 0.019517 1.207244 0.689413 1.943762
2.488695e+08 0.018527 1.203414 0.686646 1.942924
2.357711e+08 0.017539 1.199599 0.683895 1.942095
2.226727e+08 0.016553 1.195799 0.681161 1.941274
2.095743e+08 0.015569 1.192014 0.678442 1.940462
1.964759e+08 0.014587 1.188244 0.675739 1.939658
1.833775e+08 0.013607 1.184488 0.673052 1.938863
1.702791e+08 0.012628 1.180747 0.670380 1.938076
1.571807e+08 0.011652 1.177020 0.667724 1.937298
1.440823e+08 0.010671 1.173283 0.665066 1.936516
1.309839e+08 0.009692 1.169559 0.662423 1.935743
1.178855e+08 0.008714 1.165849 0.659794 1.934978
1.047872e+08 0.007738 1.162154 0.657181 1.934221
9.168876e+07 0.006764 1.158473 0.654583 1.933473
7.859036e+07 0.005792 1.154807 0.652000 1.932733
6.549197e+07 0.004822 1.151154 0.649433 1.932002
5.239358e+07 0.003854 1.147517 0.646879 1.931279
3.929518e+07 0.002888 1.143893 0.644341 1.930564
2.619679e+07 0.001923 1.140284 0.641817 1.929857
1.309839e+07 0.000961 1.136688 0.639308 1.929158
