1.309839e+10 9.000000 0.000000 0.000000 0.002005
1.308530e+10 8.847726 0.000000 0.000000 0.001468
1.307220e+10 8.701050 0.000000 0.000000 0.001379
1.305910e+10 8.559660 0.000000 0.000000 0.001328
1.304600e+10 8.423368 0.000000 0.000000 0.001293
1.303290e+10 8.291842 0.000000 0.000000 0.001266
1.301980e+10 8.164779 0.000000 0.000000 0.001244
1.300671e+10 8.041947 0.000000 0.000000 0.001226
1.299361e+10 7.923131 0.000000 0.000000 0.001211
1.298051e+10 7.808144 0.000000 0.000000 0.001198
1.296741e+10 7.696830 0.000000 0.000000 0.001186
1.295431e+10 7.588952 0.000000 0.000000 0.001176
1.294121e+10 7.484347 0.000000 0.000000 0.001167
1.292811e+10 7.382859 0.000000 0.000000 0.001159
1.291502e+10 7.284344 0.000000 0.000000 0.001151
1.290192e+10 7.188666 0.000000 0.000000 0.001144
1.288882e+10 7.095696 0.000000 0.000000 0.001138
1.287572e+10 7.005312 0.000000 0.000000 0.001132
1.286262e+10 6.917401 0.000000 0.000000 0.001127
1.284952e+10 6.831855 0.000000 0.000000 0.001122
1.283643e+10 6.748572 0.000000 0.000000 0.001117
1.282333e+10 6.667456 0.000000 0.000000 0.001113
1.281023e+10 6.588431 0.000000 0.000000 0.001109
1.279713e+10 6.511436 0.000000 0.000000 0.001105
1.278403e+10 6.436355 0.000000 0.000000 0.001102
1.277093e+10 6.363109 0.000000 0.000000 0.001098
1.275784e+10 6.291625 0.000000 0.000000 0.001095
1.274474e+10 6.221832 0.000000 0.000000 0.001092
1.273164e+10 6.153665 0.000000 0.000000 0.001089
1.271854e+10 6.087102 0.000000 0.000000 0.001087
1.270544e+10 6.022088 0.000000 0.000000 0.001084
1.269234e+10 5.958522 0.000000 0.000000 0.001082
1.267925e+10 5.896348 0.000000 0.000000 0.001080
1.266615e+10 5.835515 0.000000 0.000000 0.001078
1.265305e+10 5.776057 0.000000 0.000000 0.001076
1.263995e+10 5.717866 0.000000 0.000000 0.001074
1.262685e+10 5.660874 0.000000 0.000000 0.001072
1.261375e+10 5.605040 0.000000 0.000000 0.001070
1.260065e+10 5.550427 0.000000 0.000000 0.001069
1.258756e+10 5.496902 0.000000 0.000000 0.001067
1.257446e+10 5.444416 0.000000 0.000000 0.001066
1.256136e+10 5.392990 0.000000 0.000000 0.001064
1.254826e+10 5.342602 0.000000 0.000000 0.001063
1.253516e+10 5.293149 0.000000 0.000000 0.001062
1.252206e+10 5.244640 0.000000 0.000000 0.001061
1.250897e+10 5.197097 0.000000 0.000000 0.001060
1.249587e+10 5.150398 0.000000 0.000000 0.001059
1.248277e+10 5.104567 0.000000 0.000000 0.001058
1.246967e+10 5.059611 0.000000 0.000000 0.001057
1.245657e+10 5.015419 0.000000 0.000000 0.001056
1.244347e+10 4.972050 0.000000 0.000000 0.001055
1.243038e+10 4.929453 0.000000 0.000000 0.001054
1.241728e+10 4.887546 0.000000 0.000000 0.001053
1.240418e+10 4.846450 0.000000 0.000000 0.001053
1.239108e+10 4.806006 0.000000 0.000000 0.001052
1.237798e+10 4.766255 0.000000 0.000000 0.001052
1.236488e+10 4.727194 0.000000 0.000000 0.001051
1.235179e+10 4.688723 0.000000 0.000000 0.001050
1.233869e+10 4.650970 0.000000 0.000000 0.001050
1.232559e+10 4.613770 0.000000 0.000000 0.001050
1.231249e+10 4.577204 0.000000 0.000000 0.001049
1.229939e+10 4.541209 0.000000 0.000000 0.001049
1.228629e+10 4.505773 0.000000 0.000000 0.001048
1.227319e+10 4.470921 0.000000 0.000000 0.001048
1.226010e+10 4.436563 0.000000 0.000000 0.001048
1.224700e+10 4.402796 0.000000 0.000000 0.001048
1.223390e+10 4.369472 0.000000 0.000000 0.001047
1.222080e+10 4.336729 0.000000 0.000000 0.001047
1.220770e+10 4.304408 0.000000 0.000000 0.001047
1.219460e+10 4.272625 0.000000 0.000000 0.001047
1.218151e+10 4.241257 0.000000 0.000000 0.001047
1.216841e+10 4.210391 0.000000 0.000000 0.001047
1.215531e+10 4.179930 0.000000 0.000000 0.001046
1.214221e+10 4.149942 0.000000 0.000000 0.001046
1.212911e+10 4.120344 0.000000 0.000000 0.001046
1.211601e+10 4.091197 0.000000 0.000000 0.001046
1.210292e+10 4.062421 0.000000 0.000000 0.001046
1.208982e+10 4.034080 0.000000 0.000000 0.001046
1.207672e+10 4.006087 0.000000 0.000000 0.001047
1.206362e+10 3.978520 0.000000 0.000000 0.001047
1.205052e+10 3.951272 0.000000 0.000000 0.001047
1.203742e+10 3.924447 0.000000 0.000000 0.001047
1.202433e+10 3.897912 0.000000 0.000000 0.001047
1.201123e+10 3.871800 0.000000 0.000000 0.001047
1.199813e+10 3.845965 0.000000 0.000000 0.001047
1.198503e+10 3.820516 0.000000 0.000000 0.001047
1.197193e+10 3.795355 0.000000 0.000000 0.001048
1.195883e+10 3.770540 0.000000 0.000000 0.001048
1.194574e+10 3.746027 0.000000 0.000000 0.001048
1.193264e+10 3.721816 0.000000 0.000000 0.001048
1.191954e+10 3.697926 0.000000 0.000000 0.001049
1.190644e+10 3.674294 0.000000 0.000000 0.001049
1.189334e+10 3.651005 0.000000 0.000000 0.001049
1.188024e+10 3.627947 0.000000 0.000000 0.001050
1.186714e+10 3.605214 0.000000 0.000000 0.001050
1.185405e+10 3.582725 0.000000 0.000000 0.001050
1.184095e+10 3.560509 0.000000 0.000000 0.001051
1.182785e+10 3.538569 0.000000 0.000000 0.001051
1.181475e+10 3.516848 0.000000 0.000000 0.001051
1.180165e+10 3.495436 0.000000 0.000000 0.001052
1.178855e+10 3.474227 0.000000 0.000000 0.001052
1.177546e+10 3.453288 0.000000 0.000000 0.001053
1.176236e+10 3.432582 0.000000 0.000000 0.001053
1.174926e+10 3.412087 0.000000 0.000000 0.001054
1.173616e+10 3.391866 0.000000 0.000000 0.001054
1.172306e+10 3.371830 0.000000 0.000000 0.001054
1.170996e+10 3.352044 0.000000 0.000000 0.001055
1.169687e+10 3.332470 0.000000 0.000000 0.001055
1.168377e+10 3.313083 0.000000 0.000000 0.001056
1.167067e+10 3.293956 0.000000 0.000000 0.001057
1.165757e+10 3.274998 0.000000 0.000000 0.001057
1.164447e+10 3.256256 0.000000 0.000000 0.001058
1.163137e+10 3.237724 0.000000 0.000000 0.001058
1.161828e+10 3.219353 0.000000 0.000000 0.001059
1.160518e+10 3.201221 0.000000 0.000000 0.001059
1.159208e+10 3.183256 0.000000 0.000000 0.001060
1.157898e+10 3.165461 0.000000 0.000000 0.001061
1.156588e+10 3.147889 0.000000 0.000000 0.001061
1.155278e+10 3.130466 0.000000 0.000000 0.001062
1.153968e+10 3.113227 0.000000 0.000000 0.001062
1.152659e+10 3.096179 0.000000 0.000000 0.001063
1.151349e+10 3.079272 0.000000 0.000000 0.001064
1.150039e+10 3.062561 0.000000 0.000000 0.001064
1.148729e+10 3.046014 0.000000 0.000000 0.001065
1.147419e+10 3.029600 0.000000 0.000000 0.001066
1.146109e+10 3.013389 0.000000 0.000000 0.001761
1.144800e+10 2.997320 0.000000 0.000000 0.001950
1.143490e+10 2.981379 0.000000 0.000000 0.002157
1.142180e+10 2.965641 0.000000 0.000000 0.002382
1.140870e+10 2.950030 0.000000 0.000000 0.002627
1.139560e+10 2.934545 0.000000 0.000000 0.002893
1.138250e+10 2.919253 0.000000 0.000000 0.003183
1.136941e+10 2.904079 0.000000 0.000000 0.003499
1.135631e+10 2.889029 0.000000 0.000000 0.003841
1.134321e+10 2.874162 0.000000 0.000000 0.004213
1.133011e+10 2.859408 0.000000 0.000000 0.004616
1.131701e+10 2.844771 0.000000 0.000000 0.005052
1.130391e+10 2.830311 0.000000 0.000000 0.005523
1.129082e+10 2.815959 0.000000 0.000000 0.006033
1.127772e+10 2.801715 0.000000 0.000000 0.006583
1.126462e+10 2.787645 0.000000 0.000000 0.007177
1.125152e+10 2.773679 0.000000 0.000000 0.007816
1.123842e+10 2.759815 0.000000 0.000000 0.008504
1.122532e+10 2.746113 0.000000 0.000000 0.009244
1.121223e+10 2.732517 0.000000 0.000000 0.010038
1.119913e+10 2.719020 0.000000 0.000000 0.010891
1.118603e+10 2.705666 0.000000 0.000000 0.011806
1.117293e+10 2.692426 0.000000 0.000000 0.012785
1.115983e+10 2.679280 0.000000 0.000000 0.013834
1.114673e+10 2.666259 0.000000 0.000000 0.014955
1.113363e+10 2.653361 0.000000 0.000000 0.016153
1.112054e+10 2.640553 0.000000 0.000000 0.017431
1.110744e+10 2.627848 0.000000 0.000000 0.018795
1.109434e+10 2.615278 0.000000 0.000000 0.020248
1.108124e+10 2.602795 0.000000 0.000000 0.021796
1.106814e+10 2.590398 0.000000 0.000000 0.023442
1.105504e+10 2.578138 0.000000 0.000000 0.025192
1.104195e+10 2.565967 0.000000 0.000000 0.027051
1.102885e+10 2.553879 0.000000 0.000000 0.029024
1.101575e+10 2.541902 0.000000 0.000000 0.031117
1.100265e+10 2.530033 0.000000 0.000000 0.033335
1.098955e+10 2.518242 0.000000 0.000000 0.035685
1.097645e+10 2.506535 0.000000 0.000000 0.038171
1.096336e+10 2.494955 0.000000 0.000000 0.040801
1.095026e+10 2.483451 0.000000 0.000000 0.043581
1.093716e+10 2.472022 0.000000 0.000000 0.046517
1.092406e+10 2.460700 0.000000 0.000000 0.049616
1.091096e+10 2.449472 0.000000 0.000000 0.052885
1.089786e+10 2.438317 0.000000 0.000000 0.056331
1.088477e+10 2.427236 0.000000 0.000000 0.059962
1.087167e+10 2.416275 0.000000 0.000000 0.063785
1.085857e+10 2.405383 0.000000 0.000000 0.067808
1.084547e+10 2.394561 0.000000 0.000000 0.072040
1.083237e+10 2.383828 0.000000 0.000000 0.076487
1.081927e+10 2.373191 0.000000 0.000000 0.081159
1.080617e+10 2.362621 0.000000 0.000000 0.086064
1.079308e+10 2.352116 0.000000 0.000000 0.091212
1.077998e+10 2.341713 0.000000 0.000000 0.096611
1.076688e+10 2.331385 0.000000 0.000000 0.102271
1.075378e+10 2.321121 0.000000 0.000000 0.108202
1.074068e+10 2.310922 0.000000 0.000000 0.114412
1.072758e+10 2.300829 0.000000 0.000000 0.120913
1.071449e+10 2.290797 0.000000 0.000000 0.127714
1.070139e+10 2.280826 0.000000 0.000000 0.134827
1.068829e+10 2.270927 0.000000 0.000000 0.142262
1.067519e+10 2.261119 0.000000 0.000000 0.150030
1.066209e+10 2.251370 0.000000 0.000000 0.158142
1.064899e+10 2.241680 0.000000 0.000000 0.166610
1.063590e+10 2.232064 0.000000 0.000000 0.175446
1.062280e+10 2.222530 0.000000 0.000000 0.184663
1.060970e+10 2.213052 0.000000 0.000000 0.194271
1.059660e+10 2.203629 0.000000 0.000000 0.204285
1.058350e+10 2.194282 0.000000 0.000000 0.214716
1.057040e+10 2.185010 0.000000 0.000000 0.225579
1.055731e+10 2.175791 0.000000 0.000000 0.236887
1.054421e+10 2.166626 0.000000 0.000000 0.248653
1.053111e+10 2.157534 0.000000 0.000000 0.260892
1.051801e+10 2.148512 0.000000 0.000000 0.273617
1.050491e+10 2.139542 0.000000 0.000000 0.286845
1.049181e+10 2.130623 0.000000 0.000000 0.300588
1.047872e+10 2.121773 0.000000 0.000000 0.314864
1.046562e+10 2.112992 0.000000 0.000000 0.329687
1.045252e+10 2.104260 0.000000 0.000000 0.345073
1.043942e+10 2.095577 0.000000 0.000000 0.361038
1.042632e+10 2.086957 0.000000 0.000000 0.377599
1.041322e+10 2.078407 0.000000 0.000000 0.394773
1.040012e+10 2.069904 0.000000 0.000000 0.412577
1.038703e+10 2.061447 0.000000 0.000000 0.431027
1.037393e+10 2.053045 0.000000 0.000000 0.450143
1.036083e+10 2.044717 0.000000 0.000000 0.469942
1.034773e+10 2.036433 0.000000 0.000000 0.490442
1.033463e+10 2.028194 0.000000 0.000000 0.511662
1.032153e+10 2.020000 0.000000 0.000000 0.533621
1.030844e+10 2.011884 0.000000 0.000000 0.556340
1.029534e+10 2.003811 0.000000 0.000000 0.579836
1.028224e+10 1.995781 0.000000 0.000000 0.601112
1.026914e+10 1.987794 0.000000 0.000000 0.620041
1.025604e+10 1.979872 0.000000 0.000000 0.639135
1.024294e+10 1.972002 0.000000 0.000000 0.658384
1.022985e+10 1.964173 0.000000 0.000000 0.677774
1.021675e+10 1.956386 0.000000 0.000000 0.697298
1.020365e+10 1.948649 0.000000 0.000000 0.716958
1.019055e+10 1.940974 0.000000 0.000000 0.736756
1.017745e+10 1.933338 0.000000 0.000000 0.756667
1.016435e+10 1.925742 0.000000 0.000000 0.776684
1.015126e+10 1.918185 0.000000 0.000000 0.796797
1.013816e+10 1.910694 0.000000 0.000000 0.817026
1.012506e+10 1.903244 0.000000 0.000000 0.837341
1.011196e+10 1.895832 0.000000 0.000000 0.857732
1.009886e+10 1.888458 0.000000 0.000000 0.878190
1.008576e+10 1.881133 0.000000 0.000000 0.898720
1.007266e+10 1.873862 0.000000 0.000000 0.919322
1.005957e+10 1.866627 0.000000 0.000000 0.939971
1.004647e+10 1.859429 0.000000 0.000000 0.960659
1.003337e+10 1.852267 0.000000 0.000000 0.981378
1.002027e+10 1.845164 0.000000 0.000000 1.002149
1.000717e+10 1.838100 0.000000 0.000000 1.022945
9.994074e+09 1.831072 0.000000 0.000000 1.043753
9.980976e+09 1.824078 0.000000 0.000000 1.064566
9.967878e+09 1.817123 0.000000 0.000000 1.085384
9.954779e+09 1.810224 0.000000 0.000000 1.106223
9.941681e+09 1.803359 0.000000 0.000000 1.127048
9.928582e+09 1.796527 0.000000 0.000000 1.147855
9.915484e+09 1.789728 0.000000 0.000000 1.168635
9.902386e+09 1.782974 0.000000 0.000000 1.189401
9.889287e+09 1.776267 0.000000 0.000000 1.210149
9.876189e+09 1.769591 0.000000 0.000000 1.230856
9.863091e+09 1.762947 0.000000 0.000000 1.251514
9.849992e+09 1.756335 0.000000 0.000000 1.272119
9.836894e+09 1.749772 0.000000 0.000000 1.292692
9.823795e+09 1.743247 0.000000 0.000000 1.313213
9.810697e+09 1.736752 0.000000 0.000000 1.333667
9.797599e+09 1.730289 0.000000 0.000000 1.354048
9.784500e+09 1.723856 0.000000 0.000000 1.374350
9.771402e+09 1.717472 0.000000 0.000000 1.394603
9.758303e+09 1.711122 0.000000 0.000000 1.414778
9.745205e+09 1.704802 0.000000 0.000000 1.434861
9.732107e+09 1.698511 0.000000 0.000000 1.454850
9.719008e+09 1.692249 0.000000 0.000000 1.474739
9.705910e+09 1.686036 0.000000 0.000000 1.494562
9.692811e+09 1.679854 0.000000 0.000000 1.514284
9.679713e+09 1.673700 0.000000 0.000000 1.533895
9.666615e+09 1.667575 0.000000 0.000000 1.553393
9.653516e+09 1.661477 0.000000 0.000000 1.572773
9.640418e+09 1.655426 0.000000 0.000000 1.592070
9.627319e+09 1.649405 0.000000 0.000000 1.611249
9.614221e+09 1.643411 0.000000 0.000000 1.630301
9.601123e+09 1.637444 0.000000 0.000000 1.649224
9.588024e+09 1.631504 0.000000 0.000000 1.668014
9.574926e+09 1.625607 0.000000 0.000000 1.686703
9.561827e+09 1.619740 0.000000 0.000000 1.705263
9.548729e+09 1.613899 0.000000 0.000000 1.723684
9.535631e+09 1.608084 0.000000 0.000000 1.741961
9.522532e+09 1.602295 0.000000 0.000000 1.760093
9.509434e+09 1.596544 0.042030 0.000000 1.778105
9.496335e+09 1.590825 0.061135 0.000000 1.795984
9.483237e+09 1.585132 0.082262 0.000000 1.813713
9.470139e+09 1.579463 0.105182 0.000000 1.841853
9.457040e+09 1.573819 0.129698 0.000000 1.887738
9.443942e+09 1.568207 0.155640 0.000000 1.933020
9.430844e+09 1.562630 0.182862 0.000000 1.977696
9.417745e+09 1.557078 0.211230 0.000000 2.021679
9.404647e+09 1.551549 0.240628 0.000000 2.064946
9.391548e+09 1.546045 0.270947 0.000000 2.107473
9.378450e+09 1.540565 0.302093 0.000000 2.149248
9.365352e+09 1.535125 0.333985 0.000000 2.190350
9.352253e+09 1.529709 0.366537 0.000000 2.230665
9.339155e+09 1.524315 0.399675 0.000000 2.270179
9.326056e+09 1.518944 0.433331 0.000000 2.308880
9.312958e+09 1.513596 0.467440 0.000000 2.346757
9.299860e+09 1.508282 0.501954 0.000000 2.383878
9.286761e+09 1.502996 0.536815 0.000000 2.420200
9.273663e+09 1.497732 0.571969 0.000000 2.455682
9.260564e+09 1.492490 0.607368 0.000000 2.490319
9.247466e+09 1.487270 0.642969 0.000000 2.524107
9.234368e+09 1.482075 0.678734 0.000000 2.557067
9.221269e+09 1.476914 0.714635 0.014953 2.589270
9.208171e+09 1.471775 0.750624 0.020192 2.620626
9.195072e+09 1.466656 0.786668 0.025991 2.651137
9.181974e+09 1.461559 0.822735 0.032263 2.680805
9.168876e+09 1.456483 0.858796 0.038930 2.709632
9.155777e+09 1.451438 0.894836 0.045929 2.737698
9.142679e+09 1.446418 0.930825 0.053203 2.764976
9.129580e+09 1.441419 0.966733 0.060700 2.791432
9.116482e+09 1.436441 1.002536 0.068376 2.817071
9.103384e+09 1.431482 1.038213 0.076192 2.841901
9.090285e+09 1.426544 1.073744 0.084115 2.865930
9.077187e+09 1.421640 1.109134 0.092119 2.889276
9.064088e+09 1.416755 1.144345 0.100173 2.911840
9.050990e+09 1.411891 1.179359 0.108255 2.933629
9.037892e+09 1.407045 1.214162 0.116342 2.954653
9.024793e+09 1.402220 1.248739 0.124416 2.974920
9.011695e+09 1.397417 1.283084 0.135007 2.994474
8.998597e+09 1.392643 1.317197 0.148388 3.013371
8.985498e+09 1.387888 1.351049 0.162722 3.031545
8.972400e+09 1.383152 1.384628 0.178028 3.049006
8.959301e+09 1.378435 1.417925 0.194330 3.065764
8.946203e+09 1.373736 1.450931 0.211649 3.081831
8.933105e+09 1.369062 1.483650 0.230004 3.097271
8.920006e+09 1.364413 1.516077 0.249413 3.112097
8.906908e+09 1.359782 1.548189 0.269898 3.126268
8.893809e+09 1.355169 1.579981 0.291473 3.139794
8.880711e+09 1.350574 1.611446 0.314155 3.152686
8.867613e+09 1.345997 1.642578 0.337955 3.164957
8.854514e+09 1.341445 1.673390 0.362878 3.176681
8.841416e+09 1.336915 1.703872 0.388935 3.187848
8.828317e+09 1.332403 1.734008 0.416134 3.198428
8.815219e+09 1.327908 1.763795 0.444482 3.208435
8.802121e+09 1.323430 1.793228 0.473981 3.217878
8.789022e+09 1.318970 1.822304 0.504632 3.226770
8.775924e+09 1.314534 1.851042 0.536428 3.235186
8.762825e+09 1.310118 1.879430 0.569368 3.243108
8.749727e+09 1.305720 1.907456 0.603451 3.250513
8.736629e+09 1.301338 1.935117 0.638673 3.257413
8.723530e+09 1.296973 1.962412 0.675026 3.263819
8.710432e+09 1.292625 1.989339 0.712501 3.269741
8.697333e+09 1.288299 2.015918 0.751078 3.275246
8.684235e+09 1.283994 2.042142 0.790748 3.280326
8.671137e+09 1.279704 2.067997 0.831503 3.284956
8.658038e+09 1.275431 2.093483 0.873327 3.289146
8.644940e+09 1.271174 2.118600 0.916204 3.292906
8.631841e+09 1.266933 2.143348 0.960119 3.296247
8.618743e+09 1.262712 2.167743 1.005044 3.299217
8.605645e+09 1.258512 2.191788 1.050959 3.301836
8.592546e+09 1.254328 2.215467 1.097851 3.304065
8.579448e+09 1.250159 2.238780 1.145698 3.305914
8.566350e+09 1.246006 2.261729 1.194479 3.307393
8.553251e+09 1.241868 2.284313 1.244170 3.308511
8.540153e+09 1.237747 2.306542 1.294744 3.309297
8.527054e+09 1.233648 2.328437 1.346168 3.309802
8.513956e+09 1.229565 2.349972 1.398427 3.309974
8.500858e+09 1.225496 2.371150 1.451497 3.309821
8.487759e+09 1.221442 2.391973 1.505351 3.309352
8.474661e+09 1.217403 2.412441 1.559963 3.308575
8.461562e+09 1.213378 2.432557 1.615306 3.307500
8.448464e+09 1.209376 2.452354 1.671337 3.306202
8.435366e+09 1.205390 2.471807 1.728043 3.304627
8.422267e+09 1.201417 2.490914 1.785396 3.302777
8.409169e+09 1.197459 2.509678 1.843369 3.300660
8.396070e+09 1.193515 2.528101 1.901934 3.298283
8.382972e+09 1.189585 2.546185 1.961062 3.295653
8.369874e+09 1.185673 2.563951 2.020718 3.292815
8.356775e+09 1.181779 2.581400 2.080874 3.289771
8.343677e+09 1.177899 2.598517 2.141509 3.301147
8.330578e+09 1.174033 2.615307 2.202594 3.339863
8.317480e+09 1.170180 2.631771 2.264103 3.377864
8.304382e+09 1.166341 2.647912 2.326008 3.415149
8.291283e+09 1.162516 2.663735 2.388279 3.451725
8.278185e+09 1.158712 2.679270 2.450878 3.487642
8.265086e+09 1.154921 2.694491 2.513791 3.522853
8.251988e+09 1.151143 2.709401 2.576990 3.557362
8.238890e+09 1.147378 2.724002 2.640450 3.591171
8.225791e+09 1.143627 2.738297 2.704144 3.624286
8.212693e+09 1.139888 2.752289 2.752289 3.656709
8.199594e+09 1.136166 2.765995 2.765995 3.688471
8.186496e+09 1.132460 2.779420 2.779420 3.719580
8.173398e+09 1.128768 2.792551 2.786731 3.748513
8.160299e+09 1.125088 2.805391 2.789296 3.773799
8.147201e+09 1.121420 2.817942 2.791747 3.798398
8.134103e+09 1.117766 2.830207 2.794084 3.822325
8.121004e+09 1.114123 2.842190 2.796309 3.845591
8.107906e+09 1.110499 2.853917 2.798446 3.868256
8.094807e+09 1.106888 2.865373 2.800477 3.890295
8.081709e+09 1.103289 2.876555 2.802400 3.911707
8.068611e+09 1.099703 2.887467 2.804215 3.932504
8.055512e+09 1.096129 2.898110 2.805923 3.952696
8.042414e+09 1.092567 2.908489 2.807525 3.972294
8.029315e+09 1.089017 2.918608 2.809025 3.991312
8.016217e+09 1.085485 2.928493 2.810445 4.009806
8.003119e+09 1.081965 2.938123 2.811762 4.027737
7.990020e+09 1.078456 2.947499 2.812979 4.045115
7.976922e+09 1.074960 2.956626 2.814095 4.061949
7.963823e+09 1.071475 2.965504 2.815111 4.078249
7.950725e+09 1.068002 2.974139 2.816030 4.094024
7.937627e+09 1.064542 2.982537 2.816857 4.109295
7.924528e+09 1.061097 2.990717 2.817607 4.124100
7.911430e+09 1.057664 2.998661 2.818261 4.138408
7.898331e+09 1.054242 3.006372 2.818821 4.152229
7.885233e+09 1.050831 3.013853 2.819289 4.165571
7.872135e+09 1.047432 3.021107 2.819665 4.178443
7.859036e+09 1.044044 3.028135 2.819949 4.190854
7.845938e+09 1.040669 3.034949 2.820151 4.202827
7.832839e+09 1.037308 3.041561 2.820279 4.214387
7.819741e+09 1.033958 3.047956 2.820319 4.225512
7.806643e+09 1.030619 3.054138 2.820272 4.236209
7.793544e+09 1.027292 3.060108 2.820140 4.246486
7.780446e+09 1.023975 3.065871 2.819922 4.256352
7.767348e+09 1.020668 3.071427 2.819621 4.265813
7.754249e+09 1.017374 3.076787 2.819243 4.274891
7.741151e+09 1.014094 3.081962 2.818797 4.283610
7.728052e+09 1.010824 3.086940 2.818270 4.291948
7.714954e+09 1.007565 3.091722 2.817663 4.299911
7.701856e+09 1.004316 3.096312 2.816977 4.307509
7.688757e+09 1.001078 3.100711 2.816213 4.314746
7.675659e+09 0.997850 3.104923 2.815372 4.321631
7.662560e+09 0.994634 3.108953 2.814458 4.328177
7.649462e+09 0.991431 3.112817 2.813483 4.334416
7.636364e+09 0.988238 3.116501 2.812434 4.340322
7.623265e+09 0.985055 3.120007 2.811311 4.345902
7.610167e+09 0.981883 3.123338 2.810116 4.351163
7.597068e+09 0.978720 3.126496 2.808850 4.356111
7.583970e+09 0.975568 3.129483 2.807512 4.360752
7.570872e+09 0.972426 3.132302 2.806105 4.365092
7.557773e+09 0.969296 3.134973 2.804645 4.369172
7.544675e+09 0.966177 3.137480 2.803116 4.372962
7.531576e+09 0.963068 3.139826 2.801521 4.376470
7.518478e+09 0.959969 3.142013 2.799859 4.379701
7.505380e+09 0.956879 3.144043 2.798132 4.382660
7.492281e+09 0.953799 3.145919 2.796340 4.385353
7.479183e+09 0.950729 3.147641 2.794484 4.387786
7.466084e+09 0.947670 3.149225 2.792576 4.389984
7.452986e+09 0.944622 3.150666 2.790609 4.391940
7.439888e+09 0.941584 3.151960 2.788581 4.393652
7.426789e+09 0.938554 3.153110 2.786492 4.395123
7.413691e+09 0.935535 3.154119 2.778128 4.396360
7.400592e+09 0.932524 3.154988 2.769711 4.397367
7.387494e+09 0.929523 3.155719 2.761300 4.398148
7.374396e+09 0.926532 3.156319 2.752902 4.398717
7.361297e+09 0.923552 3.156794 2.744523 4.399087
7.348199e+09 0.920582 3.157138 2.736154 4.399246
7.335101e+09 0.917620 3.157352 2.727794 4.399198
7.322002e+09 0.914668 3.157438 2.719445 4.398947
7.308904e+09 0.911724 3.157398 2.711109 4.398498
7.295805e+09 0.908790 3.157234 2.702784 4.397856
7.282707e+09 0.905864 3.156948 2.694474 4.397023
7.269609e+09 0.902950 3.156551 2.686188 4.396022
7.256510e+09 0.900044 3.156038 2.677920 4.394843
7.243412e+09 0.897147 3.155408 2.669667 4.379240
7.230313e+09 0.894260 3.154663 2.661431 4.363252
7.217215e+09 0.891381 3.153805 2.653212 4.347112
7.204117e+09 0.888510 3.152836 2.645010 4.330829
7.191018e+09 0.885649 3.151757 2.636827 4.314413
7.177920e+09 0.882796 3.150573 2.628666 4.297879
7.164821e+09 0.879953 3.149289 2.620532 4.281246
7.151723e+09 0.877119 3.147900 2.612417 4.264503
7.138625e+09 0.874294 3.146409 2.604324 4.247658
7.125526e+09 0.871476 3.144816 2.596252 4.230718
7.112428e+09 0.868668 3.143124 2.588201 4.213690
7.099329e+09 0.865867 3.141334 2.580173 4.196579
7.086231e+09 0.863076 3.139447 2.572168 4.179392
7.073133e+09 0.860293 3.137470 2.564190 4.162146
7.060034e+09 0.857519 3.135402 2.556239 4.144842
7.046936e+09 0.854753 3.133242 2.548312 4.127479
7.033837e+09 0.851996 3.130992 2.540409 4.110061
7.020739e+09 0.849246 3.128653 2.532531 4.092595
7.007641e+09 0.846505 3.126226 2.524679 4.075085
6.994542e+09 0.843772 3.123714 2.516852 4.057535
6.981444e+09 0.841047 3.121117 2.509051 4.039951
6.968345e+09 0.838331 3.118441 2.501281 4.022347
6.955247e+09 0.835623 3.115684 2.493538 4.004717
6.942149e+09 0.832923 3.112847 2.485821 3.987066
6.929050e+09 0.830230 3.109931 2.478132 3.969397
6.915952e+09 0.827546 3.106937 2.470471 3.951713
6.902854e+09 0.824870 3.103867 2.462837 3.934018
6.889755e+09 0.822201 3.100722 2.455231 3.916317
6.876657e+09 0.819540 3.097504 2.447654 3.898612
6.863558e+09 0.816888 3.094215 2.440108 3.880913
6.850460e+09 0.814243 3.090856 2.432590 3.863217
6.837362e+09 0.811606 3.087427 2.425102 3.845526
6.824263e+09 0.808976 3.083929 2.417643 3.827845
6.811165e+09 0.806354 3.080364 2.410212 3.810175
6.798066e+09 0.803740 3.076732 2.402812 3.792520
6.784968e+09 0.801133 3.073036 2.395441 3.774882
6.771870e+09 0.798534 3.069276 2.388100 3.757264
6.758771e+09 0.795942 3.065453 2.380790 3.751633
6.745673e+09 0.793358 3.061570 2.373509 3.749965
6.732574e+09 0.790782 3.057625 2.366259 3.748199
6.719476e+09 0.788212 3.053622 2.359040 3.746337
6.706378e+09 0.785650 3.049560 2.351851 3.744381
6.693279e+09 0.783096 3.045441 2.344692 3.742332
6.680181e+09 0.780548 3.041266 2.337565 3.740192
6.667082e+09 0.778008 3.037037 2.330468 3.737963
6.653984e+09 0.775475 3.032752 2.323400 3.735645
6.640886e+09 0.772950 3.028414 2.316364 3.733241
6.627787e+09 0.770431 3.024024 2.309359 3.730754
6.614689e+09 0.767919 3.019584 2.302386 3.728184
6.601590e+09 0.765415 3.015093 2.295443 3.725533
6.588492e+09 0.762918 3.010554 2.288532 3.722803
6.575394e+09 0.760428 3.005967 2.281651 3.719995
6.562295e+09 0.757944 3.001332 2.274803 3.717112
6.549197e+09 0.755468 2.996649 2.267983 3.714150
6.536098e+09 0.752998 2.991921 2.261194 3.711115
6.523000e+09 0.750535 2.987148 2.254437 3.708009
6.509902e+09 0.748079 2.982332 2.247711 3.704832
6.496803e+09 0.745630 2.977474 2.241017 3.701587
6.483705e+09 0.743188 2.972574 2.234354 3.698275
6.470607e+09 0.740753 2.967634 2.227722 3.694897
6.457508e+09 0.738324 2.962654 2.221123 3.691455
6.444410e+09 0.735902 2.957631 2.214551 3.687944
6.431311e+09 0.733486 2.952569 2.208010 3.684371
6.418213e+09 0.731076 2.947469 2.201500 3.680737
6.405115e+09 0.728674 2.942334 2.195022 3.677044
6.392016e+09 0.726278 2.937162 2.188576 3.673294
6.378918e+09 0.723889 2.931956 2.182161 3.669486
6.365819e+09 0.721506 2.926716 2.175777 3.665624
6.352721e+09 0.719130 2.921442 2.169424 3.661707
6.339623e+09 0.716760 2.916133 2.163100 3.657733
6.326524e+09 0.714396 2.910789 2.156805 3.653703
6.313426e+09 0.712039 2.905413 2.150541 3.649623
6.300327e+09 0.709688 2.900007 2.144308 3.645493
6.287229e+09 0.707343 2.894572 2.138106 3.641314
6.274131e+09 0.705005 2.889108 2.131936 3.637089
6.261032e+09 0.702673 2.883615 2.125796 3.632817
6.247934e+09 0.700347 2.878095 2.119687 3.628500
6.234835e+09 0.698028 2.872548 2.113609 3.620830
6.221737e+09 0.695714 2.866967 2.107556 3.612532
6.208639e+09 0.693406 2.861360 2.101533 3.604201
6.195540e+09 0.691104 2.855729 2.095541 3.595837
6.182442e+09 0.688809 2.850073 2.089580 3.587443
6.169343e+09 0.686519 2.844394 2.083650 3.579020
6.156245e+09 0.684236 2.838693 2.077750 3.570570
6.143147e+09 0.681960 2.832969 2.071880 3.562094
6.130048e+09 0.679689 2.827223 2.066041 3.553593
6.116950e+09 0.677423 2.821450 2.060227 3.545061
6.103851e+09 0.675163 2.815653 2.054441 3.536500
6.090753e+09 0.672909 2.809836 2.048685 3.527919
6.077655e+09 0.670661 2.803999 2.042959 3.519319
6.064556e+09 0.668419 2.798144 2.037263 3.510701
6.051458e+09 0.666183 2.792271 2.031596 3.502065
6.038360e+09 0.663953 2.786380 2.025960 3.493414
6.025261e+09 0.661729 2.780473 2.020353 3.484748
6.012163e+09 0.659510 2.774548 2.014776 3.476067
5.999064e+09 0.657296 2.768596 2.009220 3.467358
5.985966e+09 0.655088 2.762629 2.003693 3.458637
5.972868e+09 0.652885 2.756647 1.998196 3.449906
5.959769e+09 0.650689 2.750650 1.992728 3.441165
5.946671e+09 0.648498 2.744640 1.987289 3.432415
5.933572e+09 0.646313 2.738616 1.981879 3.423658
5.920474e+09 0.644134 2.732579 1.976498 3.414894
5.907376e+09 0.641961 2.726530 1.971146 3.406123
5.894277e+09 0.639792 2.720464 1.965819 3.397341
5.881179e+09 0.637628 2.714378 1.960515 3.388543
5.868080e+09 0.635469 2.708282 1.955239 3.379742
5.854982e+09 0.633317 2.702174 1.949992 3.370938
5.841884e+09 0.631169 2.696057 1.944773 3.362132
5.828785e+09 0.629028 2.689930 1.939583 3.353326
5.815687e+09 0.626892 2.683794 1.934420 3.344519
5.802588e+09 0.624762 2.677649 1.929286 3.335712
5.789490e+09 0.622637 2.671495 1.924179 3.326907
5.776392e+09 0.620516 2.665325 1.919094 3.318091
5.763293e+09 0.618400 2.659141 1.914033 3.309271
5.750195e+09 0.616289 2.652951 1.908999 3.300453
5.737096e+09 0.614184 2.646753 1.903993 3.291640
5.723998e+09 0.612084 2.640550 1.899014 3.282831
5.710900e+09 0.609990 2.634340 1.894063 3.274027
5.697801e+09 0.607901 2.628125 1.889139 3.265229
5.684703e+09 0.605818 2.621904 1.884241 3.256437
5.671604e+09 0.603740 2.615679 1.879371 3.247653
5.658506e+09 0.601665 2.609437 1.874519 3.238859
5.645408e+09 0.599595 2.603187 1.869691 3.230069
5.632309e+09 0.597531 2.596934 1.864890 3.221287
5.619211e+09 0.595471 2.590677 1.860116 3.212514
5.606113e+09 0.593417 2.584417 1.855367 3.203752
5.593014e+09 0.591369 2.578154 1.850645 3.194999
5.579916e+09 0.589325 2.571889 1.845950 3.186257
5.566817e+09 0.587287 2.565622 1.841280 3.177526
5.553719e+09 0.585254 2.559353 1.836636 3.168807
5.540621e+09 0.583223 2.553069 1.832008 3.160081
5.527522e+09 0.581198 2.546780 1.827404 3.151364
5.514424e+09 0.579177 2.540491 1.822826 3.142659
5.501325e+09 0.577162 2.534202 1.818273 3.133968
5.488227e+09 0.575152 2.527912 1.813746 3.125291
5.475129e+09 0.573147 2.521622 1.809244 3.116628
5.462030e+09 0.571147 2.515333 1.804767 3.107980
5.448932e+09 0.569152 2.509044 1.800315 3.099346
5.435833e+09 0.567162 2.502756 1.795887 3.090728
5.422735e+09 0.565175 2.496455 1.791475 3.082107
5.409637e+09 0.563192 2.490152 1.787086 3.073497
5.396538e+09 0.561214 2.483851 1.782721 3.064903
5.383440e+09 0.559241 2.477552 1.778380 3.056326
5.370341e+09 0.557273 2.471255 1.774064 3.047766
5.357243e+09 0.555310 2.464961 1.769772 3.039224
5.344145e+09 0.553352 2.458669 1.765504 3.030699
5.331046e+09 0.551399 2.452381 1.761260 3.022192
5.317948e+09 0.549450 2.446096 1.757040 3.013703
5.304849e+09 0.547505 2.439801 1.752835 3.005216
5.291751e+09 0.545563 2.433505 1.748650 2.996740
5.278653e+09 0.543626 2.427212 1.744489 2.988283
5.265554e+09 0.541694 2.420924 1.740351 2.979845
5.252456e+09 0.539766 2.414640 1.736237 2.971427
5.239358e+09 0.537844 2.408360 1.732145 2.963029
5.226259e+09 0.535926 2.402086 1.728077 2.954651
5.213161e+09 0.534013 2.395817 1.724032 2.946293
5.200062e+09 0.532105 2.389553 1.720009 2.937956
5.186964e+09 0.530200 2.383285 1.716003 2.929627
5.173866e+09 0.528297 2.377012 1.712014 2.921306
5.160767e+09 0.526400 2.370746 1.708047 2.913006
5.147669e+09 0.524507 2.364486 1.704102 2.904728
5.134570e+09 0.522618 2.358232 1.700180 2.896471
5.121472e+09 0.520735 2.351984 1.696280 2.888236
5.108374e+09 0.518856 2.345743 1.692402 2.880022
5.095275e+09 0.516981 2.339509 1.688546 2.871831
5.082177e+09 0.515112 2.333283 1.684712 2.863662
5.069078e+09 0.513246 2.327060 1.680897 2.855511
5.055980e+09 0.511382 2.320827 1.677094 2.847361
5.042882e+09 0.509522 2.314602 1.673312 2.839234
5.029783e+09 0.507667 2.308385 1.669552 2.831129
5.016685e+09 0.505816 2.302175 1.665813 2.823048
5.003586e+09 0.503970 2.295974 1.662095 2.814990
4.990488e+09 0.502129 2.289781 1.658399 2.806955
4.977390e+09 0.500291 2.283597 1.654723 2.798943
4.964291e+09 0.498459 2.277421 1.651069 2.784012
4.951193e+09 0.496631 2.271254 1.647435 2.767861
4.938094e+09 0.494804 2.265079 1.643812 2.751771
4.924996e+09 0.492981 2.258909 1.640206 2.735770
4.911898e+09 0.491162 2.252747 1.636622 2.719867
4.898799e+09 0.489348 2.246595 1.633057 2.704061
4.885701e+09 0.487538 2.240453 1.629513 2.688353
4.872602e+09 0.485732 2.234320 1.625989 2.672743
4.859504e+09 0.483931 2.228197 1.622486 2.657230
4.846406e+09 0.482134 2.222084 1.619002 2.641814
4.833307e+09 0.480342 2.215981 1.615538 2.626495
4.820209e+09 0.478552 2.209881 1.612090 2.611259
4.807111e+09 0.476764 2.203776 1.608653 2.596089
4.794012e+09 0.474980 2.197682 1.605235 2.581016
4.780914e+09 0.473201 2.191598 1.601837 2.566039
4.767815e+09 0.471426 2.185525 1.598458 2.551158
4.754717e+09 0.469655 2.179463 1.595099 2.536374
4.741619e+09 0.467888 2.173411 1.591759 2.521684
4.728520e+09 0.466126 2.167371 1.588438 2.507090
4.715422e+09 0.464368 2.161341 1.585136 2.492590
4.702323e+09 0.462614 2.155323 1.581853 2.478184
4.689225e+09 0.460861 2.149299 1.578579 2.463840
4.676127e+09 0.459111 2.143281 1.575320 2.449578
4.663028e+09 0.457365 2.137274 1.572080 2.435411
4.649930e+09 0.455624 2.131280 1.568859 2.421336
4.636831e+09 0.453886 2.125296 1.565656 2.407354
4.623733e+09 0.452153 2.119325 1.562471 2.393465
4.610635e+09 0.450424 2.113366 1.559305 2.379667
4.597536e+09 0.448699 2.107418 1.556157 2.365961
4.584438e+09 0.446978 2.101483 1.553027 2.352346
4.571339e+09 0.445261 2.095557 1.549914 2.338816
4.558241e+09 0.443544 2.089623 1.546806 2.325339
4.545143e+09 0.441830 2.083701 1.543717 2.311952
4.532044e+09 0.440121 2.077792 1.540646 2.298654
4.518946e+09 0.438416 2.071895 1.537592 2.285446
4.505847e+09 0.436715 2.066011 1.534555 2.272326
4.492749e+09 0.435018 2.060140 1.531536 2.259295
4.479651e+09 0.433325 2.054281 1.528535 2.246351
4.466552e+09 0.431636 2.048435 1.525550 2.233494
4.453454e+09 0.429951 2.042602 1.522583 2.220724
4.440355e+09 0.428268 2.036773 1.519628 2.208025
4.427257e+09 0.426586 2.030943 1.516682 2.195386
4.414159e+09 0.424908 2.025126 1.513753 2.182832
4.401060e+09 0.423234 2.019321 1.510841 2.170364
4.387962e+09 0.421564 2.013531 1.507945 2.157980
4.374864e+09 0.419898 2.007753 1.505067 2.145681
4.361765e+09 0.418235 2.001989 1.502205 2.133465
4.348667e+09 0.416577 1.996238 1.499359 2.121333
4.335568e+09 0.414922 1.990501 1.496530 2.109283
4.322470e+09 0.413272 1.984777 1.493717 2.097315
4.309372e+09 0.411622 1.979053 1.490913 2.085407
4.296273e+09 0.409974 1.973333 1.488119 2.073562
4.283175e+09 0.408330 1.967626 1.485342 2.061798
4.270076e+09 0.406690 1.961933 1.482581 2.050115
4.256978e+09 0.405054 1.956254 1.479835 2.038512
4.243880e+09 0.403421 1.950589 1.477106 2.026989
4.230781e+09 0.401793 1.944938 1.474392 2.015544
4.217683e+09 0.400168 1.939301 1.471694 2.004179
4.204584e+09 0.398547 1.933677 1.469012 1.992891
4.191486e+09 0.396929 1.928068 1.466345 1.981681
4.178388e+09 0.395312 1.922457 1.463520 1.970523
4.165289e+09 0.393697 1.916852 1.460681 1.959427
4.152191e+09 0.392086 1.911261 1.457851 1.948408
4.139092e+09 0.390478 1.905684 1.455031 1.937465
4.125994e+09 0.388874 1.900122 1.452219 1.926598
4.112896e+09 0.387274 1.894574 1.449417 1.915805
4.099797e+09 0.385678 1.889040 1.446623 1.905087
4.086699e+09 0.384085 1.883521 1.443839 1.894444
4.073600e+09 0.382496 1.878015 1.441063 1.883873
4.060502e+09 0.380911 1.872525 1.438296 1.873376
4.047404e+09 0.379325 1.867032 1.435530 1.867032
4.034305e+09 0.377742 1.861546 1.432767 1.861546
4.021207e+09 0.376162 1.856075 1.430014 1.856075
4.008108e+09 0.374586 1.850618 1.427269 1.850618
3.995010e+09 0.373014 1.845176 1.424533 1.845176
3.981912e+09 0.371445 1.839748 1.421806 1.839748
3.968813e+09 0.369879 1.834335 1.419087 1.834335
3.955715e+09 0.368318 1.828937 1.416378 1.828937
3.942617e+09 0.366759 1.823553 1.413676 1.823553
3.929518e+09 0.365205 1.818184 1.410984 1.818184
3.916420e+09 0.363650 1.812815 1.408292 1.812815
3.903321e+09 0.362098 1.807451 1.405603 1.807451
3.890223e+09 0.360548 1.802102 1.402923 1.802102
3.877125e+09 0.359002 1.796768 1.400251 1.796768
3.864026e+09 0.357460 1.791448 1.397588 1.791448
3.850928e+09 0.355921 1.786144 1.394933 1.786144
3.837829e+09 0.354386 1.780854 1.392287 1.780854
3.824731e+09 0.352854 1.775579 1.389649 1.775579
3.811633e+09 0.351326 1.770319 1.387020 1.770319
3.798534e+09 0.349801 1.765074 1.383924 1.765074
3.785436e+09 0.348277 1.759832 1.377690 1.759832
3.772337e+09 0.346753 1.754593 1.371485 1.754593
3.759239e+09 0.345233 1.749368 1.365323 1.749368
3.746141e+09 0.343717 1.744158 1.359203 1.744158
3.733042e+09 0.342204 1.738963 1.353126 1.738963
3.719944e+09 0.340694 1.733783 1.347090 1.733783
3.706845e+09 0.339187 1.728618 1.341096 1.728618
3.693747e+09 0.337684 1.723468 1.335142 1.723468
3.680649e+09 0.336185 1.718333 1.329230 1.718333
3.667550e+09 0.334688 1.713213 1.323358 1.713213
3.654452e+09 0.333194 1.708102 1.317521 1.708102
3.641353e+09 0.331699 1.702987 1.311703 1.702987
3.628255e+09 0.330207 1.697888 1.305926 1.697888
3.615157e+09 0.328719 1.692803 1.300187 1.692803
3.602058e+09 0.327234 1.687734 1.294488 1.687734
3.588960e+09 0.325752 1.682680 1.288828 1.682680
3.575861e+09 0.324274 1.677640 1.283205 1.677640
3.562763e+09 0.322798 1.672616 1.277621 1.672616
3.549665e+09 0.321326 1.667606 1.272075 1.667606
3.536566e+09 0.319858 1.662612 1.266566 1.662612
3.523468e+09 0.318392 1.657633 1.261094 1.657633
3.510370e+09 0.316925 1.652646 1.255636 1.652646
3.497271e+09 0.315461 1.647672 1.250213 1.647672
3.484173e+09 0.314000 1.642714 1.244826 1.642714
3.471074e+09 0.312542 1.637770 1.239475 1.637770
3.457976e+09 0.311087 1.632842 1.234159 1.632842
3.444878e+09 0.309635 1.627928 1.228880 1.627928
3.431779e+09 0.308187 1.623030 1.223635 1.623030
3.418681e+09 0.306742 1.618146 1.218425 1.618146
3.405582e+09 0.305300 1.613278 1.213250 1.613278
3.392484e+09 0.303861 1.608424 1.208108 1.608424
3.379386e+09 0.302423 1.603573 1.202989 1.603573
3.366287e+09 0.300984 1.598725 1.197891 1.598725
3.353189e+09 0.299549 1.593892 1.192828 1.593892
3.340090e+09 0.298118 1.589074 1.187797 1.589074
3.326992e+09 0.296689 1.584271 1.182800 1.584271
3.313894e+09 0.295263 1.579483 1.177835 1.579483
3.300795e+09 0.293841 1.574710 1.172903 1.574710
3.287697e+09 0.292422 1.569952 1.168003 1.569952
3.274598e+09 0.291005 1.565209 1.163135 1.565209
3.261500e+09 0.289592 1.560481 1.158298 1.560481
3.248402e+09 0.288182 1.555766 1.153492 1.555766
3.235303e+09 0.286769 1.551044 1.148695 1.551044
3.222205e+09 0.285360 1.546336 1.143929 1.546336
3.209106e+09 0.283953 1.541643 1.139193 1.541643
3.196008e+09 0.282550 1.536965 1.134489 1.536965
3.182910e+09 0.281149 1.532302 1.129814 1.532302
3.169811e+09 0.279752 1.527654 1.125170 1.527654
3.156713e+09 0.278358 1.523020 1.120555 1.523020
3.143615e+09 0.276966 1.518402 1.115970 1.518402
3.130516e+09 0.275578 1.513798 1.111415 1.513798
3.117418e+09 0.274193 1.509209 1.106888 1.509209
3.104319e+09 0.272808 1.504622 1.102379 1.504622
3.091221e+09 0.271423 1.500038 1.097887 1.500038
3.078123e+09 0.270040 1.495470 1.093424 1.495470
3.065024e+09 0.268661 1.490915 1.088990 1.490915
3.051926e+09 0.267285 1.486376 1.084583 1.486376
3.038827e+09 0.265912 1.481851 1.080205 1.481851
3.025729e+09 0.264542 1.477342 1.075854 1.477342
3.012631e+09 0.263175 1.472846 1.071530 1.472846
2.999532e+09 0.261810 1.468366 1.067234 1.468366
2.986434e+09 0.260449 1.463900 1.062964 1.463900
2.973335e+09 0.259091 1.459448 1.058721 1.459448
2.960237e+09 0.257730 1.454990 1.054486 1.454990
2.947139e+09 0.256371 1.450544 1.050275 1.450544
2.934040e+09 0.255016 1.446112 1.046090 1.446112
2.920942e+09 0.253663 1.441695 1.041931 1.441695
2.907843e+09 0.252313 1.437293 1.037798 1.437293
2.894745e+09 0.250966 1.432905 1.033690 1.432905
2.881647e+09 0.249622 1.428531 1.030100 1.428531
2.868548e+09 0.248281 1.424172 1.027782 1.424172
2.855450e+09 0.246943 1.419828 1.025474 1.419828
2.842351e+09 0.245608 1.415498 1.023176 1.415498
2.829253e+09 0.244274 1.411177 1.020884 1.411177
2.816155e+09 0.242938 1.406852 1.018591 1.406852
2.803056e+09 0.241605 1.402541 1.016308 1.402541
2.789958e+09 0.240275 1.398245 1.014034 1.398245
2.776859e+09 0.238948 1.393963 1.011769 1.393963
2.763761e+09 0.237624 1.389695 1.009513 1.389695
2.750663e+09 0.236302 1.385441 1.007267 1.385441
2.737564e+09 0.234984 1.381202 1.005030 1.381202
2.724466e+09 0.233668 1.376977 1.002802 1.376977
2.711368e+09 0.232355 1.372767 1.000583 1.372767
2.698269e+09 0.231044 1.368570 0.998373 1.368570
2.685171e+09 0.229734 1.364378 0.996167 1.364378
2.672072e+09 0.228423 1.360186 0.993962 1.360186
2.658974e+09 0.227115 1.356008 0.991765 1.356008
2.645876e+09 0.225810 1.351845 0.989578 1.351845
2.632777e+09 0.224507 1.347695 0.987399 1.347695
2.619679e+09 0.223208 1.343560 0.985230 1.343560
2.606580e+09 0.221911 1.339438 0.983069 1.339438
2.593482e+09 0.220616 1.335331 0.980916 1.335331
2.580384e+09 0.219325 1.331238 0.978772 1.331238
2.567285e+09 0.218036 1.327158 0.976637 1.327158
2.554187e+09 0.216750 1.323093 0.974510 1.323093
2.541088e+09 0.215463 1.319028 0.972385 1.319028
2.527990e+09 0.214176 1.314967 0.970262 1.314967
2.514892e+09 0.212892 1.310919 0.968148 1.310919
2.501793e+09 0.211611 1.306886 0.966042 1.306886
2.488695e+09 0.210332 1.302866 0.963945 1.302866
2.475596e+09 0.209056 1.298861 0.961856 1.298861
2.462498e+09 0.207782 1.294869 0.959775 1.294869
2.449400e+09 0.206512 1.290891 0.957703 1.290891
2.436301e+09 0.205244 1.286926 0.955639 1.286926
2.423203e+09 0.203978 1.282975 0.953582 1.282975
2.410104e+09 0.202716 1.279038 0.951535 1.279038
2.397006e+09 0.201451 1.275100 0.949486 1.275100
2.383908e+09 0.200188 1.271167 0.947442 1.271167
2.370809e+09 0.198927 1.267247 0.945405 1.267247
2.357711e+09 0.197668 1.263341 0.943377 1.263341
2.344612e+09 0.196412 1.259449 0.941357 1.259449
2.331514e+09 0.195159 1.255570 0.939344 1.255570
2.318416e+09 0.193909 1.251705 0.937340 1.251705
2.305317e+09 0.192661 1.247853 0.935336 1.247853
2.292219e+09 0.191416 1.244014 0.930901 1.244014
2.279121e+09 0.190173 1.240189 0.926495 1.240189
2.266022e+09 0.188933 1.236377 0.922118 1.236377
2.252924e+09 0.187691 1.232564 0.917753 1.232564
2.239825e+09 0.186450 1.228756 0.913409 1.228756
2.226727e+09 0.185211 1.224961 0.909093 1.224961
2.213629e+09 0.183975 1.221180 0.904805 1.221180
2.200530e+09 0.182741 1.217412 0.900545 1.217412
2.187432e+09 0.181510 1.213657 0.896313 1.213657
2.174333e+09 0.180282 1.209915 0.892107 1.209915
2.161235e+09 0.179056 1.206187 0.887930 1.206187
2.148137e+09 0.177833 1.202471 0.883779 1.202471
2.135038e+09 0.176612 1.198769 0.879655 1.198769
2.121940e+09 0.175394 1.195080 0.875557 1.195080
2.108841e+09 0.174174 1.191390 0.871472 1.191390
2.095743e+09 0.172955 1.187704 0.867405 1.187704
2.082645e+09 0.171737 1.184031 0.863364 1.184031
2.069546e+09 0.170523 1.180371 0.859349 1.180371
2.056448e+09 0.169311 1.176724 0.855359 1.176988
2.043349e+09 0.168101 1.173090 0.851396 1.175900
2.030251e+09 0.166894 1.169469 0.847457 1.174820
2.017153e+09 0.165690 1.165861 0.843544 1.173747
2.004054e+09 0.164487 1.162266 0.839657 1.172682
1.990956e+09 0.163288 1.158683 0.835793 1.171623
1.977857e+09 0.162091 1.155113 0.831955 1.170572
1.964759e+09 0.160893 1.151545 0.828131 1.169523
1.951661e+09 0.159694 1.147978 0.824320 1.168477
1.938562e+09 0.158498 1.144424 0.820533 1.167437
1.925464e+09 0.157304 1.140882 0.816770 1.166405
1.912365e+09 0.156113 1.137354 0.813032 1.165379
1.899267e+09 0.154924 1.133837 0.809317 1.164361
1.886169e+09 0.153738 1.130334 0.805626 1.163350
1.873070e+09 0.152554 1.126843 0.801958 1.162346
1.859972e+09 0.151372 1.123364 0.798313 1.161349
1.846874e+09 0.150193 1.119898 0.794692 1.160359
1.833775e+09 0.149016 1.116444 0.791093 1.159375
1.820677e+09 0.147840 1.112996 0.787512 1.158396
1.807578e+09 0.146662 1.109545 0.783938 1.157417
1.794480e+09 0.145486 1.106106 0.780387 1.156445
1.781382e+09 0.144312 1.102680 0.776858 1.155479
1.768283e+09 0.143141 1.099266 0.773352 1.154521
1.755185e+09 0.141972 1.095865 0.769868 1.153569
1.742086e+09 0.140806 1.092475 0.766405 1.152624
1.728988e+09 0.139642 1.089098 0.762965 1.151686
1.715890e+09 0.138480 1.085733 0.759546 1.150754
1.702791e+09 0.137321 1.082380 0.756148 1.149829
1.689693e+09 0.136164 1.079039 0.752772 1.148911
1.676594e+09 0.135009 1.075710 0.749417 1.147999
1.663496e+09 0.133851 1.072371 0.746063 1.147084
1.650398e+09 0.132694 1.069045 0.742730 1.146176
1.637299e+09 0.131540 1.065731 0.739419 1.145275
1.624201e+09 0.130388 1.062428 0.736127 1.144380
1.611102e+09 0.129239 1.059138 0.732857 1.143492
1.598004e+09 0.128092 1.055860 0.729607 1.142610
1.584906e+09 0.126947 1.052593 0.726377 1.141735
1.571807e+09 0.125805 1.049338 0.723167 1.140866
1.558709e+09 0.124665 1.046095 0.719977 1.140003
1.545610e+09 0.123527 1.042864 0.716807 1.139147
1.532512e+09 0.122391 1.039645 0.713657 1.138298
1.519414e+09 0.121254 1.036423 0.710513 1.137448
1.506315e+09 0.120116 1.033205 0.707383 1.136602
1.493217e+09 0.118981 1.030000 0.704272 1.135762
1.480118e+09 0.117848 1.026806 0.701180 1.134928
1.467020e+09 0.116718 1.023624 0.698108 1.134101
1.453922e+09 0.115589 1.020453 0.695055 1.133280
1.440823e+09 0.114463 1.017294 0.692020 1.132465
1.427725e+09 0.113340 1.014147 0.689004 1.131656
1.414627e+09 0.112218 1.011010 0.686007 1.130853
1.401528e+09 0.111099 1.007886 0.683028 1.130057
1.388430e+09 0.109982 1.004772 0.680068 1.129267
1.375331e+09 0.108865 1.001665 0.677120 1.128480
1.362233e+09 0.107746 0.998553 0.674178 1.127693
1.349135e+09 0.106629 0.995453 0.671254 1.126912
1.336036e+09 0.105515 0.992365 0.668348 1.126137
1.322938e+09 0.104402 0.989288 0.665459 1.125368
1.309839e+09 0.103292 0.986222 0.662589 1.124605
1.296741e+09 0.102184 0.983167 0.659735 1.123848
1.283643e+09 0.101078 0.980123 0.656900 1.123097
1.270544e+09 0.099975 0.977091 0.654081 1.122352
1.257446e+09 0.098874 0.974070 0.651280 1.121613
1.244347e+09 0.097775 0.971059 0.648496 1.120880
1.231249e+09 0.096678 0.968060 0.645729 1.120153
1.218151e+09 0.095578 0.965055 0.642964 1.119424
1.205052e+09 0.094478 0.962058 0.640213 1.118700
1.191954e+09 0.093381 0.959071 0.637479 1.117981
1.178855e+09 0.092287 0.956096 0.634762 1.117269
1.165757e+09 0.091194 0.953131 0.632061 1.116562
1.152659e+09 0.090104 0.950177 0.629376 1.115861
1.139560e+09 0.089016 0.947235 0.626708 1.115165
1.126462e+09 0.087930 0.944303 0.624055 1.114476
1.113363e+09 0.086846 0.941382 0.621419 1.113792
1.100265e+09 0.085764 0.938471 0.618799 1.113113
1.087167e+09 0.084684 0.935571 0.616194 1.112441
1.074068e+09 0.083605 0.932676 0.613600 1.111771
1.060970e+09 0.082523 0.929778 0.611010 1.111101
1.047872e+09 0.081443 0.926891 0.608436 1.110437
1.034773e+09 0.080366 0.924014 0.605878 1.109779
1.021675e+09 0.079290 0.921148 0.603334 1.109126
1.008576e+09 0.078217 0.918292 0.600806 1.108478
9.954779e+08 0.077146 0.915447 0.598293 1.107837
9.823795e+08 0.076076 0.912612 0.595796 1.107200
9.692811e+08 0.075009 0.909788 0.593313 1.106569
9.561827e+08 0.073945 0.906975 0.590845 1.105944
9.430844e+08 0.072882 0.904171 0.588391 1.105324
9.299860e+08 0.071821 0.901378 0.585953 1.104710
9.168876e+08 0.070758 0.898582 0.583517 1.104095
9.037892e+08 0.069695 0.895790 0.581092 1.103483
8.906908e+08 0.068634 0.893009 0.578681 1.102876
8.775924e+08 0.067575 0.890238 0.576284 1.102275
8.644940e+08 0.066518 0.887477 0.573902 1.101680
8.513956e+08 0.065463 0.884727 0.571534 1.101090
8.382972e+08 0.064410 0.881986 0.569179 1.100505
8.251988e+08 0.063360 0.879256 0.566839 1.099925
8.121004e+08 0.062311 0.876536 0.564513 1.099351
7.990020e+08 0.061265 0.873827 0.562200 1.098782
7.859036e+08 0.060220 0.871127 0.559901 1.098218
7.728052e+08 0.059177 0.868435 0.557615 1.097659
7.597068e+08 0.058130 0.865737 0.555328 1.097097
7.466084e+08 0.057085 0.863048 0.553054 1.096541
7.335101e+08 0.056042 0.860369 0.550794 1.095991
7.204117e+08 0.055001 0.857700 0.548548 1.095445
7.073133e+08 0.053963 0.855041 0.546314 1.094905
6.942149e+08 0.052926 0.852392 0.544094 1.094369
6.811165e+08 0.051891 0.849753 0.541887 1.093839
6.680181e+08 0.050858 0.847124 0.539692 1.093314
6.549197e+08 0.049828 0.844504 0.537511 1.092794
6.418213e+08 0.048799 0.841895 0.535342 1.092279
6.287229e+08 0.047773 0.839295 0.533186 1.091769
6.156245e+08 0.046745 0.836697 0.531037 1.091262
6.025261e+08 0.045716 0.834098 0.528891 1.090755
5.894277e+08 0.044689 0.831508 0.526759 1.090252
5.763293e+08 0.043663 0.828928 0.524638 1.089755
5.632309e+08 0.042640 0.826358 0.522530 1.089263
5.501325e+08 0.041619 0.823798 0.520435 1.088776
5.370341e+08 0.040599 0.821247 0.518351 1.088293
5.239358e+08 0.039582 0.818705 0.516280 1.087816
5.108374e+08 0.038567 0.816173 0.514220 1.087344
4.977390e+08 0.037553 0.813650 0.512173 1.086876
4.846406e+08 0.036542 0.811137 0.510137 1.086413
4.715422e+08 0.035533 0.808633 0.508113 1.085956
4.584438e+08 0.034521 0.806128 0.506093 1.085498
4.453454e+08 0.033509 0.803624 0.504078 1.085043
4.322470e+08 0.032498 0.801131 0.502076 1.084593
4.191486e+08 0.031490 0.798646 0.500085 1.084147
4.060502e+08 0.030484 0.796171 0.498105 1.083706
3.929518e+08 0.029480 0.793705 0.496137 1.083270
3.798534e+08 0.028477 0.791248 0.494180 1.082839
3.667550e+08 0.027477 0.788801 0.492235 1.082413
3.536566e+08 0.026478 0.786362 0.490300 1.081991
3.405582e+08 0.025482 0.783933 0.488377 1.081575
3.274598e+08 0.024487 0.781513 0.486465 1.081162
3.143615e+08 0.023494 0.779102 0.484564 1.080755
3.012631e+08 0.022498 0.776686 0.482663 1.080347
2.881647e+08 0.021502 0.774275 0.480770 1.079942
2.750663e+08 0.020509 0.771874 0.478888 1.079541
2.619679e+08 0.019517 0.769481 0.477017 1.079146
2.488695e+08 0.018527 0.767097 0.475156 1.078755
2.357711e+08 0.017539 0.764723 0.473307 1.078369
2.226727e+08 0.016553 0.762357 0.471467 1.077987
2.095743e+08 0.015569 0.760000 0.469639 1.077610
1.964759e+08 0.014587 0.757652 0.467820 1.077238
1.833775e+08 0.013607 0.755313 0.466012 1.076870
1.702791e+08 0.012628 0.752983 0.464214 1.076506
1.571807e+08 0.011652 0.750661 0.462427 1.076148
1.440823e+08 0.010671 0.748332 0.460637 1.075787
1.309839e+08 0.009692 0.746010 0.458857 1.075431
1.178855e+08 0.008714 0.743698 0.457087 1.075079
1.047872e+08 0.007738 0.741394 0.455328 1.074732
9.168876e+07 0.006764 0.739098 0.453578 1.074389
7.859036e+07 0.005792 0.736812 0.451838 1.074051
6.549197e+07 0.004822 0.734534 0.450107 1.073717
5.239358e+07 0.003854 0.732264 0.448387 1.073388
3.929518e+07 0.002888 0.730003 0.446676 1.073063
2.619679e+07 0.001923 0.727751 0.444975 1.072743
1.309839e+07 0.000961 0.725507 0.443283 1.072427
