1.309839e+10 9.000000 0.000000 0.000000 1.051969
1.308530e+10 8.847726 0.000000 0.000000 0.841377
1.307220e+10 8.701050 0.000000 0.000000 0.809258
1.305910e+10 8.559660 0.000000 0.000000 0.792347
1.304600e+10 8.423368 0.000000 0.000000 0.781635
1.303290e+10 8.291842 0.000000 0.000000 0.774297
1.301980e+10 8.164779 0.000000 0.000000 0.769079
1.300671e+10 8.041947 0.000000 0.000000 0.765316
1.299361e+10 7.923131 0.000000 0.000000 0.762611
1.298051e+10 7.808144 0.000000 0.000000 0.760712
1.296741e+10 7.696830 0.000000 0.000000 0.759447
1.295431e+10 7.588952 0.000000 0.000000 0.758694
1.294121e+10 7.484347 0.000000 0.000000 0.758363
1.292811e+10 7.382859 0.000000 0.000000 0.758387
1.291502e+10 7.284344 0.000000 0.000000 0.758714
1.290192e+10 7.188666 0.000000 0.000000 0.759301
1.288882e+10 7.095696 0.000000 0.000000 0.760117
1.287572e+10 7.005312 0.000000 0.000000 0.761135
1.286262e+10 6.917401 0.000000 0.000000 0.762332
1.284952e+10 6.831855 0.000000 0.000000 0.763690
1.283643e+10 6.748572 0.000000 0.000000 0.765194
1.282333e+10 6.667456 0.000000 0.000000 0.766831
1.281023e+10 6.588431 0.000000 0.000000 0.768588
1.279713e+10 6.511436 0.000000 0.000000 0.770458
1.278403e+10 6.436355 0.000000 0.000000 0.772431
1.277093e+10 6.363109 0.000000 0.000000 0.774500
1.275784e+10 6.291625 0.000000 0.000000 0.776659
1.274474e+10 6.221832 0.000000 0.000000 0.778903
1.273164e+10 6.153665 0.000000 0.000000 0.781225
1.271854e+10 6.087102 0.000000 0.000000 0.783622
1.270544e+10 6.022088 0.000000 0.000000 0.786091
1.269234e+10 5.958522 0.000000 0.000000 0.788626
1.267925e+10 5.896348 0.000000 0.000000 0.791226
1.266615e+10 5.835515 0.000000 0.000000 0.793887
1.265305e+10 5.776057 0.000000 0.000000 0.796608
1.263995e+10 5.717866 0.000000 0.000000 0.799384
1.262685e+10 5.660874 0.000000 0.000000 0.802216
1.261375e+10 5.605040 0.000000 0.000000 0.805100
1.260065e+10 5.550427 0.000000 0.000000 0.808035
1.258756e+10 5.496902 0.000000 0.000000 0.811019
1.257446e+10 5.444416 0.000000 0.000000 0.814051
1.256136e+10 5.392990 0.000000 0.000000 0.817130
1.254826e+10 5.342602 0.000000 0.000000 0.820254
1.253516e+10 5.293149 0.000000 0.000000 0.823423
1.252206e+10 5.244640 0.000000 0.000000 0.826635
1.250897e+10 5.197097 0.000000 0.000000 0.829889
1.249587e+10 5.150398 0.000000 0.000000 0.833185
1.248277e+10 5.104567 0.000000 0.000000 0.836521
1.246967e+10 5.059611 0.000000 0.000000 0.839898
1.245657e+10 5.015419 0.000000 0.000000 0.843314
1.244347e+10 4.972050 0.000000 0.000000 0.846769
1.243038e+10 4.929453 0.000000 0.000000 0.850262
1.241728e+10 4.887546 0.000000 0.000000 0.853793
1.240418e+10 4.846450 0.000000 0.000000 0.857361
1.239108e+10 4.806006 0.000000 0.000000 0.860966
1.237798e+10 4.766255 0.000000 0.000000 0.864608
1.236488e+10 4.727194 0.000000 0.000000 0.868285
1.235179e+10 4.688723 0.000000 0.000000 0.871999
1.233869e+10 4.650970 0.000000 0.000000 0.875748
1.232559e+10 4.613770 0.000000 0.000000 0.879532
1.231249e+10 4.577204 0.000000 0.000000 0.883351
1.229939e+10 4.541209 0.000000 0.000000 0.887204
1.228629e+10 4.505773 0.000000 0.000000 0.891093
1.227319e+10 4.470921 0.000000 0.000000 0.895015
1.226010e+10 4.436563 0.000000 0.000000 0.898972
1.224700e+10 4.402796 0.000000 0.000000 0.902962
1.223390e+10 4.369472 0.000000 0.000000 0.906987
1.222080e+10 4.336729 0.000000 0.000000 0.911045
1.220770e+10 4.304408 0.000000 0.000000 0.915137
1.219460e+10 4.272625 0.000000 0.000000 0.919263
1.218151e+10 4.241257 0.000000 0.000000 0.923422
1.216841e+10 4.210391 0.000000 0.000000 0.927614
1.215531e+10 4.179930 0.000000 0.000000 0.931840
1.214221e+10 4.149942 0.000000 0.000000 0.936099
1.212911e+10 4.120344 0.000000 0.000000 0.940392
1.211601e+10 4.091197 0.000000 0.000000 0.944718
1.210292e+10 4.062421 0.000000 0.000000 0.949077
1.208982e+10 4.034080 0.000000 0.000000 0.953469
1.207672e+10 4.006087 0.000000 0.000000 0.957895
1.206362e+10 3.978520 0.000000 0.000000 0.962354
1.205052e+10 3.951272 0.000000 0.000000 0.966846
1.203742e+10 3.924447 0.000000 0.000000 0.971372
1.202433e+10 3.897912 0.000000 0.000000 0.975932
1.201123e+10 3.871800 0.000000 0.000000 0.980524
1.199813e+10 3.845965 0.000000 0.000000 0.985151
1.198503e+10 3.820516 0.000000 0.000000 0.989811
1.197193e+10 3.795355 0.000000 0.000000 0.994505
1.195883e+10 3.770540 0.000000 0.000000 0.999232
1.194574e+10 3.746027 0.000000 0.000000 1.003994
1.193264e+10 3.721816 0.000000 0.000000 1.008789
1.191954e+10 3.697926 0.000000 0.000000 1.013618
1.190644e+10 3.674294 0.000000 0.000000 1.018482
1.189334e+10 3.651005 0.000000 0.000000 1.023380
1.188024e+10 3.627947 0.000000 0.000000 1.028312
1.186714e+10 3.605214 0.000000 0.000000 1.033278
1.185405e+10 3.582725 0.000000 0.000000 1.038280
1.184095e+10 3.560509 0.000000 0.000000 1.043316
1.182785e+10 3.538569 0.000000 0.000000 1.048387
1.181475e+10 3.516848 0.000000 0.000000 1.053492
1.180165e+10 3.495436 0.000000 0.000000 1.058634
1.178855e+10 3.474227 0.000000 0.000000 1.063810
1.177546e+10 3.453288 0.000000 0.000000 1.069022
1.176236e+10 3.432582 0.000000 0.000000 1.074269
1.174926e+10 3.412087 0.000000 0.000000 1.079552
1.173616e+10 3.391866 0.000000 0.000000 1.084871
1.172306e+10 3.371830 0.000000 0.000000 1.090226
1.170996e+10 3.352044 0.000000 0.000000 1.095617
1.169687e+10 3.332470 0.000000 0.000000 1.101045
1.168377e+10 3.313083 0.000000 0.000000 1.106509
1.167067e+10 3.293956 0.000000 0.000000 1.112010
1.165757e+10 3.274998 0.000000 0.000000 1.117548
1.164447e+10 3.256256 0.000000 0.000000 1.123123
1.163137e+10 3.237724 0.000000 0.000000 1.128735
1.161828e+10 3.219353 0.000000 0.000000 1.134385
1.160518e+10 3.201221 0.000000 0.000000 1.140073
1.159208e+10 3.183256 0.000000 0.000000 1.145798
1.157898e+10 3.165461 0.000000 0.000000 1.151562
1.156588e+10 3.147889 0.000000 0.000000 1.157364
1.155278e+10 3.130466 0.000000 0.000000 1.163204
1.153968e+10 3.113227 0.000000 0.000000 1.169083
1.152659e+10 3.096179 0.000000 0.000000 1.175001
1.151349e+10 3.079272 0.000000 0.000000 1.180959
1.150039e+10 3.062561 0.000000 0.000000 1.186955
1.148729e+10 3.046014 0.000000 0.000000 1.192991
1.147419e+10 3.029600 0.000000 0.000000 1.199068
1.146109e+10 3.013389 0.000000 0.000000 1.205184
1.144800e+10 2.997320 0.000000 0.000000 1.211340
1.143490e+10 2.981379 0.000000 0.000000 1.217537
1.142180e+10 2.965641 0.000000 0.000000 1.223775
1.140870e+10 2.950030 0.000000 0.000000 1.230054
1.139560e+10 2.934545 0.000000 0.000000 1.236374
1.138250e+10 2.919253 0.000000 0.000000 1.242735
1.136941e+10 2.904079 0.000000 0.000000 1.249138
1.135631e+10 2.889029 0.000000 0.000000 1.255584
1.134321e+10 2.874162 0.000000 0.000000 1.262071
1.133011e+10 2.859408 0.000000 0.000000 1.268601
1.131701e+10 2.844771 0.000000 0.000000 1.275174
1.130391e+10 2.830311 0.000000 0.000000 1.281790
1.129082e+10 2.815959 0.000000 0.000000 1.288450
1.127772e+10 2.801715 0.000000 0.000000 1.295153
1.126462e+10 2.787645 0.000000 0.000000 1.301899
1.125152e+10 2.773679 0.000000 0.000000 1.308690
1.123842e+10 2.759815 0.000000 0.000000 1.339301
1.122532e+10 2.746113 0.000000 0.000000 1.386611
1.121223e+10 2.732517 0.000000 0.000000 1.435278
1.119913e+10 2.719020 0.000000 0.000000 1.485333
1.118603e+10 2.705666 0.000000 0.000000 1.536805
1.117293e+10 2.692426 0.000000 0.000000 1.589725
1.115983e+10 2.679280 0.000000 0.000000 1.644124
1.114673e+10 2.666259 0.000000 0.000000 1.700033
1.113363e+10 2.653361 0.000000 0.000000 1.757483
1.112054e+10 2.640553 0.000000 0.000000 1.816508
1.110744e+10 2.627848 0.000000 0.000000 1.877139
1.109434e+10 2.615278 0.000000 0.000000 1.939410
1.108124e+10 2.602795 0.000000 0.000000 2.003355
1.106814e+10 2.590398 0.000000 0.000000 2.069007
1.105504e+10 2.578138 0.000000 0.000000 2.136401
1.104195e+10 2.565967 0.000000 0.000000 2.205572
1.102885e+10 2.553879 0.000000 0.000000 2.276556
1.101575e+10 2.541902 0.000000 0.000000 2.349388
1.100265e+10 2.530033 0.000000 0.000000 2.424105
1.098955e+10 2.518242 0.000000 0.000000 2.500744
1.097645e+10 2.506535 0.000000 0.000000 2.579342
1.096336e+10 2.494955 0.000000 0.000000 2.659938
1.095026e+10 2.483451 0.000000 0.000000 2.742569
1.093716e+10 2.472022 0.000000 0.000000 2.827274
1.092406e+10 2.460700 0.000000 0.000000 2.914093
1.091096e+10 2.449472 0.000000 0.000000 3.003066
1.089786e+10 2.438317 0.000000 0.000000 3.094233
1.088477e+10 2.427236 0.000000 0.000000 3.187634
1.087167e+10 2.416275 0.000000 0.000000 3.283313
1.085857e+10 2.405383 0.000000 0.000000 3.381309
1.084547e+10 2.394561 0.000000 0.000000 3.481666
1.083237e+10 2.383828 0.000000 0.000000 3.584427
1.081927e+10 2.373191 0.000000 0.000000 3.689636
1.080617e+10 2.362621 0.000000 0.000000 3.797335
1.079308e+10 2.352116 0.462409 0.000000 3.907571
1.077998e+10 2.341713 0.706139 0.000000 4.020387
1.076688e+10 2.331385 0.971433 0.000000 4.135830
1.075378e+10 2.321121 1.255316 0.000000 4.253946
1.074068e+10 2.310922 1.555102 0.000000 4.374782
1.072758e+10 2.300829 1.868559 0.000000 4.498384
1.071449e+10 2.290797 2.193597 0.000000 4.624802
1.070139e+10 2.280826 2.528436 0.000000 4.754082
1.068829e+10 2.270927 2.871547 0.000000 4.886275
1.067519e+10 2.261119 3.221640 0.000000 5.021429
1.066209e+10 2.251370 3.577380 0.000000 5.159595
1.064899e+10 2.241680 3.937652 0.000000 5.300824
1.063590e+10 2.232064 4.301540 0.000000 5.445167
1.062280e+10 2.222530 4.668209 0.000000 5.592675
1.060970e+10 2.213052 5.036732 0.000000 5.743401
1.059660e+10 2.203629 5.406361 0.000000 5.897399
1.058350e+10 2.194282 5.776561 0.000000 6.054721
1.057040e+10 2.185010 6.146754 0.000000 6.215422
1.055731e+10 2.175791 6.516256 0.000000 6.516256
1.054421e+10 2.166626 6.884558 0.000000 6.884558
1.053111e+10 2.157534 7.251374 0.000000 7.251374
1.051801e+10 2.148512 7.616298 0.000000 7.616298
1.050491e+10 2.139542 7.978803 0.000000 7.978803
1.049181e+10 2.130623 8.338539 0.000000 8.338539
1.047872e+10 2.121773 8.695377 0.000000 8.695377
1.046562e+10 2.112992 9.049070 0.000000 9.049070
1.045252e+10 2.104260 9.399173 0.000000 9.399173
1.043942e+10 2.095577 9.745449 0.000000 9.745449
1.042632e+10 2.086957 10.087853 0.000000 10.087853
1.041322e+10 2.078407 10.426313 0.000000 10.426313
1.040012e+10 2.069904 10.760412 0.000000 10.760412
1.038703e+10 2.061447 11.089991 0.000000 11.089991
1.037393e+10 2.053045 11.415019 0.054256 11.415019
1.036083e+10 2.044717 11.735652 0.081924 11.735652
1.034773e+10 2.036433 12.051437 0.119997 12.051437
1.033463e+10 2.028194 12.362276 0.171215 12.362276
1.032153e+10 2.020000 12.668084 0.238735 12.668084
1.030844e+10 2.011884 12.969309 0.326157 12.969309
1.029534e+10 2.003811 13.265412 0.437554 13.265412
1.028224e+10 1.995781 13.556337 0.567349 13.556337
1.026914e+10 1.987794 13.842040 0.711336 13.842040
1.025604e+10 1.979872 14.122870 0.875421 14.122870
1.024294e+10 1.972002 14.398611 1.059962 14.398611
1.022985e+10 1.964173 14.669085 1.265068 14.669085
1.021675e+10 1.956386 14.934276 1.490667 14.934276
1.020365e+10 1.948649 15.194370 1.736566 15.194370
1.019055e+10 1.940974 15.449573 2.002456 15.449573
1.017745e+10 1.933338 15.699523 2.048664 15.699523
1.016435e+10 1.925742 15.944228 2.060408 15.944228
1.015126e+10 1.918185 16.183702 2.072231 16.183702
1.013816e+10 1.910694 16.418500 2.084135 16.418500
1.012506e+10 1.903244 16.648192 2.096119 16.648192
1.011196e+10 1.895832 16.872746 2.108186 16.872746
1.009886e+10 1.888458 17.092190 2.120334 17.092190
1.008576e+10 1.881133 17.306796 2.132564 17.306796
1.007266e+10 1.873862 17.516740 2.144878 17.516740
1.005957e+10 1.866627 17.721701 2.157276 17.740946
1.004647e+10 1.859429 17.921717 2.169759 18.170144
1.003337e+10 1.852267 18.116829 2.182327 18.596024
1.002027e+10 1.845164 18.307596 2.194980 19.018891
1.000717e+10 1.838100 18.493676 2.207720 19.438524
9.994074e+09 1.831072 18.675008 2.220547 19.854864
9.980976e+09 1.824078 18.851640 2.233463 20.267915
9.967878e+09 1.817123 19.023735 2.246466 20.677755
9.954779e+09 1.810224 19.191750 2.259559 21.084646
9.941681e+09 1.803359 19.355235 2.272741 21.488297
9.928582e+09 1.796527 19.514241 2.286015 21.778901
9.915484e+09 1.789728 19.668820 2.299379 21.956398
9.902386e+09 1.782974 19.819321 2.312835 22.124554
9.889287e+09 1.776267 19.965851 2.326384 22.284020
9.876189e+09 1.769591 20.108132 2.340026 22.434658
9.863091e+09 1.762947 20.246220 2.353763 22.576898
9.849992e+09 1.756335 20.380170 2.367594 22.711133
9.836894e+09 1.749772 20.510467 2.383977 22.838505
9.823795e+09 1.743247 20.636950 2.469588 22.958956
9.810697e+09 1.736752 20.759476 2.558329 23.072448
9.797599e+09 1.730289 20.878100 2.650300 23.179284
9.784500e+09 1.723856 20.992878 2.745613 23.279750
9.771402e+09 1.717472 21.104381 2.844146 23.375010
9.758303e+09 1.711122 21.212274 2.946193 23.464632
9.745205e+09 1.704802 21.316499 3.051935 23.548665
9.732107e+09 1.698511 21.417113 3.161507 23.627340
9.719008e+09 1.692249 21.514169 3.275050 23.700877
9.705910e+09 1.686036 21.608273 3.392416 23.770406
9.692811e+09 1.679854 21.699010 3.513990 23.835330
9.679713e+09 1.673700 21.786365 3.639967 23.895724
9.666615e+09 1.667575 21.870389 3.770507 23.951767
9.653516e+09 1.661477 21.951137 3.905779 24.003632
9.640418e+09 1.655426 22.029198 4.045628 24.052350
9.627319e+09 1.649405 22.104173 4.190494 24.097340
9.614221e+09 1.643411 22.176038 4.340604 24.138632
9.601123e+09 1.637444 22.244844 4.496152 24.176369
9.588024e+09 1.631504 22.310643 4.657335 24.210692
9.574926e+09 1.625607 22.373961 4.824025 24.242470
9.561827e+09 1.619740 22.434503 4.996652 24.271287
9.548729e+09 1.613899 22.492197 5.175519 24.297073
9.535631e+09 1.608084 22.547092 5.360849 24.319942
9.522532e+09 1.602295 22.599234 5.552873 24.340007
9.509434e+09 1.596544 22.649042 5.751530 24.357930
9.496335e+09 1.590825 22.696415 5.957165 24.373584
9.483237e+09 1.585132 22.741187 6.170193 24.386742
9.470139e+09 1.579463 22.783401 6.390873 24.397500
9.457040e+09 1.573819 22.823106 6.619468 24.405949
9.443942e+09 1.568207 22.860568 6.856045 24.412500
9.430844e+09 1.562630 22.895959 7.100744 24.417416
9.417745e+09 1.557078 22.928979 7.354155 24.420274
9.404647e+09 1.551549 22.959671 7.616571 24.421152
9.391548e+09 1.546045 22.988079 7.888286 24.420123
9.378450e+09 1.540565 23.014286 8.169561 24.417318
9.365352e+09 1.535125 23.038803 8.460188 24.413467
9.352253e+09 1.529709 23.061166 8.761001 24.407916
9.339155e+09 1.524315 23.081415 9.072320 24.400729
9.326056e+09 1.518944 23.099589 9.394468 24.455225
9.312958e+09 1.513596 23.115730 9.727775 24.572191
9.299860e+09 1.508282 23.130236 10.072121 24.682761
9.286761e+09 1.502996 23.142959 10.428047 24.786685
9.273663e+09 1.497732 23.153765 10.796097 24.883753
9.260564e+09 1.492490 23.162694 11.176613 24.974116
9.247466e+09 1.487270 23.169780 11.569941 25.057927
9.234368e+09 1.482075 23.175166 11.976275 25.135568
9.221269e+09 1.476914 23.179190 12.395504 25.207852
9.208171e+09 1.471775 23.181481 12.828534 25.274061
9.195072e+09 1.466656 23.182075 13.275710 25.334342
9.181974e+09 1.461559 23.181006 13.737377 25.388845
9.168876e+09 1.456483 23.178306 14.213875 25.437719
9.155777e+09 1.451438 23.174329 14.705007 25.481801
9.142679e+09 1.446418 23.168959 15.211311 25.520926
9.129580e+09 1.441419 23.162060 15.733392 25.554871
9.116482e+09 1.436441 23.153661 16.271571 25.583775
9.103384e+09 1.431482 23.143795 16.826161 25.607779
9.090285e+09 1.426544 23.132496 17.397454 25.627034
9.077187e+09 1.421640 23.120253 17.984854 25.642655
9.064088e+09 1.416755 23.106633 18.589491 25.653792
9.050990e+09 1.411891 23.091665 18.659127 25.660577
9.037892e+09 1.407045 23.075378 18.682251 25.663138
9.024793e+09 1.402220 23.057799 18.704313 25.661602
9.011695e+09 1.397417 23.039090 18.725430 25.656375
8.998597e+09 1.392643 23.019458 18.745758 25.647965
8.985498e+09 1.387888 22.998618 18.765061 25.635830
8.972400e+09 1.383152 22.976595 18.783351 25.620089
8.959301e+09 1.378435 22.953415 18.800638 25.600856
8.946203e+09 1.373736 22.929104 18.816933 25.578246
8.933105e+09 1.369062 22.903897 18.832416 25.552805
8.920006e+09 1.364413 22.877822 18.847103 25.524650
8.906908e+09 1.359782 22.850690 18.860834 25.493445
8.893809e+09 1.355169 22.822524 18.873619 25.459291
8.880711e+09 1.350574 22.793349 18.885471 25.422290
8.867613e+09 1.345997 22.763186 18.896399 25.382542
8.854514e+09 1.341445 22.732304 18.906615 25.340646
8.841416e+09 1.336915 22.700635 18.916056 25.296508
8.828317e+09 1.332403 22.668045 18.924608 25.249906
8.815219e+09 1.327908 22.634556 18.932283 25.200929
8.802121e+09 1.323430 22.600188 18.939089 25.149665
8.789022e+09 1.318970 22.564963 18.945039 25.096199
8.775924e+09 1.314534 22.529145 18.950342 25.041104
8.762825e+09 1.310118 22.492644 18.954921 25.084494
8.749727e+09 1.305720 22.455344 18.958676 25.127538
8.736629e+09 1.301338 22.417266 18.961617 25.166410
8.723530e+09 1.296973 22.378428 18.963754 25.201223
8.710432e+09 1.292625 22.338848 18.965099 25.232083
8.697333e+09 1.288299 22.298758 18.965836 25.259456
8.684235e+09 1.283994 22.258105 18.965920 25.283333
8.671137e+09 1.279704 22.216765 18.965243 25.303572
8.658038e+09 1.275431 22.174755 18.963813 25.320271
8.644940e+09 1.271174 22.132091 18.961642 25.333527
8.631841e+09 1.266933 22.088790 18.958739 25.343431
8.618743e+09 1.262712 22.045021 18.955242 25.350338
8.605645e+09 1.258512 22.000828 18.951184 25.354384
8.592546e+09 1.254328 21.956045 18.946424 25.355352
8.579448e+09 1.250159 21.910689 18.940971 25.353326
8.566350e+09 1.246006 21.864774 18.934835 25.348391
8.553251e+09 1.241868 21.818316 18.928025 25.340628
8.540153e+09 1.237747 21.771403 18.920614 25.330243
8.527054e+09 1.233648 21.724212 18.912748 25.317594
8.513956e+09 1.229565 21.676521 18.904237 25.302353
8.500858e+09 1.225496 21.628342 18.895090 25.284596
8.487759e+09 1.221442 21.579690 18.885316 25.264395
8.474661e+09 1.217403 21.530578 18.874923 25.241822
8.461562e+09 1.213378 21.481020 18.863921 25.216946
8.448464e+09 1.209376 21.431295 18.852548 25.190295
8.435366e+09 1.205390 21.381170 18.840601 25.161512
8.422267e+09 1.201417 21.330634 18.828072 25.130627
8.409169e+09 1.197459 21.279702 18.814968 25.097705
8.396070e+09 1.193515 21.228384 18.801298 25.062807
8.382972e+09 1.189585 21.176693 18.787070 25.025995
8.369874e+09 1.185673 21.124782 18.772418 24.987571
8.356775e+09 1.181779 21.072645 18.757332 24.947562
8.343677e+09 1.177899 21.020167 18.741714 24.905813
8.330578e+09 1.174033 20.967360 18.725572 24.862378
8.317480e+09 1.170180 20.914234 18.708913 24.817313
8.304382e+09 1.166341 20.860800 18.691746 24.770669
8.291283e+09 1.162516 20.807081 18.674090 24.722521
8.278185e+09 1.158712 20.753307 18.656145 24.673293
8.265086e+09 1.154921 20.699255 18.637716 24.622637
8.251988e+09 1.151143 20.644933 18.618809 24.570601
8.238890e+09 1.147378 20.590352 18.599432 24.517233
8.225791e+09 1.143627 20.535521 18.579593 24.462578
8.212693e+09 1.139888 20.480449 18.559300 24.406680
8.199594e+09 1.136166 20.425254 18.538655 24.349768
8.186496e+09 1.132460 20.369953 18.517674 24.291896
8.173398e+09 1.128768 20.314436 18.496260 24.237167
8.160299e+09 1.125088 20.258713 18.474419 24.189990
8.147201e+09 1.121420 20.202791 18.452160 24.142027
8.134103e+09 1.117766 20.146679 18.429488 24.093303
8.121004e+09 1.114123 20.090384 18.406412 24.043845
8.107906e+09 1.110499 20.034086 18.383090 23.993945
8.094807e+09 1.106888 19.977657 18.359408 23.943416
8.081709e+09 1.103289 19.921067 18.335341 23.892227
8.068611e+09 1.099703 19.864325 18.310896 23.840403
8.055512e+09 1.096129 19.807438 18.286080 23.787967
8.042414e+09 1.092567 19.750413 18.260897 23.734942
8.029315e+09 1.089017 19.693272 18.235369 23.681373
8.016217e+09 1.085485 19.636179 18.209645 23.627529
8.003119e+09 1.081965 19.578968 18.183574 23.573160
7.990020e+09 1.078456 19.521645 18.157162 23.518288
7.976922e+09 1.074960 19.464217 18.130417 23.462933
7.963823e+09 1.071475 19.406690 18.103342 23.407116
7.950725e+09 1.068002 19.349070 18.075946 23.350856
7.937627e+09 1.064542 19.291406 18.048271 23.294234
7.924528e+09 1.061097 19.233788 18.020402 23.237403
7.911430e+09 1.057664 19.176094 17.992228 23.180182
7.898331e+09 1.054242 19.118331 17.963754 23.122589
7.885233e+09 1.050831 19.060503 17.934987 23.064640
7.872135e+09 1.047432 19.002617 17.905932 23.006354
7.859036e+09 1.044044 18.944677 17.876595 22.947745
7.845938e+09 1.040669 18.886738 17.847024 22.888903
7.832839e+09 1.037308 18.828859 17.817277 22.829925
7.819741e+09 1.033958 18.770941 17.787264 22.770670
7.806643e+09 1.030619 18.712989 17.756989 22.711152
7.793544e+09 1.027292 18.655009 17.726458 22.651384
7.780446e+09 1.023975 18.597005 17.695675 22.591380
7.767348e+09 1.020668 18.538982 17.664647 22.531155
7.754249e+09 1.017374 18.480985 17.633416 22.470781
7.741151e+09 1.014094 18.423071 17.602035 22.410352
7.728052e+09 1.010824 18.365151 17.570424 22.349737
7.714954e+09 1.007565 18.307228 17.538585 22.288948
7.701856e+09 1.004316 18.249307 17.506525 22.227997
7.688757e+09 1.001078 18.191393 17.474248 22.166896
7.675659e+09 0.997850 18.133488 17.441759 22.105656
7.662560e+09 0.994634 18.075621 17.409083 22.044321
7.649462e+09 0.991431 18.017867 17.376293 21.983009
7.636364e+09 0.988238 17.960134 17.343305 21.921588
7.623265e+09 0.985055 17.902425 17.310121 21.860067
7.610167e+09 0.981883 17.844745 17.276748 21.798456
7.597068e+09 0.978720 17.787097 17.243188 21.736765
7.583970e+09 0.975568 17.729485 17.209447 21.675002
7.570872e+09 0.972426 17.671911 17.175529 21.613177
7.557773e+09 0.969296 17.614482 17.141534 21.551449
7.544675e+09 0.966177 17.557097 17.107370 21.489674
7.531576e+09 0.963068 17.499761 17.073041 21.427861
7.518478e+09 0.959969 17.442476 17.038550 21.366017
7.505380e+09 0.956879 17.385245 17.003902 21.304150
7.492281e+09 0.953799 17.328071 16.969101 21.242268
7.479183e+09 0.950729 17.270957 16.934150 21.180377
7.466084e+09 0.947670 17.213969 16.899112 21.118576
7.452986e+09 0.944622 17.157071 16.830859 21.056818
7.439888e+09 0.941584 17.100240 16.758141 20.995070
7.426789e+09 0.938554 17.043481 16.685808 20.933340
7.413691e+09 0.935535 16.986794 16.613859 20.871635
7.400592e+09 0.932524 16.930183 16.542295 20.809960
7.387494e+09 0.929523 16.873650 16.471118 20.748321
7.374396e+09 0.926532 16.817222 16.400359 20.686759
7.361297e+09 0.923552 16.760926 16.330050 20.625315
7.348199e+09 0.920582 16.704714 16.260128 20.563923
7.335101e+09 0.917620 16.648590 16.190592 20.502589
7.322002e+09 0.914668 16.592555 16.121443 20.441317
7.308904e+09 0.911724 16.536611 16.052680 20.380113
7.295805e+09 0.908790 16.480760 15.984304 20.318981
7.282707e+09 0.905864 16.425005 15.916315 20.257926
7.269609e+09 0.902950 16.369400 15.848777 20.197026
7.256510e+09 0.900044 16.313901 15.781636 20.136224
7.243412e+09 0.897147 16.258504 15.714878 20.024816
7.230313e+09 0.894260 16.203209 15.648506 19.913152
7.217215e+09 0.891381 16.148019 15.582517 19.802027
7.204117e+09 0.888510 16.092936 15.516911 19.691452
7.191018e+09 0.885649 16.037960 15.451688 19.581431
7.177920e+09 0.882796 15.983109 15.386864 19.472001
7.164821e+09 0.879953 15.928402 15.322462 19.363201
7.151723e+09 0.877119 15.873807 15.258441 19.254971
7.138625e+09 0.874294 15.819327 15.194797 19.147313
7.125526e+09 0.871476 15.764963 15.131532 19.040232
7.112428e+09 0.868668 15.710715 15.068644 18.933729
7.099329e+09 0.865867 15.656587 15.006132 18.827808
7.086231e+09 0.863076 15.602578 14.943995 18.722470
7.073133e+09 0.860293 15.548714 14.882260 18.617761
7.060034e+09 0.857519 15.494984 14.820912 18.513663
7.046936e+09 0.854753 15.441379 14.759935 18.410152
7.033837e+09 0.851996 15.387898 14.699328 18.307229
7.020739e+09 0.849246 15.334543 14.639089 18.204896
7.007641e+09 0.846505 15.281316 14.579218 18.103152
6.994542e+09 0.843772 15.228218 14.519713 18.001998
6.981444e+09 0.841047 15.175248 14.460573 17.901436
6.968345e+09 0.838331 15.122432 14.401822 17.806433
6.955247e+09 0.835623 15.069749 14.343435 17.734895
6.942149e+09 0.832923 15.017199 14.285408 17.663682
6.929050e+09 0.830230 14.964782 14.227740 17.592795
6.915952e+09 0.827546 14.912500 14.170429 17.522233
6.902854e+09 0.824870 14.860354 14.113474 17.451996
6.889755e+09 0.822201 14.808343 14.056873 17.382085
6.876657e+09 0.819540 14.756471 14.000625 17.312500
6.863558e+09 0.816888 14.704749 13.944744 17.243257
6.850460e+09 0.814243 14.653166 13.889211 17.174339
6.837362e+09 0.811606 14.601722 13.834027 17.105745
6.824263e+09 0.808976 14.550419 13.779188 17.037476
6.811165e+09 0.806354 14.499257 13.724694 16.969531
6.798066e+09 0.803740 14.448236 13.670542 16.901909
6.784968e+09 0.801133 14.397358 13.616732 16.834610
6.771870e+09 0.798534 14.346623 13.563261 16.767635
6.758771e+09 0.795942 14.296035 13.510132 16.700986
6.745673e+09 0.793358 14.245591 13.457338 16.634659
6.732574e+09 0.790782 14.195292 13.404879 16.568653
6.719476e+09 0.788212 14.145138 13.352753 16.502967
6.706378e+09 0.785650 14.095131 13.300957 16.437601
6.693279e+09 0.783096 14.045269 13.249490 16.372554
6.680181e+09 0.780548 13.995555 13.198350 16.307825
6.667082e+09 0.778008 13.945987 13.147535 16.243414
6.653984e+09 0.775475 13.896562 13.097038 16.179313
6.640886e+09 0.772950 13.847285 13.046863 16.115529
6.627787e+09 0.770431 13.798157 12.997009 16.052059
6.614689e+09 0.767919 13.749178 12.947473 15.988905
6.601590e+09 0.765415 13.700349 12.898253 15.926064
6.588492e+09 0.762918 13.651669 12.849348 15.863536
6.575394e+09 0.760428 13.603139 12.800756 15.801320
6.562295e+09 0.757944 13.554760 12.752476 15.739414
6.549197e+09 0.755468 13.506518 12.704489 15.677802
6.536098e+09 0.752998 13.458427 12.656811 15.616498
6.523000e+09 0.750535 13.410487 12.609438 15.555503
6.509902e+09 0.748079 13.362698 12.562370 15.494815
6.496803e+09 0.745630 13.315062 12.515603 15.434433
6.483705e+09 0.743188 13.267577 12.469138 15.374356
6.470607e+09 0.740753 13.220245 12.422971 15.314583
6.457508e+09 0.738324 13.173065 12.377101 15.255113
6.444410e+09 0.735902 13.126021 12.331507 15.195924
6.431311e+09 0.733486 13.079125 12.286203 15.137030
6.418213e+09 0.731076 13.032382 12.241190 15.078436
6.405115e+09 0.728674 12.985792 12.196467 15.020141
6.392016e+09 0.726278 12.939355 12.152032 14.962143
6.378918e+09 0.723889 12.893072 12.107884 14.904442
6.365819e+09 0.721506 12.846942 12.064020 14.847036
6.352721e+09 0.719130 12.800966 12.020438 14.789924
6.339623e+09 0.716760 12.755129 11.977123 14.733088
6.326524e+09 0.714396 12.709430 11.934072 14.676526
6.313426e+09 0.712039 12.663886 11.891299 14.620254
6.300327e+09 0.709688 12.618495 11.848802 14.564272
6.287229e+09 0.707343 12.573259 11.806579 14.508578
6.274131e+09 0.705005 12.528176 11.764628 14.453172
6.261032e+09 0.702673 12.483247 11.722948 14.398052
6.247934e+09 0.700347 12.438473 11.681537 14.343216
6.234835e+09 0.698028 12.393848 11.640390 14.275661
6.221737e+09 0.695714 12.349345 11.599475 14.206193
6.208639e+09 0.693406 12.304995 11.558825 14.137153
6.195540e+09 0.691104 12.260800 11.518436 14.068540
6.182442e+09 0.688809 12.216758 11.478309 14.000351
6.169343e+09 0.686519 12.172870 11.438440 13.932586
6.156245e+09 0.684236 12.129136 11.398829 13.865241
6.143147e+09 0.681960 12.085555 11.359473 13.798314
6.130048e+09 0.679689 12.042128 11.320371 13.731804
6.116950e+09 0.677423 11.998828 11.281496 13.665671
6.103851e+09 0.675163 11.955664 11.242855 13.599926
6.090753e+09 0.672909 11.912654 11.204463 13.534591
6.077655e+09 0.670661 11.869798 11.166319 13.469664
6.064556e+09 0.668419 11.827094 11.128420 13.405142
6.051458e+09 0.666183 11.784543 11.090767 13.341024
6.038360e+09 0.663953 11.742145 11.053355 13.277306
6.025261e+09 0.661729 11.699899 11.016185 13.213987
6.012163e+09 0.659510 11.657804 10.979252 13.151061
5.999064e+09 0.657296 11.615815 10.942512 13.088464
5.985966e+09 0.655088 11.573977 10.906009 13.026258
5.972868e+09 0.652885 11.532292 10.869741 12.964443
5.959769e+09 0.650689 11.490758 10.833706 12.903015
5.946671e+09 0.648498 11.449376 10.797903 12.841971
5.933572e+09 0.646313 11.408146 10.762331 12.781311
5.920474e+09 0.644134 11.367066 10.726987 12.721031
5.907376e+09 0.641961 11.326138 10.691870 12.661128
5.894277e+09 0.639792 11.285340 10.656959 12.601574
5.881179e+09 0.637628 11.244658 10.622241 12.542346
5.868080e+09 0.635469 11.204127 10.587747 12.483491
5.854982e+09 0.633317 11.163747 10.553473 12.425004
5.841884e+09 0.631169 11.123516 10.519420 12.366885
5.828785e+09 0.629028 11.083435 10.485585 12.309130
5.815687e+09 0.626892 11.043503 10.451966 12.251738
5.802588e+09 0.624762 11.003720 10.418564 12.194705
5.789490e+09 0.622637 10.964086 10.385375 12.139386
5.776392e+09 0.620516 10.924565 10.352365 12.104163
5.763293e+09 0.618400 10.885169 10.319546 12.068990
5.750195e+09 0.616289 10.845922 10.286937 12.033891
5.737096e+09 0.614184 10.806822 10.254536 11.998868
5.723998e+09 0.612084 10.767870 10.222343 11.963920
5.710900e+09 0.609990 10.729066 10.190355 11.929048
5.697801e+09 0.607901 10.690408 10.158572 11.894252
5.684703e+09 0.605818 10.651897 10.126992 11.859533
5.671604e+09 0.603740 10.613532 10.095613 11.824891
5.658506e+09 0.601665 10.575265 10.064390 11.790274
5.645408e+09 0.599595 10.537129 10.033353 11.755719
5.632309e+09 0.597531 10.499139 10.002514 11.721243
5.619211e+09 0.595471 10.461294 9.971871 11.686845
5.606113e+09 0.593417 10.423594 9.941424 11.652526
5.593014e+09 0.591369 10.386039 9.911170 11.618287
5.579916e+09 0.589325 10.348627 9.881109 11.584127
5.566817e+09 0.587287 10.311360 9.851239 11.550048
5.553719e+09 0.585254 10.274236 9.821559 11.516048
5.540621e+09 0.583223 10.237200 9.792018 11.482069
5.527522e+09 0.581198 10.200296 9.762653 11.448158
5.514424e+09 0.579177 10.163534 9.733476 11.414328
5.501325e+09 0.577162 10.126915 9.704483 11.380580
5.488227e+09 0.575152 10.090438 9.675674 11.346914
5.475129e+09 0.573147 10.054102 9.647048 11.313330
5.462030e+09 0.571147 10.017908 9.618603 11.279829
5.448932e+09 0.569152 9.981854 9.590338 11.246410
5.435833e+09 0.567162 9.945941 9.562252 11.213073
5.422735e+09 0.565175 9.910112 9.534294 11.179759
5.409637e+09 0.563192 9.874409 9.506500 11.146511
5.396538e+09 0.561214 9.838846 9.478881 11.113348
5.383440e+09 0.559241 9.803421 9.451438 11.080269
5.370341e+09 0.557273 9.768136 9.424167 11.047274
5.357243e+09 0.555310 9.732990 9.397068 11.014363
5.344145e+09 0.553352 9.697981 9.370140 10.981536
5.331046e+09 0.551399 9.663110 9.343382 10.948794
5.317948e+09 0.549450 9.628377 9.316792 10.916137
5.304849e+09 0.547505 9.593730 9.290326 10.883510
5.291751e+09 0.545563 9.559196 9.264006 10.850942
5.278653e+09 0.543626 9.524799 9.237851 10.818459
5.265554e+09 0.541694 9.490539 9.211861 10.786062
5.252456e+09 0.539766 9.456413 9.186034 10.753752
5.239358e+09 0.537844 9.422424 9.160369 10.721526
5.226259e+09 0.535926 9.388568 9.134865 10.689388
5.213161e+09 0.534013 9.354848 9.109521 10.657335
5.200062e+09 0.532105 9.321261 9.084336 10.625368
5.186964e+09 0.530200 9.287772 9.059277 10.593448
5.173866e+09 0.528297 9.254376 9.034341 10.561569
5.160767e+09 0.526400 9.221113 9.009561 10.529778
5.147669e+09 0.524507 9.187982 8.984936 10.498073
5.134570e+09 0.522618 9.154984 8.960465 10.466456
5.121472e+09 0.520735 9.122118 8.936146 10.434925
5.108374e+09 0.518856 9.089384 8.911980 10.403482
5.095275e+09 0.516981 9.056780 8.887964 10.372126
5.082177e+09 0.515112 9.024307 8.864097 10.340858
5.069078e+09 0.513246 8.991951 8.840368 10.309661
5.055980e+09 0.511382 8.959659 8.816732 10.278479
5.042882e+09 0.509522 8.927496 8.793243 10.247385
5.029783e+09 0.507667 8.895463 8.769900 10.216379
5.016685e+09 0.505816 8.863560 8.746703 10.185460
5.003586e+09 0.503970 8.831784 8.723649 10.154630
4.990488e+09 0.502129 8.800137 8.700739 10.123887
4.977390e+09 0.500291 8.768617 8.677970 10.093233
4.964291e+09 0.498459 8.737224 8.655343 10.062666
4.951193e+09 0.496631 8.705957 8.632856 10.032187
4.938094e+09 0.494804 8.674754 8.610456 10.001725
4.924996e+09 0.492981 8.643659 8.588180 9.971331
4.911898e+09 0.491162 8.612690 8.566042 9.941026
4.898799e+09 0.489348 8.581847 8.544041 9.910809
4.885701e+09 0.487538 8.551128 8.522177 9.880681
4.872602e+09 0.485732 8.520535 8.500447 9.850641
4.859504e+09 0.483931 8.490065 8.478851 9.820689
4.846406e+09 0.482134 8.459719 8.457389 9.790825
4.833307e+09 0.480342 8.429495 8.429495 9.761050
4.820209e+09 0.478552 8.399369 8.399369 9.731333
4.807111e+09 0.476764 8.369309 8.369309 9.701641
4.794012e+09 0.474980 8.339370 8.339370 9.672037
4.780914e+09 0.473201 8.309554 8.287507 9.642522
4.767815e+09 0.471426 8.279859 8.229502 9.613095
4.754717e+09 0.469655 8.250286 8.172009 9.583756
4.741619e+09 0.467888 8.220832 8.115021 9.554506
4.728520e+09 0.466126 8.191499 8.058534 9.525344
4.715422e+09 0.464368 8.162286 8.002543 9.496270
4.702323e+09 0.462614 8.133192 7.947043 9.467284
4.689225e+09 0.460861 8.104153 7.891920 9.438315
4.676127e+09 0.459111 8.075212 7.837245 9.409409
4.663028e+09 0.457365 8.046390 7.783049 9.380593
4.649930e+09 0.455624 8.017686 7.729328 9.351865
4.636831e+09 0.453886 7.989099 7.676077 9.323225
4.623733e+09 0.452153 7.960629 7.623291 9.294673
4.610635e+09 0.450424 7.932277 7.570966 9.266209
4.597536e+09 0.448699 7.904040 7.519097 9.237832
4.584438e+09 0.446978 7.875919 7.467680 9.209544
4.571339e+09 0.445261 7.847904 7.416696 9.181333
4.558241e+09 0.443544 7.819928 7.366027 9.153123
4.545143e+09 0.441830 7.792067 7.315800 9.125000
4.532044e+09 0.440121 7.764320 7.266009 9.096966
4.518946e+09 0.438416 7.736688 7.216651 9.069019
4.505847e+09 0.436715 7.709169 7.167721 9.041160
4.492749e+09 0.435018 7.681763 7.119214 9.013388
4.479651e+09 0.433325 7.654470 7.071127 8.985704
4.466552e+09 0.431636 7.627290 7.023456 8.958107
4.453454e+09 0.429951 7.600221 6.976195 8.930598
4.440355e+09 0.428268 7.573232 6.929291 8.903138
4.427257e+09 0.426586 7.546299 6.882705 8.875703
4.414159e+09 0.424908 7.519478 6.836520 8.848356
4.401060e+09 0.423234 7.492768 6.790733 8.821096
4.387962e+09 0.421564 7.466168 6.745340 8.793923
4.374864e+09 0.419898 7.439677 6.700337 8.766837
4.361765e+09 0.418235 7.413297 6.655719 8.739837
4.348667e+09 0.416577 7.387024 6.611484 8.712924
4.335568e+09 0.414922 7.360861 6.567627 8.686098
4.322470e+09 0.413272 7.334805 6.524145 8.659358
4.309372e+09 0.411622 7.308809 6.480959 8.632648
4.296273e+09 0.409974 7.282882 6.438084 8.605980
4.283175e+09 0.408330 7.257062 6.395574 8.579398
4.270076e+09 0.406690 7.231349 6.353427 8.552903
4.256978e+09 0.405054 7.205742 6.311638 8.526493
4.243880e+09 0.403421 7.180242 6.270205 8.500170
4.230781e+09 0.401793 7.154847 6.229123 8.473932
4.217683e+09 0.400168 7.129557 6.188389 8.447780
4.204584e+09 0.398547 7.104372 6.148000 8.421713
4.191486e+09 0.396929 7.079291 6.107953 8.395732
4.178388e+09 0.395312 7.054257 6.068160 8.369769
4.165289e+09 0.393697 7.029296 6.028658 8.343856
4.152191e+09 0.392086 7.004440 5.989490 8.318029
4.139092e+09 0.390478 6.979686 5.950653 8.292287
4.125994e+09 0.388874 6.955035 5.912142 8.266630
4.112896e+09 0.387274 6.930487 5.873956 8.241057
4.099797e+09 0.385678 6.906040 5.836090 8.215569
4.086699e+09 0.384085 6.881695 5.798541 8.190166
4.073600e+09 0.382496 6.857451 5.761307 8.164846
4.060502e+09 0.380911 6.833308 5.724384 8.139611
4.047404e+09 0.379325 6.809206 5.687687 8.114391
4.034305e+09 0.377742 6.785175 5.651255 8.089221
4.021207e+09 0.376162 6.761244 5.615128 8.064136
4.008108e+09 0.374586 6.737413 5.579303 8.039134
3.995010e+09 0.373014 6.713681 5.543775 8.014216
3.981912e+09 0.371445 6.690048 5.508543 7.989382
3.968813e+09 0.369879 6.666513 5.473604 7.964630
3.955715e+09 0.368318 6.643076 5.438954 7.939962
3.942617e+09 0.366759 6.619737 5.404592 7.915376
3.929518e+09 0.365205 6.596495 5.370513 7.890874
3.916420e+09 0.363650 6.573296 5.336644 7.866391
3.903321e+09 0.362098 6.550159 5.303008 7.841951
3.890223e+09 0.360548 6.527118 5.269650 7.817593
3.877125e+09 0.359002 6.504174 5.236567 7.793318
3.864026e+09 0.357460 6.481325 5.203756 7.769125
3.850928e+09 0.355921 6.458572 5.171215 7.745014
3.837829e+09 0.354386 6.435913 5.138941 7.720985
3.824731e+09 0.352854 6.413349 5.106932 7.697038
3.811633e+09 0.351326 6.390878 5.075185 7.673172
3.798534e+09 0.349801 6.368502 5.043697 7.649387
3.785436e+09 0.348277 6.346178 5.012415 7.625636
3.772337e+09 0.346753 6.323900 4.981326 7.601910
3.759239e+09 0.345233 6.301715 4.950491 7.578266
3.746141e+09 0.343717 6.279623 4.919907 7.554702
3.733042e+09 0.342204 6.257622 4.889573 7.531219
3.719944e+09 0.340694 6.235714 4.859484 7.507817
3.706845e+09 0.339187 6.213897 4.829641 7.484495
3.693747e+09 0.337684 6.192171 4.800039 7.461253
3.680649e+09 0.336185 6.170535 4.770676 7.438091
3.667550e+09 0.334688 6.148990 4.741551 7.415009
3.654452e+09 0.333194 6.127515 4.712637 7.391983
3.641353e+09 0.331699 6.106062 4.683870 7.368956
3.628255e+09 0.330207 6.084699 4.655336 7.346009
3.615157e+09 0.328719 6.063424 4.627032 7.323142
3.602058e+09 0.327234 6.042239 4.598956 7.300353
3.588960e+09 0.325752 6.021142 4.571105 7.277644
3.575861e+09 0.324274 6.000133 4.543478 7.255013
3.562763e+09 0.322798 5.979212 4.516073 7.232461
3.549665e+09 0.321326 5.958379 4.488886 7.209987
3.536566e+09 0.319858 5.937632 4.461917 7.187591
3.523468e+09 0.318392 5.916972 4.435162 7.165273
3.510370e+09 0.316925 5.896319 4.408526 7.142939
3.497271e+09 0.315461 5.875744 4.382093 7.120673
3.484173e+09 0.314000 5.855256 4.355870 7.098486
3.471074e+09 0.312542 5.834853 4.329856 7.076376
3.457976e+09 0.311087 5.814535 4.304049 7.054343
3.444878e+09 0.309635 5.794303 4.278446 7.032387
3.431779e+09 0.308187 5.774155 4.253046 7.010508
3.418681e+09 0.306742 5.754091 4.227847 6.988706
3.405582e+09 0.305300 5.734111 4.202847 6.966980
3.392484e+09 0.303861 5.714214 4.178043 6.945331
3.379386e+09 0.302423 5.694356 4.153384 6.923704
3.366287e+09 0.300984 5.674539 4.128870 6.902103
3.353189e+09 0.299549 5.654805 4.104549 6.880579
3.340090e+09 0.298118 5.635153 4.080419 6.859131
3.326992e+09 0.296689 5.615584 4.056479 6.837758
3.313894e+09 0.295263 5.596097 4.032727 6.816461
3.300795e+09 0.293841 5.576691 4.009161 6.795238
3.287697e+09 0.292422 5.557366 3.985778 6.774091
3.274598e+09 0.291005 5.538122 3.962579 6.753019
3.261500e+09 0.289592 5.518958 3.939560 6.732021
3.248402e+09 0.288182 5.499870 3.916715 6.711092
3.235303e+09 0.286769 5.480780 3.893957 6.690140
3.222205e+09 0.285360 5.461770 3.871376 6.669262
3.209106e+09 0.283953 5.442840 3.848970 6.648459
3.196008e+09 0.282550 5.423989 3.826738 6.627729
3.182910e+09 0.281149 5.405217 3.804679 6.607073
3.169811e+09 0.279752 5.386523 3.782791 6.586491
3.156713e+09 0.278358 5.367908 3.761071 6.565982
3.143615e+09 0.276966 5.349370 3.739519 6.547943
3.130516e+09 0.275578 5.330910 3.718133 6.549508
3.117418e+09 0.274193 5.312527 3.696911 6.551102
3.104319e+09 0.272808 5.294177 3.675807 6.552719
3.091221e+09 0.271423 5.275863 3.654818 6.554359
3.078123e+09 0.270040 5.257625 3.633991 6.556027
3.065024e+09 0.268661 5.239463 3.613324 6.557724
3.051926e+09 0.267285 5.221377 3.592816 6.559449
3.038827e+09 0.265912 5.203367 3.572464 6.561203
3.025729e+09 0.264542 5.185433 3.552267 6.562986
3.012631e+09 0.263175 5.167573 3.532225 6.564796
2.999532e+09 0.261810 5.149788 3.512335 6.566635
2.986434e+09 0.260449 5.132077 3.492596 6.568502
2.973335e+09 0.259091 5.114440 3.473007 6.570398
2.960237e+09 0.257730 5.096803 3.453490 6.572311
2.947139e+09 0.256371 5.079229 3.434110 6.574251
2.934040e+09 0.255016 5.061729 3.414877 6.576220
2.920942e+09 0.253663 5.044302 3.395790 6.578216
2.907843e+09 0.252313 5.026948 3.376847 6.580240
2.894745e+09 0.250966 5.009667 3.358047 6.582293
2.881647e+09 0.249622 4.992458 3.339389 6.579441
2.868548e+09 0.248281 4.975321 3.320871 6.564041
2.855450e+09 0.246943 4.958255 3.302493 6.548699
2.842351e+09 0.245608 4.941261 3.284252 6.533414
2.829253e+09 0.244274 4.924322 3.266133 6.518171
2.816155e+09 0.242938 4.907386 3.248080 6.502912
2.803056e+09 0.241605 4.890521 3.230164 6.487711
2.789958e+09 0.240275 4.873727 3.212381 6.472569
2.776859e+09 0.238948 4.857003 3.194731 6.457485
2.763761e+09 0.237624 4.840348 3.177213 6.442459
2.750663e+09 0.236302 4.823764 3.159826 6.427492
2.737564e+09 0.234984 4.807248 3.142568 6.412582
2.724466e+09 0.233668 4.790802 3.125438 6.397730
2.711368e+09 0.232355 4.774424 3.108435 6.382935
2.698269e+09 0.231044 4.758115 3.091558 6.368197
2.685171e+09 0.229734 4.741840 3.074774 6.353481
2.672072e+09 0.228423 4.725584 3.058066 6.338768
2.658974e+09 0.227115 4.709396 3.041482 6.324114
2.645876e+09 0.225810 4.693276 3.025020 6.309516
2.632777e+09 0.224507 4.677224 3.008680 6.294975
2.619679e+09 0.223208 4.661238 2.992460 6.280491
2.606580e+09 0.221911 4.645320 2.976360 6.266063
2.593482e+09 0.220616 4.629468 2.960378 6.251691
2.580384e+09 0.219325 4.613681 2.944513 6.237375
2.567285e+09 0.218036 4.597961 2.928764 6.223115
2.554187e+09 0.216750 4.582306 2.913130 6.208910
2.541088e+09 0.215463 4.566671 2.897568 6.194712
2.527990e+09 0.214176 4.551066 2.882086 6.180530
2.514892e+09 0.212892 4.535526 2.866717 6.166404
2.501793e+09 0.211611 4.520051 2.851460 6.152333
2.488695e+09 0.210332 4.504641 2.836314 6.138317
2.475596e+09 0.209056 4.489295 2.821279 6.124355
2.462498e+09 0.207782 4.474013 2.806353 6.110448
2.449400e+09 0.206512 4.458794 2.791535 6.096595
2.436301e+09 0.205244 4.443640 2.776824 6.082797
2.423203e+09 0.203978 4.428548 2.762220 6.069051
2.410104e+09 0.202716 4.413519 2.747720 6.055360
2.397006e+09 0.201451 4.398501 2.733279 6.041666
2.383908e+09 0.200188 4.383518 2.718916 6.027994
2.370809e+09 0.198927 4.368597 2.704657 6.014376
2.357711e+09 0.197668 4.353739 2.690500 6.000812
2.344612e+09 0.196412 4.338942 2.676445 5.987300
2.331514e+09 0.195159 4.324207 2.662492 5.973840
2.318416e+09 0.193909 4.309534 2.648638 5.960434
2.305317e+09 0.192661 4.294922 2.634883 5.947079
2.292219e+09 0.191416 4.280371 2.621227 5.933776
2.279121e+09 0.190173 4.265880 2.607668 5.920525
2.266022e+09 0.188933 4.251449 2.594206 5.907326
2.252924e+09 0.187691 4.237028 2.580794 5.899715
2.239825e+09 0.186450 4.222639 2.567454 5.892569
2.226727e+09 0.185211 4.208310 2.554209 5.885467
2.213629e+09 0.183975 4.194041 2.541058 5.878408
2.200530e+09 0.182741 4.179831 2.528000 5.871393
2.187432e+09 0.181510 4.165681 2.515036 5.864422
2.174333e+09 0.180282 4.151590 2.502163 5.857494
2.161235e+09 0.179056 4.137557 2.489381 5.850608
2.148137e+09 0.177833 4.123583 2.476689 5.843765
2.135038e+09 0.176612 4.109666 2.464086 5.836965
2.121940e+09 0.175394 4.095808 2.451573 5.830207
2.108841e+09 0.174174 4.081961 2.439108 5.823461
2.095743e+09 0.172955 4.068141 2.426704 5.816736
2.082645e+09 0.171737 4.054378 2.414387 5.810054
2.069546e+09 0.170523 4.040673 2.402156 5.803413
2.056448e+09 0.169311 4.027025 2.390012 5.796814
2.043349e+09 0.168101 4.013433 2.377953 5.790255
2.030251e+09 0.166894 3.999898 2.365978 5.783738
2.017153e+09 0.165690 3.986420 2.354086 5.777262
2.004054e+09 0.164487 3.972997 2.342278 5.770827
1.990956e+09 0.163288 3.959630 2.330551 5.764431
1.977857e+09 0.162091 3.946319 2.318906 5.758076
1.964759e+09 0.160893 3.933027 2.307313 5.751738
1.951661e+09 0.159694 3.919751 2.295766 5.745414
1.938562e+09 0.158498 3.906529 2.284300 5.739130
1.925464e+09 0.157304 3.893363 2.272914 5.732885
1.912365e+09 0.156113 3.880251 2.261606 5.726680
1.899267e+09 0.154924 3.867194 2.250376 5.720514
1.886169e+09 0.153738 3.854191 2.239225 5.714387
1.873070e+09 0.152554 3.841243 2.228150 5.708300
1.859972e+09 0.151372 3.828347 2.217151 5.702250
1.846874e+09 0.150193 3.815506 2.206228 5.696240
1.833775e+09 0.149016 3.802717 2.195379 5.690267
1.820677e+09 0.147840 3.789962 2.184590 5.684320
1.807578e+09 0.146662 3.777205 2.173830 5.678376
1.794480e+09 0.145486 3.764502 2.163144 5.672470
1.781382e+09 0.144312 3.751851 2.152531 5.666602
1.768283e+09 0.143141 3.739252 2.141991 5.660771
1.755185e+09 0.141972 3.726706 2.131523 5.654978
1.742086e+09 0.140806 3.714213 2.121127 5.649222
1.728988e+09 0.139642 3.701770 2.110801 5.643504
1.715890e+09 0.138480 3.689380 2.100546 5.637822
1.702791e+09 0.137321 3.677041 2.090360 5.632177
1.689693e+09 0.136164 3.664752 2.080243 5.626568
1.676594e+09 0.135009 3.652515 2.070195 5.620996
1.663496e+09 0.133851 3.640255 2.060157 5.615413
1.650398e+09 0.132694 3.628047 2.050188 5.609867
1.637299e+09 0.131540 3.615889 2.040286 5.604357
1.624201e+09 0.130388 3.603782 2.030452 5.598883
1.611102e+09 0.129239 3.591724 2.020683 5.593445
1.598004e+09 0.128092 3.579717 2.010981 5.588042
1.584906e+09 0.126947 3.567760 2.001344 5.582675
1.571807e+09 0.125805 3.555852 1.991771 5.577343
1.558709e+09 0.124665 3.543993 1.982263 5.572045
1.545610e+09 0.123527 3.532183 1.972819 5.566783
1.532512e+09 0.122391 3.520422 1.963438 5.561555
1.519414e+09 0.121254 3.508662 1.954082 5.556332
1.506315e+09 0.120116 3.496927 1.944772 5.551129
1.493217e+09 0.118981 3.485241 1.935524 5.545960
1.480118e+09 0.117848 3.473603 1.926338 5.540825
1.467020e+09 0.116718 3.462013 1.917213 5.535725
1.453922e+09 0.115589 3.450472 1.908149 5.530659
1.440823e+09 0.114463 3.438978 1.899145 5.525626
1.427725e+09 0.113340 3.427531 1.890201 5.520627
1.414627e+09 0.112218 3.416132 1.881317 5.515662
1.401528e+09 0.111099 3.404780 1.872491 5.510730
1.388430e+09 0.109982 3.393475 1.863723 5.505831
1.375331e+09 0.108865 3.382197 1.854999 5.500953
1.362233e+09 0.107746 3.370916 1.846295 5.496076
1.349135e+09 0.106629 3.359680 1.837649 5.491233
1.336036e+09 0.105515 3.348492 1.829060 5.486422
1.322938e+09 0.104402 3.337350 1.820528 5.481645
1.309839e+09 0.103292 3.326254 1.812052 5.476899
1.296741e+09 0.102184 3.315203 1.803631 5.472186
1.283643e+09 0.101078 3.304198 1.795266 5.467505
1.270544e+09 0.099975 3.293239 1.786956 5.462857
1.257446e+09 0.098874 3.282325 1.778700 5.458240
1.244347e+09 0.097775 3.271456 1.770498 5.453655
1.231249e+09 0.096678 3.260632 1.762349 5.449101
1.218151e+09 0.095578 3.249796 1.754213 5.444544
1.205052e+09 0.094478 3.238993 1.746122 5.440012
1.191954e+09 0.093381 3.228234 1.738083 5.435511
1.178855e+09 0.092287 3.217520 1.730097 5.431041
1.165757e+09 0.091194 3.206850 1.722162 5.426602
1.152659e+09 0.090104 3.196224 1.714279 5.422194
1.139560e+09 0.089016 3.185642 1.706448 5.417818
1.126462e+09 0.087930 3.175103 1.698667 5.413472
1.113363e+09 0.086846 3.164608 1.690937 5.409156
1.100265e+09 0.085764 3.154157 1.683256 5.404871
1.087167e+09 0.084684 3.143748 1.675625 5.400616
1.074068e+09 0.083605 3.133362 1.668029 5.396379
1.060970e+09 0.082523 3.122972 1.660449 5.392144
1.047872e+09 0.081443 3.112624 1.652918 5.387938
1.034773e+09 0.080366 3.102320 1.645436 5.383763
1.021675e+09 0.079290 3.092058 1.638001 5.379618
1.008576e+09 0.078217 3.081838 1.630615 5.375503
9.954779e+08 0.077146 3.071661 1.623276 5.371417
9.823795e+08 0.076076 3.061525 1.615984 5.367360
9.692811e+08 0.075009 3.051431 1.608738 5.363333
9.561827e+08 0.073945 3.041378 1.601539 5.359335
9.430844e+08 0.072882 3.031367 1.594386 5.355366
9.299860e+08 0.071821 3.021397 1.587278 5.351426
9.168876e+08 0.070758 3.011421 1.580184 5.347487
9.037892e+08 0.069695 3.001468 1.573122 5.343565
8.906908e+08 0.068634 2.991555 1.566105 5.339672
8.775924e+08 0.067575 2.981684 1.559133 5.335808
8.644940e+08 0.066518 2.971853 1.552205 5.331973
8.513956e+08 0.065463 2.962063 1.545321 5.328165
8.382972e+08 0.064410 2.952313 1.538480 5.324387
8.251988e+08 0.063360 2.942602 1.531683 5.320636
8.121004e+08 0.062311 2.932932 1.524929 5.316913
7.990020e+08 0.061265 2.923302 1.518217 5.313218
7.859036e+08 0.060220 2.913711 1.511548 5.309551
7.728052e+08 0.059177 2.904154 1.504917 5.305909
7.597068e+08 0.058130 2.894578 1.498289 5.302260
7.466084e+08 0.057085 2.885041 1.491703 5.298638
7.335101e+08 0.056042 2.875543 1.485157 5.295043
7.204117e+08 0.055001 2.866085 1.478654 5.291476
7.073133e+08 0.053963 2.856665 1.472190 5.287937
6.942149e+08 0.052926 2.847284 1.465768 5.284425
6.811165e+08 0.051891 2.837941 1.459385 5.280939
6.680181e+08 0.050858 2.828637 1.453043 5.277481
6.549197e+08 0.049828 2.819371 1.446740 5.274049
6.418213e+08 0.048799 2.810143 1.440476 5.270644
6.287229e+08 0.047773 2.800952 1.434251 5.267266
6.156245e+08 0.046745 2.791776 1.428050 5.263901
6.025261e+08 0.045716 2.782599 1.421862 5.260539
5.894277e+08 0.044689 2.773459 1.415712 5.257204
5.763293e+08 0.043663 2.764357 1.409601 5.253895
5.632309e+08 0.042640 2.755292 1.403527 5.250613
5.501325e+08 0.041619 2.746265 1.397491 5.247357
5.370341e+08 0.040599 2.737274 1.391493 5.244126
5.239358e+08 0.039582 2.728320 1.385532 5.240922
5.108374e+08 0.038567 2.719403 1.379607 5.237744
4.977390e+08 0.037553 2.710523 1.373719 5.234591
4.846406e+08 0.036542 2.701678 1.367867 5.231464
4.715422e+08 0.035533 2.692870 1.362051 5.228362
4.584438e+08 0.034521 2.684060 1.356247 5.225264
4.453454e+08 0.033509 2.675264 1.350464 5.222179
4.322470e+08 0.032498 2.666503 1.344716 5.219118
4.191486e+08 0.031490 2.657778 1.339004 5.216083
4.060502e+08 0.030484 2.649089 1.333327 5.213074
3.929518e+08 0.029480 2.640435 1.327684 5.210089
3.798534e+08 0.028477 2.631817 1.322076 5.207130
3.667550e+08 0.027477 2.623235 1.316502 5.204195
3.536566e+08 0.026478 2.614687 1.310963 5.201285
3.405582e+08 0.025482 2.606174 1.305457 5.198400
3.274598e+08 0.024487 2.597695 1.299984 5.195539
3.143615e+08 0.023494 2.589252 1.294544 5.192703
3.012631e+08 0.022498 2.580795 1.289109 5.193151
2.881647e+08 0.021502 2.572362 1.283698 5.195621
2.750663e+08 0.020509 2.563963 1.278321 5.198094
2.619679e+08 0.019517 2.555598 1.272976 5.200570
2.488695e+08 0.018527 2.547267 1.267664 5.203048
2.357711e+08 0.017539 2.538971 1.262384 5.205528
2.226727e+08 0.016553 2.530708 1.257136 5.208012
2.095743e+08 0.015569 2.522479 1.251919 5.210497
1.964759e+08 0.014587 2.514284 1.246734 5.212985
1.833775e+08 0.013607 2.506122 1.241580 5.215476
1.702791e+08 0.012628 2.497993 1.236457 5.217969
1.571807e+08 0.011652 2.489897 1.231365 5.220464
1.440823e+08 0.010671 2.481781 1.226270 5.222962
1.309839e+08 0.009692 2.473694 1.221204 5.225462
1.178855e+08 0.008714 2.465640 1.216168 5.227965
1.047872e+08 0.007738 2.457619 1.211163 5.230470
9.168876e+07 0.006764 2.449630 1.206187 5.232978
7.859036e+07 0.005792 2.441674 1.201241 5.235488
6.549197e+07 0.004822 2.433751 1.196325 5.238000
5.239358e+07 0.003854 2.425860 1.191438 5.240515
3.929518e+07 0.002888 2.418001 1.186580 5.243033
2.619679e+07 0.001923 2.410173 1.181751 5.245552
1.309839e+07 0.000961 2.402378 1.176951 5.248075
