1.309839e+10 9.000000 0.000000 0.000000 0.008399
1.308530e+10 8.847726 0.000000 0.000000 0.006433
1.307220e+10 8.701050 0.000000 0.000000 0.006110
1.305910e+10 8.559660 0.000000 0.000000 0.005928
1.304600e+10 8.423368 0.000000 0.000000 0.005803
1.303290e+10 8.291842 0.000000 0.000000 0.005710
1.301980e+10 8.164779 0.000000 0.000000 0.005636
1.300671e+10 8.041947 0.000000 0.000000 0.005575
1.299361e+10 7.923131 0.000000 0.000000 0.005525
1.298051e+10 7.808144 0.000000 0.000000 0.005482
1.296741e+10 7.696830 0.000000 0.000000 0.005445
1.295431e+10 7.588952 0.000000 0.000000 0.005413
1.294121e+10 7.484347 0.000000 0.000000 0.005385
1.292811e+10 7.382859 0.000000 0.000000 0.005360
1.291502e+10 7.284344 0.000000 0.000000 0.005337
1.290192e+10 7.188666 0.000000 0.000000 0.005317
1.288882e+10 7.095696 0.000000 0.000000 0.005300
1.287572e+10 7.005312 0.000000 0.000000 0.005284
1.286262e+10 6.917401 0.000000 0.000000 0.005269
1.284952e+10 6.831855 0.000000 0.000000 0.005256
1.283643e+10 6.748572 0.000000 0.000000 0.005245
1.282333e+10 6.667456 0.000000 0.000000 0.005234
1.281023e+10 6.588431 0.000000 0.000000 0.005225
1.279713e+10 6.511436 0.000000 0.000000 0.005216
1.278403e+10 6.436355 0.000000 0.000000 0.005208
1.277093e+10 6.363109 0.000000 0.000000 0.005201
1.275784e+10 6.291625 0.000000 0.000000 0.005195
1.274474e+10 6.221832 0.000000 0.000000 0.005190
1.273164e+10 6.153665 0.000000 0.000000 0.005185
1.271854e+10 6.087102 0.000000 0.000000 0.005181
1.270544e+10 6.022088 0.000000 0.000000 0.005177
1.269234e+10 5.958522 0.000000 0.000000 0.005174
1.267925e+10 5.896348 0.000000 0.000000 0.005171
1.266615e+10 5.835515 0.000000 0.000000 0.005169
1.265305e+10 5.776057 0.000000 0.000000 0.005167
1.263995e+10 5.717866 0.000000 0.000000 0.005165
1.262685e+10 5.660874 0.000000 0.000000 0.005164
1.261375e+10 5.605040 0.000000 0.000000 0.005163
1.260065e+10 5.550427 0.000000 0.000000 0.005163
1.258756e+10 5.496902 0.000000 0.000000 0.005163
1.257446e+10 5.444416 0.000000 0.000000 0.005163
1.256136e+10 5.392990 0.000000 0.000000 0.005163
1.254826e+10 5.342602 0.000000 0.000000 0.005164
1.253516e+10 5.293149 0.000000 0.000000 0.005165
1.252206e+10 5.244640 0.000000 0.000000 0.005166
1.250897e+10 5.197097 0.000000 0.000000 0.005168
1.249587e+10 5.150398 0.000000 0.000000 0.005169
1.248277e+10 5.104567 0.000000 0.000000 0.005171
1.246967e+10 5.059611 0.000000 0.000000 0.005173
1.245657e+10 5.015419 0.000000 0.000000 0.005176
1.244347e+10 4.972050 0.000000 0.000000 0.005178
1.243038e+10 4.929453 0.000000 0.000000 0.005181
1.241728e+10 4.887546 0.000000 0.000000 0.005184
1.240418e+10 4.846450 0.000000 0.000000 0.005187
1.239108e+10 4.806006 0.000000 0.000000 0.005190
1.237798e+10 4.766255 0.000000 0.000000 0.005193
1.236488e+10 4.727194 0.000000 0.000000 0.005197
1.235179e+10 4.688723 0.000000 0.000000 0.005201
1.233869e+10 4.650970 0.000000 0.000000 0.005204
1.232559e+10 4.613770 0.000000 0.000000 0.005208
1.231249e+10 4.577204 0.000000 0.000000 0.005213
1.229939e+10 4.541209 0.000000 0.000000 0.005217
1.228629e+10 4.505773 0.000000 0.000000 0.005221
1.227319e+10 4.470921 0.000000 0.000000 0.005226
1.226010e+10 4.436563 0.000000 0.000000 0.005230
1.224700e+10 4.402796 0.000000 0.000000 0.005235
1.223390e+10 4.369472 0.000000 0.000000 0.005240
1.222080e+10 4.336729 0.000000 0.000000 0.005245
1.220770e+10 4.304408 0.000000 0.000000 0.005250
1.219460e+10 4.272625 0.000000 0.000000 0.005255
1.218151e+10 4.241257 0.000000 0.000000 0.005261
1.216841e+10 4.210391 0.000000 0.000000 0.005266
1.215531e+10 4.179930 0.000000 0.000000 0.005271
1.214221e+10 4.149942 0.000000 0.000000 0.005277
1.212911e+10 4.120344 0.000000 0.000000 0.005283
1.211601e+10 4.091197 0.000000 0.000000 0.005289
1.210292e+10 4.062421 0.000000 0.000000 0.005294
1.208982e+10 4.034080 0.000000 0.000000 0.005300
1.207672e+10 4.006087 0.000000 0.000000 0.005307
1.206362e+10 3.978520 0.000000 0.000000 0.005313
1.205052e+10 3.951272 0.000000 0.000000 0.005319
1.203742e+10 3.924447 0.000000 0.000000 0.005325
1.202433e+10 3.897912 0.000000 0.000000 0.005332
1.201123e+10 3.871800 0.000000 0.000000 0.005338
1.199813e+10 3.845965 0.000000 0.000000 0.005345
1.198503e+10 3.820516 0.000000 0.000000 0.005351
1.197193e+10 3.795355 0.000000 0.000000 0.005358
1.195883e+10 3.770540 0.000000 0.000000 0.005365
1.194574e+10 3.746027 0.000000 0.000000 0.005372
1.193264e+10 3.721816 0.000000 0.000000 0.005379
1.191954e+10 3.697926 0.000000 0.000000 0.005386
1.190644e+10 3.674294 0.000000 0.000000 0.005393
1.189334e+10 3.651005 0.000000 0.000000 0.005400
1.188024e+10 3.627947 0.000000 0.000000 0.005407
1.186714e+10 3.605214 0.000000 0.000000 0.005415
1.185405e+10 3.582725 0.000000 0.000000 0.005422
1.184095e+10 3.560509 0.000000 0.000000 0.005430
1.182785e+10 3.538569 0.000000 0.000000 0.005437
1.181475e+10 3.516848 0.000000 0.000000 0.005445
1.180165e+10 3.495436 0.000000 0.000000 0.005452
1.178855e+10 3.474227 0.000000 0.000000 0.005460
1.177546e+10 3.453288 0.000000 0.000000 0.005468
1.176236e+10 3.432582 0.000000 0.000000 0.005476
1.174926e+10 3.412087 0.000000 0.000000 0.005484
1.173616e+10 3.391866 0.000000 0.000000 0.005492
1.172306e+10 3.371830 0.000000 0.000000 0.005500
1.170996e+10 3.352044 0.000000 0.000000 0.005508
1.169687e+10 3.332470 0.000000 0.000000 0.005516
1.168377e+10 3.313083 0.000000 0.000000 0.005524
1.167067e+10 3.293956 0.000000 0.000000 0.005532
1.165757e+10 3.274998 0.000000 0.000000 0.005541
1.164447e+10 3.256256 0.000000 0.000000 0.005549
1.163137e+10 3.237724 0.000000 0.000000 0.005557
1.161828e+10 3.219353 0.000000 0.000000 0.005566
1.160518e+10 3.201221 0.000000 0.000000 0.005574
1.159208e+10 3.183256 0.000000 0.000000 0.005583
1.157898e+10 3.165461 0.000000 0.000000 0.005592
1.156588e+10 3.147889 0.000000 0.000000 0.005600
1.155278e+10 3.130466 0.000000 0.000000 0.005609
1.153968e+10 3.113227 0.000000 0.000000 0.005618
1.152659e+10 3.096179 0.000000 0.000000 0.005627
1.151349e+10 3.079272 0.000000 0.000000 0.005636
1.150039e+10 3.062561 0.000000 0.000000 0.005645
1.148729e+10 3.046014 0.000000 0.000000 0.005654
1.147419e+10 3.029600 0.000000 0.000000 0.005663
1.146109e+10 3.013389 0.000000 0.000000 0.005672
1.144800e+10 2.997320 0.000000 0.000000 0.005681
1.143490e+10 2.981379 0.000000 0.000000 0.005897
1.142180e+10 2.965641 0.000000 0.000000 0.006427
1.140870e+10 2.950030 0.000000 0.000000 0.006998
1.139560e+10 2.934545 0.000000 0.000000 0.007613
1.138250e+10 2.919253 0.000000 0.000000 0.008274
1.136941e+10 2.904079 0.000000 0.000000 0.008986
1.135631e+10 2.889029 0.000000 0.000000 0.009749
1.134321e+10 2.874162 0.000000 0.000000 0.010569
1.133011e+10 2.859408 0.000000 0.000000 0.011447
1.131701e+10 2.844771 0.000000 0.000000 0.012388
1.130391e+10 2.830311 0.000000 0.000000 0.013395
1.129082e+10 2.815959 0.000000 0.000000 0.014472
1.127772e+10 2.801715 0.000000 0.000000 0.015622
1.126462e+10 2.787645 0.000000 0.000000 0.016849
1.125152e+10 2.773679 0.000000 0.000000 0.018159
1.123842e+10 2.759815 0.000000 0.000000 0.019554
1.122532e+10 2.746113 0.000000 0.000000 0.021040
1.121223e+10 2.732517 0.000000 0.000000 0.022621
1.119913e+10 2.719020 0.000000 0.000000 0.024302
1.118603e+10 2.705666 0.000000 0.000000 0.026087
1.117293e+10 2.692426 0.000000 0.000000 0.027983
1.115983e+10 2.679280 0.000000 0.000000 0.029994
1.114673e+10 2.666259 0.000000 0.000000 0.032126
1.113363e+10 2.653361 0.000000 0.000000 0.034384
1.112054e+10 2.640553 0.000000 0.000000 0.036775
1.110744e+10 2.627848 0.000000 0.000000 0.039303
1.109434e+10 2.615278 0.000000 0.000000 0.041977
1.108124e+10 2.602795 0.000000 0.000000 0.044801
1.106814e+10 2.590398 0.000000 0.000000 0.047783
1.105504e+10 2.578138 0.000000 0.000000 0.050930
1.104195e+10 2.565967 0.000000 0.000000 0.054248
1.102885e+10 2.553879 0.000000 0.000000 0.057744
1.101575e+10 2.541902 0.000000 0.000000 0.061427
1.100265e+10 2.530033 0.000000 0.000000 0.065303
1.098955e+10 2.518242 0.000000 0.000000 0.069380
1.097645e+10 2.506535 0.000000 0.000000 0.073667
1.096336e+10 2.494955 0.000000 0.000000 0.078173
1.095026e+10 2.483451 0.000000 0.000000 0.082904
1.093716e+10 2.472022 0.000000 0.000000 0.087870
1.092406e+10 2.460700 0.000000 0.000000 0.093081
1.091096e+10 2.449472 0.000000 0.000000 0.098544
1.089786e+10 2.438317 0.000000 0.000000 0.104271
1.088477e+10 2.427236 0.000000 0.000000 0.110269
1.087167e+10 2.416275 0.000000 0.000000 0.116550
1.085857e+10 2.405383 0.000000 0.000000 0.123123
1.084547e+10 2.394561 0.000000 0.000000 0.129998
1.083237e+10 2.383828 0.000000 0.000000 0.137187
1.081927e+10 2.373191 0.000000 0.000000 0.144700
1.080617e+10 2.362621 0.000000 0.000000 0.152549
1.079308e+10 2.352116 0.000000 0.000000 0.160744
1.077998e+10 2.341713 0.000000 0.000000 0.169298
1.076688e+10 2.331385 0.000000 0.000000 0.178221
1.075378e+10 2.321121 0.000000 0.000000 0.187528
1.074068e+10 2.310922 0.000000 0.000000 0.197229
1.072758e+10 2.300829 0.000000 0.000000 0.207338
1.071449e+10 2.290797 0.000000 0.000000 0.217867
1.070139e+10 2.280826 0.000000 0.000000 0.228831
1.068829e+10 2.270927 0.000000 0.000000 0.240242
1.067519e+10 2.261119 0.000000 0.000000 0.252114
1.066209e+10 2.251370 0.000000 0.000000 0.264462
1.064899e+10 2.241680 0.000000 0.000000 0.277300
1.063590e+10 2.232064 0.000000 0.000000 0.290642
1.062280e+10 2.222530 0.000000 0.000000 0.304504
1.060970e+10 2.213052 0.000000 0.000000 0.318902
1.059660e+10 2.203629 0.000000 0.000000 0.333850
1.058350e+10 2.194282 0.000000 0.000000 0.349364
1.057040e+10 2.185010 0.000000 0.000000 0.365461
1.055731e+10 2.175791 0.000000 0.000000 0.382158
1.054421e+10 2.166626 0.000000 0.000000 0.399471
1.053111e+10 2.157534 0.000000 0.000000 0.417418
1.051801e+10 2.148512 0.000000 0.000000 0.436015
1.050491e+10 2.139542 0.000000 0.000000 0.455282
1.049181e+10 2.130623 0.000000 0.000000 0.475235
1.047872e+10 2.121773 0.000000 0.000000 0.495894
1.046562e+10 2.112992 0.000000 0.000000 0.517278
1.045252e+10 2.104260 0.000000 0.000000 0.539404
1.043942e+10 2.095577 0.000000 0.000000 0.562294
1.042632e+10 2.086957 0.000000 0.000000 0.585967
1.041322e+10 2.078407 0.000000 0.000000 0.610444
1.040012e+10 2.069904 0.000000 0.000000 0.635743
1.038703e+10 2.061447 0.000000 0.000000 0.661888
1.037393e+10 2.053045 0.000000 0.000000 0.688899
1.036083e+10 2.044717 0.000000 0.000000 0.716797
1.034773e+10 2.036433 0.000000 0.000000 0.745604
1.033463e+10 2.028194 0.000000 0.000000 0.775344
1.032153e+10 2.020000 0.000000 0.000000 0.806039
1.030844e+10 2.011884 0.000000 0.000000 0.837711
1.029534e+10 2.003811 0.000000 0.000000 0.870384
1.028224e+10 1.995781 0.000000 0.000000 0.899584
1.026914e+10 1.987794 0.000000 0.000000 0.925167
1.025604e+10 1.979872 0.000000 0.000000 0.950906
1.024294e+10 1.972002 0.000000 0.000000 0.976787
1.022985e+10 1.964173 0.000000 0.000000 1.002789
1.021675e+10 1.956386 0.000000 0.000000 1.028905
1.020365e+10 1.948649 0.000000 0.000000 1.055138
1.019055e+10 1.940974 0.000000 0.000000 1.081493
1.017745e+10 1.933338 0.000000 0.000000 1.107935
1.016435e+10 1.925742 0.000000 0.000000 1.134454
1.015126e+10 1.918185 0.000000 0.000000 1.161041
1.013816e+10 1.910694 0.000000 0.000000 1.187724
1.012506e+10 1.903244 0.000000 0.000000 1.214461
1.011196e+10 1.895832 0.000000 0.000000 1.241239
1.009886e+10 1.888458 0.000000 0.000000 1.268048
1.008576e+10 1.881133 0.000000 0.000000 1.294896
1.007266e+10 1.873862 0.000000 0.000000 1.321785
1.005957e+10 1.866627 0.000000 0.000000 1.348680
1.004647e+10 1.859429 0.000000 0.000000 1.375572
1.003337e+10 1.852267 0.000000 0.000000 1.402451
1.002027e+10 1.845164 0.000000 0.000000 1.429348
1.000717e+10 1.838100 0.000000 0.000000 1.456226
9.994074e+09 1.831072 0.000000 0.000000 1.483069
9.980976e+09 1.824078 0.000000 0.000000 1.509869
9.967878e+09 1.817123 0.000000 0.000000 1.536625
9.954779e+09 1.810224 0.000000 0.000000 1.563364
9.941681e+09 1.803359 0.000000 0.000000 1.590038
9.928582e+09 1.796527 0.000000 0.000000 1.616639
9.915484e+09 1.789728 0.000000 0.000000 1.643161
9.902386e+09 1.782974 0.000000 0.000000 1.669621
9.889287e+09 1.776267 0.000000 0.000000 1.696015
9.876189e+09 1.769591 0.000000 0.000000 1.722312
9.863091e+09 1.762947 0.000000 0.000000 1.748504
9.849992e+09 1.756335 0.000000 0.000000 1.774585
9.836894e+09 1.749772 0.000000 0.000000 1.800585
9.823795e+09 1.743247 0.000000 0.000000 1.826480
9.810697e+09 1.736752 0.000000 0.000000 1.852249
9.797599e+09 1.730289 0.000000 0.000000 1.877884
9.784500e+09 1.723856 0.000000 0.000000 1.903381
9.771402e+09 1.717472 0.000000 0.000000 1.928779
9.758303e+09 1.711122 0.000000 0.000000 1.954041
9.745205e+09 1.704802 0.000000 0.000000 1.979151
9.732107e+09 1.698511 0.000000 0.000000 2.004103
9.719008e+09 1.692249 0.000000 0.000000 2.028894
9.705910e+09 1.686036 0.000000 0.000000 2.053569
9.692811e+09 1.679854 0.047149 0.000000 2.078083
9.679713e+09 1.673700 0.071921 0.000000 2.102423
9.666615e+09 1.667575 0.099565 0.000000 2.126587
9.653516e+09 1.661477 0.129727 0.000000 2.150569
9.640418e+09 1.655426 0.162119 0.000000 2.174418
9.627319e+09 1.649405 0.196487 0.000000 2.198087
9.614221e+09 1.643411 0.232615 0.000000 2.221567
9.601123e+09 1.637444 0.270313 0.000000 2.244853
9.588024e+09 1.631504 0.309410 0.000000 2.267942
9.574926e+09 1.625607 0.349765 0.000000 2.290879
9.561827e+09 1.619740 0.391237 0.000000 2.313627
9.548729e+09 1.613899 0.433700 0.000000 2.336172
9.535631e+09 1.608084 0.477041 0.000000 2.358510
9.522532e+09 1.602295 0.521155 0.000000 2.380638
9.509434e+09 1.596544 0.565958 0.000000 2.411147
9.496335e+09 1.590825 0.611359 0.000000 2.471539
9.483237e+09 1.585132 0.657272 0.000000 2.531045
9.470139e+09 1.579463 0.703621 0.000000 2.589628
9.457040e+09 1.573819 0.750336 0.041855 2.647251
9.443942e+09 1.568207 0.797360 0.061661 2.703939
9.430844e+09 1.562630 0.844640 0.068711 2.759699
9.417745e+09 1.557078 0.892106 0.074191 2.814422
9.404647e+09 1.551549 0.939708 0.080155 2.868084
9.391548e+09 1.546045 0.987394 0.086653 2.920664
9.378450e+09 1.540565 1.035122 0.093737 2.972155
9.365352e+09 1.535125 1.082872 0.101451 3.022672
9.352253e+09 1.529709 1.130582 0.109877 3.072069
9.339155e+09 1.524315 1.178215 0.119090 3.120335
9.326056e+09 1.518944 1.225736 0.129173 3.167459
9.312958e+09 1.513596 1.273111 0.140219 3.213436
9.299860e+09 1.508282 1.320333 0.152314 3.258365
9.286761e+09 1.502996 1.367363 0.165577 3.302194
9.273663e+09 1.497732 1.414167 0.180146 3.344872
9.260564e+09 1.492490 1.460718 0.196162 3.386399
9.247466e+09 1.487270 1.506993 0.213785 3.426776
9.234368e+09 1.482075 1.552979 0.233184 3.466038
9.221269e+09 1.476914 1.598678 0.254529 3.504283
9.208171e+09 1.471775 1.644044 0.278065 3.541397
9.195072e+09 1.466656 1.689059 0.304033 3.577385
9.181974e+09 1.461559 1.733708 0.332704 3.612255
9.168876e+09 1.456483 1.777976 0.364372 3.646015
9.155777e+09 1.451438 1.821874 0.399330 3.678775
9.142679e+09 1.446418 1.865379 0.437947 3.710502
9.129580e+09 1.441419 1.908468 0.480639 3.741154
9.116482e+09 1.436441 1.951127 0.527844 3.770742
9.103384e+09 1.431482 1.993348 0.580042 3.799279
9.090285e+09 1.426544 2.035122 0.637757 3.826777
9.077187e+09 1.421640 2.076482 0.679149 3.853400
9.064088e+09 1.416755 2.117380 0.696526 3.879014
9.050990e+09 1.411891 2.157809 0.713479 3.903634
9.037892e+09 1.407045 2.197763 0.730012 3.927272
9.024793e+09 1.402220 2.237237 0.746127 3.949945
9.011695e+09 1.397417 2.276237 0.771368 3.971710
8.998597e+09 1.392643 2.314780 0.805303 3.992645
8.985498e+09 1.387888 2.352830 0.840261 4.012661
8.972400e+09 1.383152 2.390384 0.876230 4.031776
8.959301e+09 1.378435 2.427438 0.913198 4.050005
8.946203e+09 1.373736 2.463991 0.951160 4.067362
8.933105e+09 1.369062 2.500063 0.990099 4.083936
8.920006e+09 1.364413 2.535654 1.030006 4.099743
8.906908e+09 1.359782 2.570740 1.070881 4.114730
8.893809e+09 1.355169 2.605320 1.112716 4.128912
8.880711e+09 1.350574 2.639392 1.155500 4.142305
8.867613e+09 1.345997 2.672957 1.199224 4.154926
8.854514e+09 1.341445 2.706044 1.243865 4.166872
8.841416e+09 1.336915 2.738644 1.289412 4.178131
8.828317e+09 1.332403 2.770738 1.335861 4.188665
8.815219e+09 1.327908 2.802328 1.383197 4.198492
8.802121e+09 1.323430 2.833414 1.431405 4.207625
8.789022e+09 1.318970 2.863998 1.480470 4.216081
8.775924e+09 1.314534 2.894113 1.530362 4.223958
8.762825e+09 1.310118 2.923747 1.581069 4.231234
8.749727e+09 1.305720 2.952885 1.632580 4.237878
8.736629e+09 1.301338 2.981530 1.684875 4.243906
8.723530e+09 1.296973 3.009682 1.737936 4.249333
8.710432e+09 1.292625 3.037345 1.791743 4.254172
8.697333e+09 1.288299 3.064550 1.846264 4.258510
8.684235e+09 1.283994 3.091292 1.901481 4.262338
8.671137e+09 1.279704 3.117554 1.957379 4.265621
8.658038e+09 1.275431 3.143338 2.013938 4.268374
8.644940e+09 1.271174 3.168648 2.071133 4.270609
8.631841e+09 1.266933 3.193486 2.128944 4.272340
8.618743e+09 1.262712 3.217879 2.187338 4.273632
8.605645e+09 1.258512 3.241834 2.246290 4.274506
8.592546e+09 1.254328 3.265329 2.305786 4.274915
8.579448e+09 1.250159 3.288367 2.365803 4.274872
8.566350e+09 1.246006 3.310951 2.426315 4.274388
8.553251e+09 1.241868 3.333085 2.487300 4.273475
8.540153e+09 1.237747 3.354785 2.548729 4.272170
8.527054e+09 1.233648 3.376079 2.610568 4.270539
8.513956e+09 1.229565 3.396936 2.672807 4.268514
8.500858e+09 1.225496 3.417359 2.735419 4.266107
8.487759e+09 1.221442 3.437352 2.798382 4.263328
8.474661e+09 1.217403 3.456919 2.861671 4.260188
8.461562e+09 1.213378 3.476063 2.925262 4.256697
8.448464e+09 1.209376 3.494834 2.989116 4.252955
8.435366e+09 1.205390 3.513194 3.053223 4.248890
8.422267e+09 1.201417 3.531145 3.117560 4.244504
8.409169e+09 1.197459 3.548690 3.182103 4.245259
8.396070e+09 1.193515 3.565834 3.246828 4.289035
8.382972e+09 1.189585 3.582581 3.311713 4.331888
8.369874e+09 1.185673 3.598959 3.376728 4.373861
8.356775e+09 1.181779 3.614970 3.441852 4.414958
8.343677e+09 1.177899 3.630597 3.507067 4.455149
8.330578e+09 1.174033 3.645843 3.518160 4.494442
8.317480e+09 1.170180 3.660714 3.522002 4.532843
8.304382e+09 1.166341 3.675212 3.525689 4.570359
8.291283e+09 1.162516 3.689345 3.529224 4.607001
8.278185e+09 1.158712 3.703156 3.532645 4.642842
8.265086e+09 1.154921 3.716608 3.535915 4.677823
8.251988e+09 1.151143 3.729705 3.539036 4.711951
8.238890e+09 1.147378 3.742451 3.542008 4.745235
8.225791e+09 1.143627 3.754851 3.544833 4.777684
8.212693e+09 1.139888 3.766907 3.547513 4.809306
8.199594e+09 1.136166 3.778645 3.550068 4.840144
8.186496e+09 1.132460 3.790071 3.552501 4.870210
8.173398e+09 1.128768 3.801166 3.554792 4.897930
8.160299e+09 1.125088 3.811935 3.556945 4.921807
8.147201e+09 1.121420 3.822382 3.558959 4.944922
8.134103e+09 1.117766 3.832510 3.560837 4.967291
8.121004e+09 1.114123 3.842324 3.562580 4.988927
8.107906e+09 1.110499 3.851861 3.564219 5.009907
8.094807e+09 1.106888 3.861098 3.565732 5.030198
8.081709e+09 1.103289 3.870033 3.567115 5.049799
8.068611e+09 1.099703 3.878669 3.568368 5.068723
8.055512e+09 1.096129 3.887011 3.569494 5.086984
8.042414e+09 1.092567 3.895062 3.570492 5.104595
8.029315e+09 1.089017 3.902829 3.571369 5.121573
8.016217e+09 1.085485 3.910347 3.572152 5.137988
8.003119e+09 1.081965 3.917585 3.572813 5.153791
7.990020e+09 1.078456 3.924548 3.573354 5.168992
7.976922e+09 1.074960 3.931239 3.573774 5.183603
7.963823e+09 1.071475 3.937662 3.574077 5.197636
7.950725e+09 1.068002 3.943820 3.574262 5.211102
7.937627e+09 1.064542 3.949725 3.574340 5.224028
7.924528e+09 1.061097 3.955398 3.574327 5.236457
7.911430e+09 1.057664 3.960818 3.574201 5.248352
7.898331e+09 1.054242 3.965988 3.573963 5.259724
7.885233e+09 1.050831 3.970911 3.573615 5.270584
7.872135e+09 1.047432 3.975590 3.573159 5.280940
7.859036e+09 1.044044 3.980028 3.572594 5.290804
7.845938e+09 1.040669 3.984241 3.571933 5.300204
7.832839e+09 1.037308 3.988241 3.571185 5.309171
7.819741e+09 1.033958 3.992012 3.570334 5.317674
7.806643e+09 1.030619 3.995556 3.569381 5.325724
7.793544e+09 1.027292 3.998877 3.568326 5.333329
7.780446e+09 1.023975 4.001977 3.567171 5.340499
7.767348e+09 1.020668 4.004860 3.565918 5.347242
7.754249e+09 1.017374 4.007538 3.564574 5.353583
7.741151e+09 1.014094 4.010025 3.563152 5.359551
7.728052e+09 1.010824 4.012305 3.561636 5.365120
7.714954e+09 1.007565 4.014380 3.560025 5.370295
7.701856e+09 1.004316 4.016254 3.558321 5.375087
7.688757e+09 1.001078 4.017929 3.556527 5.379503
7.675659e+09 0.997850 4.019408 3.554641 5.383550
7.662560e+09 0.994634 4.020700 3.552672 5.387246
7.649462e+09 0.991431 4.021823 3.550632 5.390627
7.636364e+09 0.988238 4.022759 3.548506 5.393662
7.623265e+09 0.985055 4.023511 3.546294 5.396360
7.610167e+09 0.981883 4.024082 3.543997 5.398726
7.597068e+09 0.978720 4.024474 3.541617 5.400769
7.583970e+09 0.975568 4.024691 3.539155 5.402495
7.570872e+09 0.972426 4.024734 3.536612 5.403911
7.557773e+09 0.969296 4.024630 3.534008 5.405065
7.544675e+09 0.966177 4.024359 3.531326 5.405922
7.531576e+09 0.963068 4.023923 3.528565 5.406488
7.518478e+09 0.959969 4.023324 3.525728 5.406771
7.505380e+09 0.956879 4.022565 3.522815 5.406776
7.492281e+09 0.953799 4.021649 3.519827 5.406509
7.479183e+09 0.950729 4.020578 3.516765 5.405977
7.466084e+09 0.947670 4.019368 3.513643 5.405209
7.452986e+09 0.944622 4.018015 3.510455 5.404199
7.439888e+09 0.941584 4.016515 3.507196 5.402939
7.426789e+09 0.938554 4.014869 3.500442 5.401437
7.413691e+09 0.935535 4.013080 3.489198 5.399697
7.400592e+09 0.932524 4.011151 3.477970 5.397726
7.387494e+09 0.929523 4.009083 3.466761 5.395527
7.374396e+09 0.926532 4.006886 3.455577 5.393116
7.361297e+09 0.923552 4.004566 3.444428 5.390509
7.348199e+09 0.920582 4.002115 3.433299 5.387691
7.335101e+09 0.917620 3.999535 3.422193 5.384665
7.322002e+09 0.914668 3.996827 3.411110 5.381437
7.308904e+09 0.911724 3.993995 3.400051 5.378012
7.295805e+09 0.908790 3.991040 3.389017 5.374393
7.282707e+09 0.905864 3.987963 3.378009 5.370587
7.269609e+09 0.902950 3.984781 3.367042 5.366617
7.256510e+09 0.900044 3.981484 3.356105 5.362472
7.243412e+09 0.897147 3.978073 3.345196 5.341284
7.230313e+09 0.894260 3.974549 3.334316 5.319701
7.217215e+09 0.891381 3.970914 3.323467 5.297993
7.204117e+09 0.888510 3.967170 3.312647 5.276174
7.191018e+09 0.885649 3.963319 3.301859 5.254251
7.177920e+09 0.882796 3.959367 3.291107 5.232242
7.164821e+09 0.879953 3.955320 3.280396 5.210167
7.151723e+09 0.877119 3.951172 3.269718 5.188013
7.138625e+09 0.874294 3.946924 3.259074 5.165789
7.125526e+09 0.871476 3.942578 3.248463 5.143500
7.112428e+09 0.868668 3.938136 3.237888 5.121154
7.099329e+09 0.865867 3.933600 3.227348 5.098757
7.086231e+09 0.863076 3.928972 3.216843 5.076315
7.073133e+09 0.860293 3.924259 3.206381 5.053847
7.060034e+09 0.857519 3.919459 3.195959 5.031354
7.046936e+09 0.854753 3.914572 3.185574 5.008833
7.033837e+09 0.851996 3.909600 3.175226 4.986289
7.020739e+09 0.849246 3.904543 3.164916 4.963728
7.007641e+09 0.846505 3.899403 3.154644 4.941154
6.994542e+09 0.843772 3.894183 3.144411 4.918572
6.981444e+09 0.841047 3.888883 3.134217 4.895987
6.968345e+09 0.838331 3.883510 3.124068 4.873416
6.955247e+09 0.835623 3.878062 3.113958 4.850851
6.942149e+09 0.832923 3.872538 3.103889 4.828295
6.929050e+09 0.830230 3.866941 3.093860 4.805752
6.915952e+09 0.827546 3.861272 3.083871 4.783226
6.902854e+09 0.824870 3.855532 3.073923 4.760720
6.889755e+09 0.822201 3.849724 3.064016 4.738238
6.876657e+09 0.819540 3.843847 3.054150 4.715784
6.863558e+09 0.816888 3.837907 3.044328 4.693367
6.850460e+09 0.814243 3.831902 3.034548 4.678204
6.837362e+09 0.811606 3.825833 3.024810 4.673487
6.824263e+09 0.808976 3.819702 3.015113 4.668672
6.811165e+09 0.806354 3.813510 3.005459 4.663762
6.798066e+09 0.803740 3.807257 2.995847 4.658758
6.784968e+09 0.801133 3.800946 2.986276 4.653664
6.771870e+09 0.798534 3.794578 2.976749 4.648480
6.758771e+09 0.795942 3.788155 2.967265 4.643210
6.745673e+09 0.793358 3.781676 2.957823 4.637855
6.732574e+09 0.790782 3.775144 2.948424 4.632417
6.719476e+09 0.788212 3.768559 2.939068 4.626897
6.706378e+09 0.785650 3.761922 2.929755 4.621299
6.693279e+09 0.783096 3.755236 2.920484 4.615622
6.680181e+09 0.780548 3.748500 2.911257 4.609870
6.667082e+09 0.778008 3.741716 2.902073 4.604044
6.653984e+09 0.775475 3.734884 2.892930 4.598144
6.640886e+09 0.772950 3.728006 2.883831 4.592174
6.627787e+09 0.770431 3.721083 2.874775 4.586135
6.614689e+09 0.767919 3.714116 2.865762 4.580029
6.601590e+09 0.765415 3.707107 2.856792 4.573858
6.588492e+09 0.762918 3.700056 2.847866 4.567623
6.575394e+09 0.760428 3.692965 2.838982 4.561327
6.562295e+09 0.757944 3.685833 2.830142 4.554969
6.549197e+09 0.755468 3.678660 2.821342 4.548548
6.536098e+09 0.752998 3.671448 2.812585 4.542070
6.523000e+09 0.750535 3.664200 2.803871 4.535536
6.509902e+09 0.748079 3.656916 2.795200 4.528948
6.496803e+09 0.745630 3.649597 2.786572 4.522306
6.483705e+09 0.743188 3.642244 2.777987 4.515613
6.470607e+09 0.740753 3.634858 2.769445 4.508870
6.457508e+09 0.738324 3.627440 2.760947 4.502078
6.444410e+09 0.735902 3.619986 2.752486 4.495233
6.431311e+09 0.733486 3.612500 2.744068 4.488340
6.418213e+09 0.731076 3.604985 2.735693 4.481402
6.405115e+09 0.728674 3.597441 2.727360 4.474421
6.392016e+09 0.726278 3.589868 2.719069 4.467398
6.378918e+09 0.723889 3.582269 2.710822 4.460334
6.365819e+09 0.721506 3.574644 2.702616 4.453230
6.352721e+09 0.719130 3.566993 2.694454 4.446087
6.339623e+09 0.716760 3.559313 2.686330 4.438903
6.326524e+09 0.714396 3.551605 2.678244 4.431677
6.313426e+09 0.712039 3.543874 2.670201 4.424415
6.300327e+09 0.709688 3.536120 2.662200 4.417120
6.287229e+09 0.707343 3.528345 2.654241 4.409792
6.274131e+09 0.705005 3.520549 2.646323 4.402433
6.261032e+09 0.702673 3.512732 2.638448 4.395042
6.247934e+09 0.700347 3.504896 2.630613 4.387622
6.234835e+09 0.698028 3.497040 2.622820 4.376176
6.221737e+09 0.695714 3.489156 2.615060 4.364003
6.208639e+09 0.693406 3.481255 2.607341 4.351820
6.195540e+09 0.691104 3.473338 2.599664 4.339628
6.182442e+09 0.688809 3.465404 2.592028 4.327430
6.169343e+09 0.686519 3.457454 2.584432 4.315226
6.156245e+09 0.684236 3.449489 2.576877 4.303019
6.143147e+09 0.681960 3.441511 2.569363 4.290809
6.130048e+09 0.679689 3.433518 2.561889 4.278598
6.116950e+09 0.677423 3.425505 2.554450 4.266376
6.103851e+09 0.675163 3.417475 2.547047 4.254149
6.090753e+09 0.672909 3.409433 2.539684 4.241924
6.077655e+09 0.670661 3.401380 2.532361 4.229702
6.064556e+09 0.668419 3.393316 2.525078 4.217485
6.051458e+09 0.666183 3.385241 2.517834 4.205274
6.038360e+09 0.663953 3.377157 2.510630 4.193070
6.025261e+09 0.661729 3.369065 2.503466 4.180873
6.012163e+09 0.659510 3.360963 2.496340 4.168684
5.999064e+09 0.657296 3.352839 2.489242 4.156485
5.985966e+09 0.655088 3.344708 2.482184 4.144297
5.972868e+09 0.652885 3.336570 2.475165 4.132120
5.959769e+09 0.650689 3.328426 2.468184 4.119956
5.946671e+09 0.648498 3.320276 2.461241 4.107804
5.933572e+09 0.646313 3.312120 2.454337 4.095667
5.920474e+09 0.644134 3.303959 2.447471 4.083544
5.907376e+09 0.641961 3.295794 2.440643 4.071437
5.894277e+09 0.639792 3.287619 2.433848 4.059337
5.881179e+09 0.637628 3.279430 2.427084 4.047241
5.868080e+09 0.635469 3.271238 2.420357 4.035163
5.854982e+09 0.633317 3.263044 2.413668 4.023102
5.841884e+09 0.631169 3.254847 2.407016 4.011061
5.828785e+09 0.629028 3.246649 2.400401 3.999040
5.815687e+09 0.626892 3.238449 2.393823 3.987039
5.802588e+09 0.624762 3.230248 2.387281 3.975059
5.789490e+09 0.622637 3.222047 2.380776 3.963100
5.776392e+09 0.620516 3.213835 2.374300 3.951149
5.763293e+09 0.618400 3.205616 2.367855 3.939211
5.750195e+09 0.616289 3.197399 2.361447 3.927297
5.737096e+09 0.614184 3.189182 2.355074 3.915406
5.723998e+09 0.612084 3.180967 2.348737 3.903540
5.710900e+09 0.609990 3.172753 2.342435 3.891699
5.697801e+09 0.607901 3.164542 2.336169 3.879883
5.684703e+09 0.605818 3.156333 2.329939 3.868093
5.671604e+09 0.603740 3.148127 2.323743 3.856328
5.658506e+09 0.601665 3.139910 2.317572 3.844571
5.645408e+09 0.599595 3.131692 2.311433 3.832836
5.632309e+09 0.597531 3.123478 2.305329 3.821127
5.619211e+09 0.595471 3.115268 2.299259 3.809447
5.606113e+09 0.593417 3.107063 2.293223 3.797795
5.593014e+09 0.591369 3.098863 2.287222 3.786172
5.579916e+09 0.589325 3.090668 2.281254 3.774579
5.566817e+09 0.587287 3.082478 2.275321 3.763014
5.553719e+09 0.585254 3.074294 2.269420 3.751480
5.540621e+09 0.583223 3.066100 2.263542 3.739953
5.527522e+09 0.581198 3.057909 2.257695 3.728452
5.514424e+09 0.579177 3.049725 2.251881 3.716982
5.501325e+09 0.577162 3.041547 2.246100 3.705543
5.488227e+09 0.575152 3.033377 2.240352 3.694136
5.475129e+09 0.573147 3.025215 2.234637 3.682760
5.462030e+09 0.571147 3.017060 2.228954 3.671416
5.448932e+09 0.569152 3.008914 2.223304 3.660105
5.435833e+09 0.567162 3.000776 2.217686 3.648826
5.422735e+09 0.565175 2.992629 2.212088 3.637557
5.409637e+09 0.563192 2.984488 2.206520 3.626316
5.396538e+09 0.561214 2.976355 2.200983 3.615108
5.383440e+09 0.559241 2.968232 2.195477 3.603933
5.370341e+09 0.557273 2.960118 2.190004 3.592793
5.357243e+09 0.555310 2.952014 2.184561 3.581686
5.344145e+09 0.553352 2.943921 2.179150 3.570613
5.331046e+09 0.551399 2.935838 2.173769 3.559574
5.317948e+09 0.549450 2.927765 2.168420 3.548570
5.304849e+09 0.547505 2.919688 2.163090 3.537581
5.291751e+09 0.545563 2.911615 2.157787 3.526617
5.278653e+09 0.543626 2.903552 2.152514 3.515688
5.265554e+09 0.541694 2.895502 2.147271 3.504794
5.252456e+09 0.539766 2.887463 2.142058 3.493936
5.239358e+09 0.537844 2.879436 2.136876 3.483113
5.226259e+09 0.535926 2.871421 2.131722 3.472325
5.213161e+09 0.534013 2.863418 2.126599 3.461573
5.200062e+09 0.532105 2.855428 2.121505 3.450857
5.186964e+09 0.530200 2.847439 2.116433 3.440163
5.173866e+09 0.528297 2.839450 2.111382 3.429489
5.160767e+09 0.526400 2.831475 2.106360 3.418850
5.147669e+09 0.524507 2.823513 2.101366 3.408248
5.134570e+09 0.522618 2.815564 2.096402 3.397683
5.121472e+09 0.520735 2.807628 2.091466 3.387154
5.108374e+09 0.518856 2.799707 2.086559 3.376661
5.095275e+09 0.516981 2.791799 2.081679 3.366205
5.082177e+09 0.515112 2.783905 2.076828 3.355786
5.069078e+09 0.513246 2.776021 2.072002 3.345398
5.055980e+09 0.511382 2.768131 2.067191 3.335021
5.042882e+09 0.509522 2.760256 2.062408 3.324681
5.029783e+09 0.507667 2.752395 2.057652 3.314377
5.016685e+09 0.505816 2.744549 2.052924 3.304111
5.003586e+09 0.503970 2.736719 2.048223 3.293882
4.990488e+09 0.502129 2.728903 2.043549 3.283690
4.977390e+09 0.500291 2.721102 2.038902 3.273535
4.964291e+09 0.498459 2.713317 2.034282 3.255300
4.951193e+09 0.496631 2.705547 2.029688 3.235656
4.938094e+09 0.494804 2.697772 2.025109 3.216099
4.924996e+09 0.492981 2.690008 2.020552 3.196661
4.911898e+09 0.491162 2.682260 2.016022 3.177352
4.898799e+09 0.489348 2.674528 2.011518 3.158173
4.885701e+09 0.487538 2.666813 2.007040 3.139122
4.872602e+09 0.485732 2.659113 2.002588 3.120200
4.859504e+09 0.483931 2.651429 1.998162 3.101406
4.846406e+09 0.482134 2.643762 1.993761 3.082739
4.833307e+09 0.480342 2.636112 1.989385 3.064199
4.820209e+09 0.478552 2.628470 1.985030 3.045769
4.807111e+09 0.476764 2.620827 1.980689 3.027430
4.794012e+09 0.474980 2.613200 1.976374 3.009217
4.780914e+09 0.473201 2.605591 1.972083 2.991128
4.767815e+09 0.471426 2.597999 1.967817 2.973165
4.754717e+09 0.469655 2.590424 1.963575 2.955325
4.741619e+09 0.467888 2.582866 1.959359 2.937609
4.728520e+09 0.466126 2.575326 1.955166 2.920015
4.715422e+09 0.464368 2.567803 1.950998 2.902544
4.702323e+09 0.462614 2.560297 1.946854 2.885193
4.689225e+09 0.460861 2.552789 1.942722 2.867925
4.676127e+09 0.459111 2.545292 1.938610 2.850766
4.663028e+09 0.457365 2.537813 1.934521 2.833726
4.649930e+09 0.455624 2.530351 1.930457 2.816805
4.636831e+09 0.453886 2.522908 1.926416 2.800003
4.623733e+09 0.452153 2.515482 1.922398 2.783319
4.610635e+09 0.450424 2.508075 1.918403 2.766752
4.597536e+09 0.448699 2.500686 1.912839 2.750302
4.584438e+09 0.446978 2.493314 1.908662 2.733968
4.571339e+09 0.445261 2.485959 1.904499 2.717743
4.558241e+09 0.443544 2.478597 1.900338 2.701588
4.545143e+09 0.441830 2.471253 1.896192 2.685547
4.532044e+09 0.440121 2.463929 1.892062 2.669620
4.518946e+09 0.438416 2.456622 1.887946 2.653806
4.505847e+09 0.436715 2.449335 1.883845 2.638104
4.492749e+09 0.435018 2.442066 1.879759 2.622513
4.479651e+09 0.433325 2.434815 1.875688 2.607033
4.466552e+09 0.431636 2.427583 1.871631 2.591663
4.453454e+09 0.429951 2.420370 1.867588 2.576403
4.440355e+09 0.428268 2.413166 1.863554 2.561232
4.427257e+09 0.426586 2.405963 1.859523 2.546139
4.414159e+09 0.424908 2.398779 1.855507 2.531153
4.401060e+09 0.423234 2.391614 1.851504 2.516275
4.387962e+09 0.421564 2.384468 1.847516 2.501503
4.374864e+09 0.419898 2.377342 1.843542 2.486836
4.361765e+09 0.418235 2.370234 1.839581 2.472274
4.348667e+09 0.416577 2.363145 1.835634 2.457816
4.335568e+09 0.414922 2.356076 1.831701 2.443462
4.322470e+09 0.413272 2.349026 1.827781 2.429210
4.309372e+09 0.411622 2.341979 1.823866 2.415033
4.296273e+09 0.409974 2.334939 1.819957 2.400937
4.283175e+09 0.408330 2.327919 1.816061 2.386942
4.270076e+09 0.406690 2.320918 1.812179 2.373048
4.256978e+09 0.405054 2.313937 1.808310 2.359253
4.243880e+09 0.403421 2.306975 1.804455 2.345557
4.230781e+09 0.401793 2.300032 1.800613 2.331959
4.217683e+09 0.400168 2.293109 1.796784 2.318459
4.204584e+09 0.398547 2.286205 1.792968 2.305055
4.191486e+09 0.396929 2.279321 1.789165 2.291748
4.178388e+09 0.395312 2.272438 1.785364 2.278505
4.165289e+09 0.393697 2.265564 1.781570 2.265564
4.152191e+09 0.392086 2.258711 1.777790 2.258711
4.139092e+09 0.390478 2.251876 1.774022 2.251876
4.125994e+09 0.388874 2.245062 1.770267 2.245062
4.112896e+09 0.387274 2.238267 1.766525 2.238267
4.099797e+09 0.385678 2.231492 1.762796 2.231492
4.086699e+09 0.384085 2.224737 1.759080 2.224737
4.073600e+09 0.382496 2.218001 1.755376 2.218001
4.060502e+09 0.380911 2.211285 1.751685 2.211285
4.047404e+09 0.379325 2.204569 1.747995 2.204569
4.034305e+09 0.377742 2.197864 1.744312 2.197864
4.021207e+09 0.376162 2.191178 1.740642 2.191178
4.008108e+09 0.374586 2.184513 1.736984 2.184513
3.995010e+09 0.373014 2.177867 1.733338 2.177867
3.981912e+09 0.371445 2.171241 1.729706 2.171241
3.968813e+09 0.369879 2.164634 1.726085 2.164634
3.955715e+09 0.368318 2.158048 1.722477 2.158048
3.942617e+09 0.366759 2.151481 1.718881 2.151481
3.929518e+09 0.365205 2.144934 1.715297 2.144934
3.916420e+09 0.363650 2.138389 1.711716 2.138389
3.903321e+09 0.362098 2.131853 1.708139 2.131853
3.890223e+09 0.360548 2.125336 1.704575 2.125336
3.877125e+09 0.359002 2.118840 1.701023 2.118840
3.864026e+09 0.357460 2.112363 1.697483 2.112363
3.850928e+09 0.355921 2.105906 1.693956 2.105906
3.837829e+09 0.354386 2.099469 1.690440 2.099469
3.824731e+09 0.352854 2.093052 1.686936 2.093052
3.811633e+09 0.351326 2.086654 1.683444 2.086654
3.798534e+09 0.349801 2.080276 1.679550 2.080276
3.785436e+09 0.348277 2.073905 1.672923 2.073905
3.772337e+09 0.346753 2.067538 1.666324 2.067538
3.759239e+09 0.345233 2.061191 1.659768 2.061191
3.746141e+09 0.343717 2.054863 1.653255 2.054863
3.733042e+09 0.342204 2.048556 1.646785 2.048556
3.719944e+09 0.340694 2.042268 1.640357 2.042268
3.706845e+09 0.339187 2.036000 1.633971 2.036000
3.693747e+09 0.337684 2.029751 1.627626 2.029751
3.680649e+09 0.336185 2.023522 1.621323 2.023522
3.667550e+09 0.334688 2.017313 1.615060 2.017313
3.654452e+09 0.333194 2.011117 1.608832 2.011117
3.641353e+09 0.331699 2.004919 1.602623 2.004919
3.628255e+09 0.330207 1.998740 1.596454 1.998740
3.615157e+09 0.328719 1.992581 1.590325 1.992581
3.602058e+09 0.327234 1.986441 1.584235 1.986441
3.588960e+09 0.325752 1.980321 1.578185 1.980321
3.575861e+09 0.324274 1.974221 1.572173 1.974221
3.562763e+09 0.322798 1.968140 1.566200 1.968140
3.549665e+09 0.321326 1.962079 1.560265 1.962079
3.536566e+09 0.319858 1.956037 1.554368 1.956037
3.523468e+09 0.318392 1.950015 1.548508 1.950015
3.510370e+09 0.316925 1.943987 1.542662 1.943987
3.497271e+09 0.315461 1.937975 1.536850 1.937975
3.484173e+09 0.314000 1.931982 1.531075 1.931982
3.471074e+09 0.312542 1.926010 1.525336 1.926010
3.457976e+09 0.311087 1.920056 1.519634 1.920056
3.444878e+09 0.309635 1.914122 1.513967 1.914122
3.431779e+09 0.308187 1.908208 1.508336 1.908208
3.418681e+09 0.306742 1.902313 1.502741 1.902313
3.405582e+09 0.305300 1.896437 1.497181 1.896437
3.392484e+09 0.303861 1.890581 1.491655 1.890581
3.379386e+09 0.302423 1.884729 1.486150 1.884729
3.366287e+09 0.300984 1.878882 1.480667 1.878882
3.353189e+09 0.299549 1.873055 1.475218 1.873055
3.340090e+09 0.298118 1.867247 1.469803 1.867247
3.326992e+09 0.296689 1.861458 1.464422 1.861458
3.313894e+09 0.295263 1.855689 1.459074 1.855689
3.300795e+09 0.293841 1.849938 1.453759 1.849938
3.287697e+09 0.292422 1.844207 1.448476 1.844207
3.274598e+09 0.291005 1.838495 1.443226 1.838495
3.261500e+09 0.289592 1.832802 1.438009 1.832802
3.248402e+09 0.288182 1.827127 1.432822 1.827127
3.235303e+09 0.286769 1.821443 1.427642 1.821443
3.222205e+09 0.285360 1.815779 1.422495 1.815779
3.209106e+09 0.283953 1.810134 1.417378 1.810134
3.196008e+09 0.282550 1.804507 1.412293 1.804507
3.182910e+09 0.281149 1.798900 1.407239 1.798900
3.169811e+09 0.279752 1.793311 1.402216 1.793311
3.156713e+09 0.278358 1.787742 1.397222 1.787742
3.143615e+09 0.276966 1.782191 1.392260 1.782191
3.130516e+09 0.275578 1.776659 1.387326 1.776659
3.117418e+09 0.274193 1.771146 1.382423 1.771146
3.104319e+09 0.272808 1.765637 1.377537 1.765637
3.091221e+09 0.271423 1.760133 1.372667 1.760133
3.078123e+09 0.270040 1.754647 1.367827 1.754647
3.065024e+09 0.268661 1.749181 1.363016 1.749181
3.051926e+09 0.267285 1.743733 1.358234 1.743733
3.038827e+09 0.265912 1.738303 1.353480 1.738303
3.025729e+09 0.264542 1.732892 1.348754 1.732892
3.012631e+09 0.263175 1.727500 1.344057 1.727500
2.999532e+09 0.261810 1.722126 1.339387 1.722126
2.986434e+09 0.260449 1.716771 1.334745 1.716771
2.973335e+09 0.259091 1.711434 1.330130 1.711434
2.960237e+09 0.257730 1.706091 1.325522 1.706091
2.947139e+09 0.256371 1.700762 1.320937 1.700762
2.934040e+09 0.255016 1.695452 1.316380 1.695452
2.920942e+09 0.253663 1.690161 1.311849 1.690161
2.907843e+09 0.252313 1.684888 1.307345 1.684888
2.894745e+09 0.250966 1.679633 1.302867 1.679633
2.881647e+09 0.249622 1.674396 1.298837 1.674396
2.868548e+09 0.248281 1.669177 1.295899 1.669177
2.855450e+09 0.246943 1.663977 1.292974 1.663977
2.842351e+09 0.245608 1.658794 1.290061 1.658794
2.829253e+09 0.244274 1.653625 1.287157 1.653625
2.816155e+09 0.242938 1.648451 1.284250 1.648451
2.803056e+09 0.241605 1.643294 1.281356 1.643294
2.789958e+09 0.240275 1.638156 1.278473 1.638156
2.776859e+09 0.238948 1.633036 1.274064 1.633036
2.763761e+09 0.237624 1.627933 1.267625 1.627933
2.750663e+09 0.236302 1.622849 1.261231 1.622849
2.737564e+09 0.234984 1.617782 1.254880 1.617782
2.724466e+09 0.233668 1.612733 1.248572 1.612733
2.711368e+09 0.232355 1.607702 1.242308 1.607702
2.698269e+09 0.231044 1.602689 1.236085 1.602689
2.685171e+09 0.229734 1.597682 1.229893 1.597682
2.672072e+09 0.228423 1.592676 1.223724 1.592676
2.658974e+09 0.227115 1.587688 1.217598 1.587688
2.645876e+09 0.225810 1.582717 1.211512 1.582717
2.632777e+09 0.224507 1.577764 1.205468 1.577764
2.619679e+09 0.223208 1.572828 1.199466 1.572828
2.606580e+09 0.221911 1.567910 1.193503 1.567910
2.593482e+09 0.220616 1.563010 1.187581 1.563010
2.580384e+09 0.219325 1.558127 1.181699 1.558127
2.567285e+09 0.218036 1.553261 1.175856 1.553261
2.554187e+09 0.216750 1.548412 1.170053 1.548412
2.541088e+09 0.215463 1.543565 1.164272 1.543565
2.527990e+09 0.214176 1.538724 1.158518 1.538724
2.514892e+09 0.212892 1.533899 1.152802 1.533899
2.501793e+09 0.211611 1.529092 1.147124 1.529092
2.488695e+09 0.210332 1.524302 1.141485 1.524302
2.475596e+09 0.209056 1.519529 1.135883 1.519529
2.462498e+09 0.207782 1.514774 1.130319 1.514774
2.449400e+09 0.206512 1.510035 1.124792 1.510035
2.436301e+09 0.205244 1.505313 1.119303 1.505313
2.423203e+09 0.203978 1.500608 1.113849 1.500608
2.410104e+09 0.202716 1.495920 1.108433 1.495920
2.397006e+09 0.201451 1.491231 1.103034 1.491231
2.383908e+09 0.200188 1.486549 1.097661 1.486549
2.370809e+09 0.198927 1.481885 1.092324 1.481885
2.357711e+09 0.197668 1.477237 1.087022 1.477237
2.344612e+09 0.196412 1.472605 1.081756 1.472605
2.331514e+09 0.195159 1.467991 1.076525 1.467991
2.318416e+09 0.193909 1.463393 1.071328 1.466406
2.305317e+09 0.192661 1.458812 1.066166 1.464870
2.292219e+09 0.191416 1.454247 1.061038 1.463343
2.279121e+09 0.190173 1.449698 1.055944 1.461827
2.266022e+09 0.188933 1.445166 1.050884 1.460320
2.252924e+09 0.187691 1.440633 1.045839 1.458815
2.239825e+09 0.186450 1.436107 1.040818 1.457315
2.226727e+09 0.185211 1.431598 1.035831 1.455825
2.213629e+09 0.183975 1.427105 1.030877 1.454344
2.200530e+09 0.182741 1.422628 1.025955 1.452873
2.187432e+09 0.181510 1.418167 1.021065 1.451412
2.174333e+09 0.180282 1.413723 1.016208 1.449961
2.161235e+09 0.179056 1.409294 1.011382 1.448519
2.148137e+09 0.177833 1.404882 1.006589 1.447086
2.135038e+09 0.176612 1.400486 1.001826 1.445663
2.121940e+09 0.175394 1.396106 0.997095 1.444249
2.108841e+09 0.174174 1.391726 0.992379 1.442837
2.095743e+09 0.172955 1.387351 0.987684 1.441430
2.082645e+09 0.171737 1.382992 0.983020 1.440031
2.069546e+09 0.170523 1.378649 0.978385 1.438642
2.056448e+09 0.169311 1.374322 0.973782 1.437263
2.043349e+09 0.168101 1.370011 0.969208 1.435892
2.030251e+09 0.166894 1.365716 0.964664 1.434531
2.017153e+09 0.165690 1.361436 0.960149 1.433178
2.004054e+09 0.164487 1.357172 0.955664 1.431835
1.990956e+09 0.163288 1.352924 0.951208 1.430501
1.977857e+09 0.162091 1.348691 0.946781 1.429176
1.964759e+09 0.160893 1.344461 0.942371 1.427854
1.951661e+09 0.159694 1.340233 0.937976 1.426534
1.938562e+09 0.158498 1.336021 0.933610 1.425224
1.925464e+09 0.157304 1.331824 0.929272 1.423922
1.912365e+09 0.156113 1.327642 0.924962 1.422629
1.899267e+09 0.154924 1.323476 0.920680 1.421345
1.886169e+09 0.153738 1.319326 0.916426 1.420070
1.873070e+09 0.152554 1.315190 0.912199 1.418803
1.859972e+09 0.151372 1.311070 0.907999 1.417545
1.846874e+09 0.150193 1.306965 0.903826 1.416296
1.833775e+09 0.149016 1.302874 0.899680 1.415055
1.820677e+09 0.147840 1.298793 0.895554 1.413820
1.807578e+09 0.146662 1.294707 0.891437 1.412584
1.794480e+09 0.145486 1.290637 0.887347 1.411358
1.781382e+09 0.144312 1.286581 0.883283 1.410139
1.768283e+09 0.143141 1.282541 0.879245 1.408929
1.755185e+09 0.141972 1.278515 0.875232 1.407728
1.742086e+09 0.140806 1.274505 0.871246 1.406535
1.728988e+09 0.139642 1.270509 0.867284 1.405350
1.715890e+09 0.138480 1.266528 0.863349 1.404174
1.702791e+09 0.137321 1.262562 0.859438 1.403005
1.689693e+09 0.136164 1.258610 0.855551 1.401846
1.676594e+09 0.135009 1.254673 0.851690 1.400694
1.663496e+09 0.133851 1.250725 0.847830 1.399539
1.650398e+09 0.132694 1.246792 0.843995 1.398392
1.637299e+09 0.131540 1.242874 0.840185 1.397253
1.624201e+09 0.130388 1.238970 0.836398 1.396123
1.611102e+09 0.129239 1.235081 0.832635 1.395000
1.598004e+09 0.128092 1.231206 0.828897 1.393886
1.584906e+09 0.126947 1.227346 0.825182 1.392779
1.571807e+09 0.125805 1.223500 0.821490 1.391681
1.558709e+09 0.124665 1.219668 0.817821 1.390591
1.545610e+09 0.123527 1.215851 0.814176 1.389508
1.532512e+09 0.122391 1.212047 0.810553 1.388433
1.519414e+09 0.121254 1.208241 0.806939 1.387359
1.506315e+09 0.120116 1.204442 0.803340 1.386289
1.493217e+09 0.118981 1.200656 0.799764 1.385226
1.480118e+09 0.117848 1.196885 0.796211 1.384172
1.467020e+09 0.116718 1.193127 0.792680 1.383125
1.453922e+09 0.115589 1.189384 0.789170 1.382086
1.440823e+09 0.114463 1.185655 0.785683 1.381055
1.427725e+09 0.113340 1.181939 0.782218 1.380031
1.414627e+09 0.112218 1.178238 0.778774 1.379015
1.401528e+09 0.111099 1.174550 0.775351 1.378007
1.388430e+09 0.109982 1.170876 0.771950 1.377006
1.375331e+09 0.108865 1.167209 0.768565 1.376009
1.362233e+09 0.107746 1.163538 0.765185 1.375013
1.349135e+09 0.106629 1.159881 0.761826 1.374024
1.336036e+09 0.105515 1.156238 0.758489 1.373042
1.322938e+09 0.104402 1.152608 0.755172 1.372068
1.309839e+09 0.103292 1.148992 0.751875 1.371101
1.296741e+09 0.102184 1.145390 0.748599 1.370142
1.283643e+09 0.101078 1.141801 0.745344 1.369190
1.270544e+09 0.099975 1.138225 0.742108 1.368245
1.257446e+09 0.098874 1.134663 0.738893 1.367308
1.244347e+09 0.097775 1.131114 0.735697 1.366378
1.231249e+09 0.096678 1.127578 0.732520 1.365455
1.218151e+09 0.095578 1.124037 0.729348 1.364531
1.205052e+09 0.094478 1.120504 0.726191 1.363612
1.191954e+09 0.093381 1.116984 0.723053 1.362700
1.178855e+09 0.092287 1.113478 0.719935 1.361796
1.165757e+09 0.091194 1.109985 0.716836 1.360898
1.152659e+09 0.090104 1.106505 0.713756 1.360008
1.139560e+09 0.089016 1.103039 0.710695 1.359125
1.126462e+09 0.087930 1.099585 0.707653 1.358249
1.113363e+09 0.086846 1.096144 0.704629 1.357380
1.100265e+09 0.085764 1.092716 0.701624 1.356518
1.087167e+09 0.084684 1.089301 0.698637 1.355663
1.074068e+09 0.083605 1.085892 0.695662 1.354812
1.060970e+09 0.082523 1.082479 0.692692 1.353961
1.047872e+09 0.081443 1.079080 0.689741 1.353116
1.034773e+09 0.080366 1.075693 0.686807 1.352279
1.021675e+09 0.079290 1.072319 0.683892 1.351448
1.008576e+09 0.078217 1.068958 0.680994 1.350625
9.954779e+08 0.077146 1.065609 0.678113 1.349808
9.823795e+08 0.076076 1.062273 0.675250 1.348998
9.692811e+08 0.075009 1.058950 0.672405 1.348195
9.561827e+08 0.073945 1.055639 0.669576 1.347398
9.430844e+08 0.072882 1.052340 0.666765 1.346609
9.299860e+08 0.071821 1.049054 0.663970 1.345826
9.168876e+08 0.070758 1.045764 0.661180 1.345042
9.037892e+08 0.069695 1.042480 0.658401 1.344263
8.906908e+08 0.068634 1.039209 0.655639 1.343490
8.775924e+08 0.067575 1.035950 0.652893 1.342724
8.644940e+08 0.066518 1.032703 0.650164 1.341964
8.513956e+08 0.065463 1.029468 0.647452 1.341211
8.382972e+08 0.064410 1.026246 0.644756 1.340465
8.251988e+08 0.063360 1.023036 0.642076 1.339725
8.121004e+08 0.062311 1.019838 0.639411 1.338992
7.990020e+08 0.061265 1.016652 0.636763 1.338265
7.859036e+08 0.060220 1.013479 0.634131 1.337544
7.728052e+08 0.059177 1.010315 0.631513 1.336830
7.597068e+08 0.058130 1.007143 0.628895 1.336113
7.466084e+08 0.057085 1.003983 0.626292 1.335402
7.335101e+08 0.056042 1.000835 0.623705 1.334698
7.204117e+08 0.055001 0.997699 0.621133 1.334000
7.073133e+08 0.053963 0.994575 0.618577 1.333309
6.942149e+08 0.052926 0.991462 0.616035 1.332624
6.811165e+08 0.051891 0.988362 0.613509 1.331945
6.680181e+08 0.050858 0.985273 0.610998 1.331273
6.549197e+08 0.049828 0.982196 0.608502 1.330607
6.418213e+08 0.048799 0.979130 0.606020 1.329947
6.287229e+08 0.047773 0.976077 0.603553 1.329293
6.156245e+08 0.046745 0.973026 0.601095 1.328642
6.025261e+08 0.045716 0.969974 0.598640 1.327992
5.894277e+08 0.044689 0.966933 0.596201 1.327348
5.763293e+08 0.043663 0.963904 0.593775 1.326710
5.632309e+08 0.042640 0.960886 0.591364 1.326078
5.501325e+08 0.041619 0.957880 0.588967 1.325452
5.370341e+08 0.040599 0.954885 0.586584 1.324832
5.239358e+08 0.039582 0.951902 0.584215 1.324219
5.108374e+08 0.038567 0.948930 0.581860 1.323612
4.977390e+08 0.037553 0.945969 0.579519 1.323010
4.846406e+08 0.036542 0.943019 0.577192 1.322415
4.715422e+08 0.035533 0.940081 0.574878 1.321825
4.584438e+08 0.034521 0.937141 0.572568 1.321237
4.453454e+08 0.033509 0.934203 0.570265 1.320650
4.322470e+08 0.032498 0.931277 0.567976 1.320070
4.191486e+08 0.031490 0.928362 0.565700 1.319496
4.060502e+08 0.030484 0.925459 0.563437 1.318928
3.929518e+08 0.029480 0.922566 0.561188 1.318365
3.798534e+08 0.028477 0.919684 0.558952 1.317809
3.667550e+08 0.027477 0.916814 0.556728 1.317258
3.536566e+08 0.026478 0.913954 0.554518 1.316713
3.405582e+08 0.025482 0.911105 0.552320 1.316174
3.274598e+08 0.024487 0.908267 0.550135 1.315641
3.143615e+08 0.023494 0.905440 0.547963 1.315114
3.012631e+08 0.022498 0.902606 0.545791 1.314586
2.881647e+08 0.021502 0.899780 0.543629 1.314061
2.750663e+08 0.020509 0.896965 0.541479 1.313543
2.619679e+08 0.019517 0.894160 0.539342 1.313030
2.488695e+08 0.018527 0.891366 0.537217 1.312523
2.357711e+08 0.017539 0.888582 0.535105 1.312022
2.226727e+08 0.016553 0.885809 0.533004 1.311527
2.095743e+08 0.015569 0.883047 0.530916 1.311037
1.964759e+08 0.014587 0.880295 0.528839 1.310553
1.833775e+08 0.013607 0.877554 0.526774 1.310074
1.702791e+08 0.012628 0.874823 0.524722 1.309601
1.571807e+08 0.011652 0.872102 0.522680 1.309134
1.440823e+08 0.010671 0.869374 0.520638 1.308664
1.309839e+08 0.009692 0.866654 0.518606 1.308200
1.178855e+08 0.008714 0.863944 0.516585 1.307741
1.047872e+08 0.007738 0.861245 0.514576 1.307288
9.168876e+07 0.006764 0.858557 0.512579 1.306841
7.859036e+07 0.005792 0.855878 0.510593 1.306399
6.549197e+07 0.004822 0.853210 0.508618 1.305962
5.239358e+07 0.003854 0.850552 0.506655 1.305531
3.929518e+07 0.002888 0.847904 0.504702 1.305106
2.619679e+07 0.001923 0.845266 0.502761 1.304686
1.309839e+07 0.000961 0.842639 0.500831 1.304271
