1.309839e+10 9.000000 0.000000 0.000000 0.407062
1.308530e+10 8.847726 0.000000 0.000000 0.324515
1.307220e+10 8.701050 0.000000 0.000000 0.311687
1.305910e+10 8.559660 0.000000 0.000000 0.304808
1.304600e+10 8.423368 0.000000 0.000000 0.300355
1.303290e+10 8.291842 0.000000 0.000000 0.297224
1.301980e+10 8.164779 0.000000 0.000000 0.294923
1.300671e+10 8.041947 0.000000 0.000000 0.293192
1.299361e+10 7.923131 0.000000 0.000000 0.291876
1.298051e+10 7.808144 0.000000 0.000000 0.290876
1.296741e+10 7.696830 0.000000 0.000000 0.290123
1.295431e+10 7.588952 0.000000 0.000000 0.289570
1.294121e+10 7.484347 0.000000 0.000000 0.289182
1.292811e+10 7.382859 0.000000 0.000000 0.288932
1.291502e+10 7.284344 0.000000 0.000000 0.288799
1.290192e+10 7.188666 0.000000 0.000000 0.288768
1.288882e+10 7.095696 0.000000 0.000000 0.288825
1.287572e+10 7.005312 0.000000 0.000000 0.288960
1.286262e+10 6.917401 0.000000 0.000000 0.289164
1.284952e+10 6.831855 0.000000 0.000000 0.289429
1.283643e+10 6.748572 0.000000 0.000000 0.289751
1.282333e+10 6.667456 0.000000 0.000000 0.290122
1.281023e+10 6.588431 0.000000 0.000000 0.290540
1.279713e+10 6.511436 0.000000 0.000000 0.290999
1.278403e+10 6.436355 0.000000 0.000000 0.291498
1.277093e+10 6.363109 0.000000 0.000000 0.292032
1.275784e+10 6.291625 0.000000 0.000000 0.292600
1.274474e+10 6.221832 0.000000 0.000000 0.293199
1.273164e+10 6.153665 0.000000 0.000000 0.293827
1.271854e+10 6.087102 0.000000 0.000000 0.294482
1.270544e+10 6.022088 0.000000 0.000000 0.295164
1.269234e+10 5.958522 0.000000 0.000000 0.295869
1.267925e+10 5.896348 0.000000 0.000000 0.296598
1.266615e+10 5.835515 0.000000 0.000000 0.297349
1.265305e+10 5.776057 0.000000 0.000000 0.298120
1.263995e+10 5.717866 0.000000 0.000000 0.298912
1.262685e+10 5.660874 0.000000 0.000000 0.299723
1.261375e+10 5.605040 0.000000 0.000000 0.300552
1.260065e+10 5.550427 0.000000 0.000000 0.301398
1.258756e+10 5.496902 0.000000 0.000000 0.302262
1.257446e+10 5.444416 0.000000 0.000000 0.303142
1.256136e+10 5.392990 0.000000 0.000000 0.304039
1.254826e+10 5.342602 0.000000 0.000000 0.304950
1.253516e+10 5.293149 0.000000 0.000000 0.305876
1.252206e+10 5.244640 0.000000 0.000000 0.306817
1.250897e+10 5.197097 0.000000 0.000000 0.307772
1.249587e+10 5.150398 0.000000 0.000000 0.308741
1.248277e+10 5.104567 0.000000 0.000000 0.309723
1.246967e+10 5.059611 0.000000 0.000000 0.310718
1.245657e+10 5.015419 0.000000 0.000000 0.311726
1.244347e+10 4.972050 0.000000 0.000000 0.312746
1.243038e+10 4.929453 0.000000 0.000000 0.313779
1.241728e+10 4.887546 0.000000 0.000000 0.314824
1.240418e+10 4.846450 0.000000 0.000000 0.315881
1.239108e+10 4.806006 0.000000 0.000000 0.316949
1.237798e+10 4.766255 0.000000 0.000000 0.318029
1.236488e+10 4.727194 0.000000 0.000000 0.319120
1.235179e+10 4.688723 0.000000 0.000000 0.320222
1.233869e+10 4.650970 0.000000 0.000000 0.321335
1.232559e+10 4.613770 0.000000 0.000000 0.322459
1.231249e+10 4.577204 0.000000 0.000000 0.323593
1.229939e+10 4.541209 0.000000 0.000000 0.324738
1.228629e+10 4.505773 0.000000 0.000000 0.325894
1.227319e+10 4.470921 0.000000 0.000000 0.327060
1.226010e+10 4.436563 0.000000 0.000000 0.328236
1.224700e+10 4.402796 0.000000 0.000000 0.329423
1.223390e+10 4.369472 0.000000 0.000000 0.330619
1.222080e+10 4.336729 0.000000 0.000000 0.331826
1.220770e+10 4.304408 0.000000 0.000000 0.333042
1.219460e+10 4.272625 0.000000 0.000000 0.334269
1.218151e+10 4.241257 0.000000 0.000000 0.335505
1.216841e+10 4.210391 0.000000 0.000000 0.336751
1.215531e+10 4.179930 0.000000 0.000000 0.338006
1.214221e+10 4.149942 0.000000 0.000000 0.339272
1.212911e+10 4.120344 0.000000 0.000000 0.340546
1.211601e+10 4.091197 0.000000 0.000000 0.341831
1.210292e+10 4.062421 0.000000 0.000000 0.343125
1.208982e+10 4.034080 0.000000 0.000000 0.344428
1.207672e+10 4.006087 0.000000 0.000000 0.345741
1.206362e+10 3.978520 0.000000 0.000000 0.347064
1.205052e+10 3.951272 0.000000 0.000000 0.348396
1.203742e+10 3.924447 0.000000 0.000000 0.349737
1.202433e+10 3.897912 0.000000 0.000000 0.351088
1.201123e+10 3.871800 0.000000 0.000000 0.352448
1.199813e+10 3.845965 0.000000 0.000000 0.353817
1.198503e+10 3.820516 0.000000 0.000000 0.355196
1.197193e+10 3.795355 0.000000 0.000000 0.356584
1.195883e+10 3.770540 0.000000 0.000000 0.357981
1.194574e+10 3.746027 0.000000 0.000000 0.359388
1.193264e+10 3.721816 0.000000 0.000000 0.360804
1.191954e+10 3.697926 0.000000 0.000000 0.362230
1.190644e+10 3.674294 0.000000 0.000000 0.363664
1.189334e+10 3.651005 0.000000 0.000000 0.365109
1.188024e+10 3.627947 0.000000 0.000000 0.366562
1.186714e+10 3.605214 0.000000 0.000000 0.368025
1.185405e+10 3.582725 0.000000 0.000000 0.369497
1.184095e+10 3.560509 0.000000 0.000000 0.370979
1.182785e+10 3.538569 0.000000 0.000000 0.372470
1.181475e+10 3.516848 0.000000 0.000000 0.373970
1.180165e+10 3.495436 0.000000 0.000000 0.375480
1.178855e+10 3.474227 0.000000 0.000000 0.376999
1.177546e+10 3.453288 0.000000 0.000000 0.378528
1.176236e+10 3.432582 0.000000 0.000000 0.380066
1.174926e+10 3.412087 0.000000 0.000000 0.381614
1.173616e+10 3.391866 0.000000 0.000000 0.383171
1.172306e+10 3.371830 0.000000 0.000000 0.384738
1.170996e+10 3.352044 0.000000 0.000000 0.386314
1.169687e+10 3.332470 0.000000 0.000000 0.387900
1.168377e+10 3.313083 0.000000 0.000000 0.389495
1.167067e+10 3.293956 0.000000 0.000000 0.391100
1.165757e+10 3.274998 0.000000 0.000000 0.392715
1.164447e+10 3.256256 0.000000 0.000000 0.394340
1.163137e+10 3.237724 0.000000 0.000000 0.395974
1.161828e+10 3.219353 0.000000 0.000000 0.397618
1.160518e+10 3.201221 0.000000 0.000000 0.399271
1.159208e+10 3.183256 0.000000 0.000000 0.400935
1.157898e+10 3.165461 0.000000 0.000000 0.402608
1.156588e+10 3.147889 0.000000 0.000000 0.404292
1.155278e+10 3.130466 0.000000 0.000000 0.405985
1.153968e+10 3.113227 0.000000 0.000000 0.407688
1.152659e+10 3.096179 0.000000 0.000000 0.409401
1.151349e+10 3.079272 0.000000 0.000000 0.411125
1.150039e+10 3.062561 0.000000 0.000000 0.412858
1.148729e+10 3.046014 0.000000 0.000000 0.414601
1.147419e+10 3.029600 0.000000 0.000000 0.416355
1.146109e+10 3.013389 0.000000 0.000000 0.418119
1.144800e+10 2.997320 0.000000 0.000000 0.419893
1.143490e+10 2.981379 0.000000 0.000000 0.421677
1.142180e+10 2.965641 0.000000 0.000000 0.423472
1.140870e+10 2.950030 0.000000 0.000000 0.425277
1.139560e+10 2.934545 0.000000 0.000000 0.427092
1.138250e+10 2.919253 0.000000 0.000000 0.428918
1.136941e+10 2.904079 0.000000 0.000000 0.430754
1.135631e+10 2.889029 0.000000 0.000000 0.432601
1.134321e+10 2.874162 0.000000 0.000000 0.434459
1.133011e+10 2.859408 0.000000 0.000000 0.436327
1.131701e+10 2.844771 0.000000 0.000000 0.438206
1.130391e+10 2.830311 0.000000 0.000000 0.440095
1.129082e+10 2.815959 0.000000 0.000000 0.441996
1.127772e+10 2.801715 0.000000 0.000000 0.443907
1.126462e+10 2.787645 0.000000 0.000000 0.450174
1.125152e+10 2.773679 0.000000 0.000000 0.469691
1.123842e+10 2.759815 0.000000 0.000000 0.489899
1.122532e+10 2.746113 0.000000 0.000000 0.510818
1.121223e+10 2.732517 0.000000 0.000000 0.532465
1.119913e+10 2.719020 0.000000 0.000000 0.554862
1.118603e+10 2.705666 0.000000 0.000000 0.578026
1.117293e+10 2.692426 0.000000 0.000000 0.601979
1.115983e+10 2.679280 0.000000 0.000000 0.626741
1.114673e+10 2.666259 0.000000 0.000000 0.652332
1.113363e+10 2.653361 0.000000 0.000000 0.678774
1.112054e+10 2.640553 0.000000 0.000000 0.706089
1.110744e+10 2.627848 0.000000 0.000000 0.734297
1.109434e+10 2.615278 0.000000 0.000000 0.763422
1.108124e+10 2.602795 0.000000 0.000000 0.793486
1.106814e+10 2.590398 0.000000 0.000000 0.824512
1.105504e+10 2.578138 0.000000 0.000000 0.856524
1.104195e+10 2.565967 0.000000 0.000000 0.889544
1.102885e+10 2.553879 0.000000 0.000000 0.923598
1.101575e+10 2.541902 0.000000 0.000000 0.958710
1.100265e+10 2.530033 0.000000 0.000000 0.994905
1.098955e+10 2.518242 0.000000 0.000000 1.032207
1.097645e+10 2.506535 0.000000 0.000000 1.070644
1.096336e+10 2.494955 0.000000 0.000000 1.110240
1.095026e+10 2.483451 0.000000 0.000000 1.151023
1.093716e+10 2.472022 0.000000 0.000000 1.193019
1.092406e+10 2.460700 0.000000 0.000000 1.236256
1.091096e+10 2.449472 0.000000 0.000000 1.280761
1.089786e+10 2.438317 0.000000 0.000000 1.326563
1.088477e+10 2.427236 0.000000 0.000000 1.373690
1.087167e+10 2.416275 0.000000 0.000000 1.422172
1.085857e+10 2.405383 0.000000 0.000000 1.472037
1.084547e+10 2.394561 0.000000 0.000000 1.523315
1.083237e+10 2.383828 0.000000 0.000000 1.576038
1.081927e+10 2.373191 0.000000 0.000000 1.630235
1.080617e+10 2.362621 0.000000 0.000000 1.685938
1.079308e+10 2.352116 0.000000 0.000000 1.743179
1.077998e+10 2.341713 0.000000 0.000000 1.801989
1.076688e+10 2.331385 0.000000 0.000000 1.862401
1.075378e+10 2.321121 0.000000 0.000000 1.924448
1.074068e+10 2.310922 0.000000 0.000000 1.988164
1.072758e+10 2.300829 0.000000 0.000000 2.053582
1.071449e+10 2.290797 0.000000 0.000000 2.120737
1.070139e+10 2.280826 0.000000 0.000000 2.189664
1.068829e+10 2.270927 0.000000 0.000000 2.260397
1.067519e+10 2.261119 0.000000 0.000000 2.332973
1.066209e+10 2.251370 0.000000 0.000000 2.407429
1.064899e+10 2.241680 0.000000 0.000000 2.483800
1.063590e+10 2.232064 0.000000 0.000000 2.562124
1.062280e+10 2.222530 0.000000 0.000000 2.642438
1.060970e+10 2.213052 0.000000 0.000000 2.724782
1.059660e+10 2.203629 0.000000 0.000000 2.809193
1.058350e+10 2.194282 0.000000 0.000000 2.895711
1.057040e+10 2.185010 0.000000 0.000000 2.984375
1.055731e+10 2.175791 0.000000 0.000000 3.075226
1.054421e+10 2.166626 0.000000 0.000000 3.168305
1.053111e+10 2.157534 0.000000 0.000000 3.263652
1.051801e+10 2.148512 0.000000 0.000000 3.361310
1.050491e+10 2.139542 0.234264 0.000000 3.461321
1.049181e+10 2.130623 0.359647 0.000000 3.563726
1.047872e+10 2.121773 0.497001 0.000000 3.668571
1.046562e+10 2.112992 0.644807 0.000000 3.775899
1.045252e+10 2.104260 0.801668 0.000000 3.885753
1.043942e+10 2.095577 0.966375 0.000000 3.998180
1.042632e+10 2.086957 1.137896 0.000000 4.113224
1.041322e+10 2.078407 1.315329 0.000000 4.230931
1.040012e+10 2.069904 1.497831 0.000000 4.351349
1.038703e+10 2.061447 1.684670 0.000000 4.474523
1.037393e+10 2.053045 1.875210 0.000000 4.600503
1.036083e+10 2.044717 2.068919 0.000000 4.729335
1.034773e+10 2.036433 2.265208 0.000000 4.861069
1.033463e+10 2.028194 2.463592 0.000000 4.995755
1.032153e+10 2.020000 2.663629 0.000000 5.133441
1.030844e+10 2.011884 2.865036 0.000000 5.274179
1.029534e+10 2.003811 3.067350 0.000000 5.418020
1.028224e+10 1.995781 3.270232 0.000000 5.537730
1.026914e+10 1.987794 3.473371 0.000000 5.633573
1.025604e+10 1.979872 3.676590 0.000000 5.729006
1.024294e+10 1.972002 3.879586 0.000000 5.823960
1.022985e+10 1.964173 4.082082 0.000000 5.918364
1.021675e+10 1.956386 4.283856 0.000000 6.012203
1.020365e+10 1.948649 4.484766 0.000000 6.105535
1.019055e+10 1.940974 4.684696 0.574500 6.198423
1.017745e+10 1.933338 4.883371 0.649774 6.290703
1.016435e+10 1.925742 5.080635 0.652860 6.382358
1.015126e+10 1.918185 5.276344 0.655964 6.473368
1.013816e+10 1.910694 5.470551 0.659085 6.563922
1.012506e+10 1.903244 5.662993 0.662223 6.653828
1.011196e+10 1.895832 5.853541 0.665380 6.743045
1.009886e+10 1.888458 6.042096 0.668555 6.831554
1.008576e+10 1.881133 6.228655 0.671748 6.919432
1.007266e+10 1.873862 6.413193 0.674959 7.006719
1.005957e+10 1.866627 6.595510 0.678189 7.093259
1.004647e+10 1.859429 6.775537 0.681437 7.179037
1.003337e+10 1.852267 6.953212 0.684704 7.264037
1.002027e+10 1.845164 7.128686 0.687989 7.348448
1.000717e+10 1.838100 7.301765 0.691294 7.432105
9.994074e+09 1.831072 7.472365 0.694617 7.514953
9.980976e+09 1.824078 7.640447 0.697959 7.640447
9.967878e+09 1.817123 7.806026 0.701321 7.806026
9.954779e+09 1.810224 7.969245 0.704702 7.969245
9.941681e+09 1.803359 8.129877 0.708102 8.129877
9.928582e+09 1.796527 8.287900 0.711522 8.287900
9.915484e+09 1.789728 8.443295 0.714961 8.443295
9.902386e+09 1.782974 8.596180 0.718421 8.596180
9.889287e+09 1.776267 8.746571 0.721900 8.746571
9.876189e+09 1.769591 8.894318 0.725400 8.894318
9.863091e+09 1.762947 9.039415 0.728919 9.039415
9.849992e+09 1.756335 9.181860 0.732459 9.181860
9.836894e+09 1.749772 9.321850 0.736994 9.321850
9.823795e+09 1.743247 9.459294 0.769080 9.459294
9.810697e+09 1.736752 9.594105 0.802578 9.594105
9.797599e+09 1.730289 9.726289 0.837547 9.726289
9.784500e+09 1.723856 9.855854 0.874052 9.856778
9.771402e+09 1.717472 9.983056 0.912062 10.007736
9.758303e+09 1.711122 10.107724 0.951718 10.152307
9.745205e+09 1.704802 10.229819 0.993118 10.290648
9.732107e+09 1.698511 10.349352 1.036342 10.423002
9.719008e+09 1.692249 10.466340 1.081474 10.549602
9.705910e+09 1.686036 10.581070 1.128477 10.671165
9.692811e+09 1.679854 10.693334 1.177542 10.787486
9.679713e+09 1.673700 10.803114 1.228782 10.898704
9.666615e+09 1.667575 10.910429 1.282300 11.005012
9.653516e+09 1.661477 11.015299 1.338202 11.106593
9.640418e+09 1.655426 11.118017 1.396455 11.204101
9.627319e+09 1.649405 11.218380 1.457291 11.297306
9.614221e+09 1.643411 11.316371 1.520852 11.386302
9.601123e+09 1.637444 11.412012 1.587267 11.471242
9.588024e+09 1.631504 11.505326 1.656674 11.552274
9.574926e+09 1.625607 11.596584 1.729061 11.629958
9.561827e+09 1.619740 11.685635 1.804675 11.704128
9.548729e+09 1.613899 11.772439 1.883714 11.774806
9.535631e+09 1.608084 11.857019 1.966340 11.857019
9.522532e+09 1.602295 11.939401 2.052727 11.939401
9.509434e+09 1.596544 12.019806 2.142909 12.111213
9.496335e+09 1.590825 12.098184 2.237120 12.278268
9.483237e+09 1.585132 12.174446 2.335638 12.440102
9.470139e+09 1.579463 12.248617 2.438668 12.596726
9.457040e+09 1.573819 12.320724 2.546427 12.748157
9.443942e+09 1.568207 12.390912 2.659035 12.894689
9.430844e+09 1.562630 12.459279 2.776655 13.036517
9.417745e+09 1.557078 12.525664 2.899688 13.173276
9.404647e+09 1.551549 12.590093 3.028389 13.305007
9.391548e+09 1.546045 12.652592 3.163026 13.431757
9.378450e+09 1.540565 12.713210 3.303855 13.553628
9.365352e+09 1.535125 12.772233 3.450887 13.671260
9.352253e+09 1.529709 12.829408 3.604700 13.784102
9.339155e+09 1.524315 12.884761 3.765606 13.892214
9.326056e+09 1.518944 12.938318 3.933930 13.995663
9.312958e+09 1.513596 12.990103 4.110013 14.094515
9.299860e+09 1.508282 13.040346 4.293948 14.189297
9.286761e+09 1.502996 13.088968 4.486208 14.279855
9.273663e+09 1.497732 13.135898 4.687282 14.366052
9.260564e+09 1.492490 13.181162 4.897557 14.447963
9.247466e+09 1.487270 13.224783 5.117435 14.525666
9.234368e+09 1.482075 13.266847 5.347239 14.599371
9.221269e+09 1.476914 13.307553 5.587115 14.669546
9.208171e+09 1.471775 13.346693 5.837829 14.735763
9.195072e+09 1.466656 13.384292 6.099827 14.798102
9.181974e+09 1.461559 13.420373 6.373566 14.856643
9.168876e+09 1.456483 13.454960 6.659516 14.911466
9.155777e+09 1.451438 13.488262 6.957817 14.963060
9.142679e+09 1.446418 13.520219 7.269077 15.011324
9.129580e+09 1.441419 13.550754 7.593962 15.056123
9.116482e+09 1.436441 13.579891 7.932972 15.097537
9.103384e+09 1.431482 13.607650 8.286617 15.135644
9.090285e+09 1.426544 13.634059 8.655401 15.170532
9.077187e+09 1.421640 13.659410 9.039243 15.202861
9.064088e+09 1.416755 13.683452 9.439213 15.232128
9.050990e+09 1.411891 13.706209 9.855831 15.258408
9.037892e+09 1.407045 13.727699 10.289615 15.281778
9.024793e+09 1.402220 13.747946 10.741078 15.302313
9.011695e+09 1.397417 13.767049 11.210527 15.320256
8.998597e+09 1.392643 13.785138 11.367611 15.335911
8.985498e+09 1.387888 13.802046 11.388366 15.348958
8.972400e+09 1.383152 13.817795 11.408437 15.359466
8.959301e+09 1.378435 13.832403 11.427831 15.367507
8.946203e+09 1.373736 13.845890 11.446553 15.373150
8.933105e+09 1.369062 13.858403 11.464714 15.376726
8.920006e+09 1.364413 13.869965 11.482321 15.378309
8.906908e+09 1.359782 13.880464 11.499278 15.377698
8.893809e+09 1.355169 13.889921 11.515591 15.374957
8.880711e+09 1.350574 13.898353 11.531266 15.370149
8.867613e+09 1.345997 13.905778 11.546309 15.363338
8.854514e+09 1.341445 13.912365 11.560849 15.354889
8.841416e+09 1.336915 13.918077 11.574847 15.344750
8.828317e+09 1.332403 13.922837 11.588235 15.332788
8.815219e+09 1.327908 13.926662 11.601017 15.319061
8.802121e+09 1.323430 13.929568 11.613201 15.303625
8.789022e+09 1.318970 13.931574 11.624791 15.286535
8.775924e+09 1.314534 13.932846 11.635919 15.268143
8.762825e+09 1.310118 13.933333 11.646535 15.248368
8.749727e+09 1.305720 13.932968 11.656578 15.227097
8.736629e+09 1.301338 13.931768 11.666055 15.204381
8.723530e+09 1.296973 13.929747 11.674971 15.180269
8.710432e+09 1.292625 13.926922 11.683333 15.154810
8.697333e+09 1.288299 13.923440 11.691255 15.128304
8.684235e+09 1.283994 13.919273 11.698710 15.176715
8.671137e+09 1.279704 13.914347 11.705630 15.237018
8.658038e+09 1.275431 13.908677 11.712021 15.294434
8.644940e+09 1.271174 13.902276 11.717889 15.349020
8.631841e+09 1.266933 13.895159 11.723240 15.400836
8.618743e+09 1.262712 13.887436 11.728160 15.450092
8.605645e+09 1.258512 13.879138 11.732669 15.496877
8.592546e+09 1.254328 13.870166 11.736680 15.541063
8.579448e+09 1.250159 13.860532 11.740199 15.582706
8.566350e+09 1.246006 13.850249 11.743231 15.621860
8.553251e+09 1.241868 13.839331 11.745783 15.658578
8.540153e+09 1.237747 13.827837 11.747899 15.692988
8.527054e+09 1.233648 13.815884 11.749671 15.725314
8.513956e+09 1.229565 13.803333 11.750980 15.755363
8.500858e+09 1.225496 13.790196 11.751833 15.783185
8.487759e+09 1.221442 13.776486 11.752234 15.808830
8.474661e+09 1.217403 13.762213 11.752189 15.832346
8.461562e+09 1.213378 13.747390 11.751705 15.853781
8.448464e+09 1.209376 13.732200 11.750929 15.873467
8.435366e+09 1.205390 13.716496 11.749737 15.891190
8.422267e+09 1.201417 13.700274 11.748121 15.906975
8.409169e+09 1.197459 13.683547 11.746087 15.920868
8.396070e+09 1.193515 13.666325 11.743642 15.932912
8.382972e+09 1.189585 13.648618 11.740789 15.943151
8.369874e+09 1.185673 13.630530 11.737613 15.951781
8.356775e+09 1.181779 13.612058 11.734108 15.958825
8.343677e+09 1.177899 13.593132 11.730213 15.964193
8.330578e+09 1.174033 13.573761 11.725932 15.967925
8.317480e+09 1.170180 13.553956 11.721272 15.970061
8.304382e+09 1.166341 13.533726 11.716236 15.970642
8.291283e+09 1.162516 13.513090 11.710837 15.969719
8.278185e+09 1.158712 13.492199 11.705202 15.967568
8.265086e+09 1.154921 13.470910 11.699208 15.963976
8.251988e+09 1.151143 13.449234 11.692858 15.958979
8.238890e+09 1.147378 13.427178 11.686159 15.952614
8.225791e+09 1.143627 13.404751 11.679116 15.944915
8.212693e+09 1.139888 13.381962 11.671732 15.935917
8.199594e+09 1.136166 13.358890 11.664074 15.925773
8.186496e+09 1.132460 13.335550 11.656150 15.914524
8.173398e+09 1.128768 13.311872 11.647902 15.902825
8.160299e+09 1.125088 13.287864 11.639332 15.891594
8.147201e+09 1.121420 13.263534 11.630446 15.879448
8.134103e+09 1.117766 13.238890 11.621249 15.866411
8.121004e+09 1.114123 13.213940 11.611744 15.852507
8.107906e+09 1.110499 13.188803 11.602033 15.837943
8.094807e+09 1.106888 13.163398 11.592045 15.822600
8.081709e+09 1.103289 13.137708 11.581763 15.822812
8.068611e+09 1.099703 13.111741 11.571192 15.824823
8.055512e+09 1.096129 13.085503 11.560336 15.783254
8.042414e+09 1.092567 13.059001 11.549200 15.753504
8.029315e+09 1.089017 13.032253 11.537796 15.734425
8.016217e+09 1.085485 13.005368 11.526219 15.714843
8.003119e+09 1.081965 12.978239 11.514374 15.694594
7.990020e+09 1.078456 12.950873 11.502265 15.673698
7.976922e+09 1.074960 12.923275 11.489897 15.652175
7.963823e+09 1.071475 12.895452 11.477274 15.630043
7.950725e+09 1.068002 12.867410 11.464399 15.607321
7.937627e+09 1.064542 12.839183 11.451300 15.584070
7.924528e+09 1.061097 12.810833 11.438032 15.560399
7.911430e+09 1.057664 12.782282 11.424525 15.536189
7.898331e+09 1.054242 12.753535 11.410782 15.511457
7.885233e+09 1.050831 12.724598 11.396807 15.486220
7.872135e+09 1.047432 12.695476 11.382604 15.460493
7.859036e+09 1.044044 12.666175 11.368177 15.434292
7.845938e+09 1.040669 12.636731 11.353557 15.407683
7.832839e+09 1.037308 12.607188 11.338781 15.380737
7.819741e+09 1.033958 12.577481 11.323792 15.353361
7.806643e+09 1.030619 12.547615 11.308593 15.325569
7.793544e+09 1.027292 12.517595 11.293188 15.297374
7.780446e+09 1.023975 12.487426 11.277580 15.268789
7.767348e+09 1.020668 12.457113 11.261773 15.239829
7.754249e+09 1.017374 12.426687 11.245794 15.210547
7.741151e+09 1.014094 12.396189 11.229679 15.181012
7.728052e+09 1.010824 12.365561 11.213375 15.151138
7.714954e+09 1.007565 12.334806 11.196885 15.120936
7.701856e+09 1.004316 12.303929 11.180212 15.090418
7.688757e+09 1.001078 12.272935 11.163361 15.059595
7.675659e+09 0.997850 12.241827 11.146334 15.028479
7.662560e+09 0.994634 12.210626 11.129148 14.997104
7.649462e+09 0.991431 12.179384 11.111849 14.965555
7.636364e+09 0.988238 12.148040 11.094385 14.933743
7.623265e+09 0.985055 12.116599 11.076756 14.901678
7.610167e+09 0.981883 12.085064 11.058968 14.869370
7.597068e+09 0.978720 12.053440 11.041022 14.836829
7.583970e+09 0.975568 12.021729 11.022922 14.804064
7.570872e+09 0.972426 11.989936 11.004670 14.771083
7.557773e+09 0.969296 11.958134 10.986332 14.738002
7.544675e+09 0.966177 11.926256 10.967849 14.704722
7.531576e+09 0.963068 11.894307 10.949223 14.671253
7.518478e+09 0.959969 11.862288 10.930457 14.637602
7.505380e+09 0.956879 11.830205 10.911553 14.603778
7.492281e+09 0.953799 11.798059 10.892516 14.569788
7.479183e+09 0.950729 11.765855 10.873346 14.535640
7.466084e+09 0.947670 11.733638 10.854086 14.501405
7.452986e+09 0.944622 11.701385 10.827814 14.467052
7.439888e+09 0.941584 11.669082 10.784094 14.432562
7.426789e+09 0.938554 11.636733 10.740569 14.397942
7.413691e+09 0.935535 11.604340 10.697238 14.363198
7.400592e+09 0.932524 11.571906 10.654104 14.328339
7.387494e+09 0.929523 11.539434 10.611168 14.293368
7.374396e+09 0.926532 11.506944 10.568452 14.258319
7.361297e+09 0.923552 11.474455 10.525977 14.223222
7.348199e+09 0.920582 11.441936 10.483702 14.188031
7.335101e+09 0.917620 11.409389 10.441629 14.152755
7.322002e+09 0.914668 11.376817 10.399759 14.117397
7.308904e+09 0.911724 11.344223 10.358091 14.081964
7.295805e+09 0.908790 11.311610 10.316628 14.046460
7.282707e+09 0.905864 11.278979 10.275370 14.010891
7.269609e+09 0.902950 11.246368 10.234359 13.975316
7.256510e+09 0.900044 11.213751 10.193561 13.939693
7.243412e+09 0.897147 11.181123 10.152968 13.866517
7.230313e+09 0.894260 11.148487 10.112582 13.792986
7.217215e+09 0.891381 11.115844 10.072403 13.719693
7.204117e+09 0.888510 11.083198 10.032430 13.646651
7.191018e+09 0.885649 11.050550 9.992665 13.573866
7.177920e+09 0.882796 11.017912 9.953119 13.501367
7.164821e+09 0.879953 10.985300 9.913807 13.429189
7.151723e+09 0.877119 10.952691 9.874702 13.357289
7.138625e+09 0.874294 10.920089 9.835805 13.285674
7.125526e+09 0.871476 10.887495 9.797115 13.214348
7.112428e+09 0.868668 10.854911 9.758633 13.143318
7.099329e+09 0.865867 10.822339 9.720358 13.072588
7.086231e+09 0.863076 10.789781 9.682291 13.002162
7.073133e+09 0.860293 10.757254 9.644449 12.932076
7.060034e+09 0.857519 10.724753 9.606824 12.862320
7.046936e+09 0.854753 10.692270 9.569406 12.817631
7.033837e+09 0.851996 10.659809 9.532194 12.774483
7.020739e+09 0.849246 10.627369 9.495188 12.731436
7.007641e+09 0.846505 10.594953 9.458388 12.688492
6.994542e+09 0.843772 10.562562 9.421793 12.645652
6.981444e+09 0.841047 10.530199 9.385404 12.602918
6.968345e+09 0.838331 10.497878 9.349236 12.560313
6.955247e+09 0.835623 10.465590 9.313275 12.517821
6.942149e+09 0.832923 10.433332 9.277517 12.475441
6.929050e+09 0.830230 10.401107 9.241962 12.433174
6.915952e+09 0.827546 10.368917 9.206610 12.391023
6.902854e+09 0.824870 10.336761 9.171461 12.348989
6.889755e+09 0.822201 10.304643 9.136513 12.307073
6.876657e+09 0.819540 10.272563 9.101768 12.265278
6.863558e+09 0.816888 10.240531 9.067232 12.223616
6.850460e+09 0.814243 10.208540 9.032896 12.182077
6.837362e+09 0.811606 10.176590 8.998760 12.140662
6.824263e+09 0.808976 10.144684 8.964822 12.099372
6.811165e+09 0.806354 10.112821 8.931083 12.058209
6.798066e+09 0.803740 10.081004 8.897541 12.017173
6.784968e+09 0.801133 10.049233 8.864195 11.976266
6.771870e+09 0.798534 10.017510 8.831046 11.935490
6.758771e+09 0.795942 9.985838 8.798095 11.894847
6.745673e+09 0.793358 9.954216 8.765338 11.854336
6.732574e+09 0.790782 9.922644 8.732775 11.813957
6.719476e+09 0.788212 9.891124 8.700405 11.773713
6.706378e+09 0.785650 9.859656 8.668227 11.733602
6.693279e+09 0.783096 9.828242 8.636241 11.693627
6.680181e+09 0.780548 9.796882 8.604446 11.653788
6.667082e+09 0.778008 9.765577 8.572840 11.614085
6.653984e+09 0.775475 9.734326 8.541419 11.574515
6.640886e+09 0.772950 9.703131 8.510187 11.535083
6.627787e+09 0.770431 9.671994 8.479143 11.495790
6.614689e+09 0.767919 9.640916 8.448285 11.456636
6.601590e+09 0.765415 9.609898 8.417613 11.417622
6.588492e+09 0.762918 9.578941 8.387125 11.378749
6.575394e+09 0.760428 9.548044 8.356822 11.340016
6.562295e+09 0.757944 9.517209 8.326703 11.301425
6.549197e+09 0.755468 9.486428 8.296755 11.262962
6.536098e+09 0.752998 9.455710 8.266990 11.224643
6.523000e+09 0.750535 9.425055 8.237405 11.186465
6.509902e+09 0.748079 9.394466 8.208000 11.148431
6.496803e+09 0.745630 9.363942 8.178773 11.110539
6.483705e+09 0.743188 9.333485 8.149725 11.072791
6.470607e+09 0.740753 9.303094 8.120854 11.035187
6.457508e+09 0.738324 9.272771 8.092159 10.997727
6.444410e+09 0.735902 9.242503 8.063627 10.960396
6.431311e+09 0.733486 9.212300 8.035267 10.923205
6.418213e+09 0.731076 9.182167 8.007081 10.886159
6.405115e+09 0.728674 9.152104 7.979067 10.849258
6.392016e+09 0.726278 9.122111 7.951225 10.812501
6.378918e+09 0.723889 9.092188 7.923553 10.775890
6.365819e+09 0.721506 9.062338 7.896052 10.739424
6.352721e+09 0.719130 9.032558 7.868720 10.703102
6.339623e+09 0.716760 9.002841 7.841546 10.666914
6.326524e+09 0.714396 8.973186 7.814529 10.630858
6.313426e+09 0.712039 8.943605 7.787678 10.594947
6.300327e+09 0.709688 8.914097 7.760994 10.559182
6.287229e+09 0.707343 8.884663 7.734473 10.523561
6.274131e+09 0.705005 8.855304 7.708116 10.488087
6.261032e+09 0.702673 8.826020 7.681922 10.452757
6.247934e+09 0.700347 8.796811 7.655890 10.417572
6.234835e+09 0.698028 8.767675 7.630016 10.373080
6.221737e+09 0.695714 8.738593 7.604281 10.327123
6.208639e+09 0.693406 8.709586 7.578705 10.281405
6.195540e+09 0.691104 8.680657 7.553287 10.235924
6.182442e+09 0.688809 8.651805 7.528026 10.190682
6.169343e+09 0.686519 8.623030 7.502922 10.145677
6.156245e+09 0.684236 8.594334 7.477973 10.100909
6.143147e+09 0.681960 8.565715 7.453179 10.056378
6.130048e+09 0.679689 8.537175 7.428538 10.012083
6.116950e+09 0.677423 8.508695 7.404034 9.967996
6.103851e+09 0.675163 8.480282 7.379670 9.924128
6.090753e+09 0.672909 8.451949 7.355458 9.880494
6.077655e+09 0.670661 8.423695 7.331396 9.837094
6.064556e+09 0.668419 8.395521 7.307483 9.793927
6.051458e+09 0.666183 8.367427 7.283719 9.750993
6.038360e+09 0.663953 8.339413 7.260102 9.708290
6.025261e+09 0.661729 8.311480 7.236632 9.665818
6.012163e+09 0.659510 8.283626 7.213307 9.623575
5.999064e+09 0.657296 8.255820 7.190096 9.581513
5.985966e+09 0.655088 8.228095 7.167030 9.539681
5.972868e+09 0.652885 8.200451 7.144108 9.498077
5.959769e+09 0.650689 8.172889 7.121327 9.456699
5.946671e+09 0.648498 8.145409 7.098688 9.415548
5.933572e+09 0.646313 8.118010 7.076190 9.374623
5.920474e+09 0.644134 8.090693 7.053832 9.333922
5.907376e+09 0.641961 8.063458 7.031612 9.293444
5.894277e+09 0.639792 8.036292 7.009518 9.253169
5.881179e+09 0.637628 8.009183 6.987540 9.213083
5.868080e+09 0.635469 7.982157 6.965699 9.173218
5.854982e+09 0.633317 7.955214 6.943994 9.133573
5.841884e+09 0.631169 7.928353 6.922423 9.094147
5.828785e+09 0.629028 7.901576 6.900987 9.054940
5.815687e+09 0.626892 7.874881 6.879683 9.015950
5.802588e+09 0.624762 7.848269 6.858512 8.977176
5.789490e+09 0.622637 7.821741 6.837472 8.938618
5.776392e+09 0.620516 7.795270 6.816541 8.900239
5.763293e+09 0.618400 7.768866 6.795726 8.862051
5.750195e+09 0.616289 7.742545 6.775040 8.824077
5.737096e+09 0.614184 7.716308 6.754483 8.786314
5.723998e+09 0.612084 7.690154 6.734053 8.748763
5.710900e+09 0.609990 7.664084 6.713750 8.711421
5.697801e+09 0.607901 7.638097 6.693573 8.674287
5.684703e+09 0.605818 7.612194 6.673521 8.637362
5.671604e+09 0.603740 7.586375 6.653594 8.600643
5.658506e+09 0.601665 7.560604 6.633761 8.564083
5.645408e+09 0.599595 7.534907 6.614042 8.527715
5.632309e+09 0.597531 7.509293 6.594445 8.491551
5.619211e+09 0.595471 7.483763 6.574970 8.455590
5.606113e+09 0.593417 7.458317 6.555615 8.419830
5.593014e+09 0.591369 7.432955 6.536381 8.384272
5.579916e+09 0.589325 7.407676 6.517265 8.348914
5.566817e+09 0.587287 7.382481 6.498268 8.313754
5.553719e+09 0.585254 7.357370 6.479388 8.278793
5.540621e+09 0.583223 7.332302 6.460593 8.243976
5.527522e+09 0.581198 7.307310 6.441907 8.209344
5.514424e+09 0.579177 7.282401 6.423336 8.174908
5.501325e+09 0.577162 7.257576 6.404880 8.140665
5.488227e+09 0.575152 7.232835 6.386539 8.106616
5.475129e+09 0.573147 7.208178 6.368310 8.072759
5.462030e+09 0.571147 7.183603 6.350195 8.039093
5.448932e+09 0.569152 7.159112 6.332191 8.005617
5.435833e+09 0.567162 7.134705 6.314298 7.972330
5.422735e+09 0.565175 7.110340 6.296483 7.939179
5.409637e+09 0.563192 7.086048 6.278770 7.906202
5.396538e+09 0.561214 7.061840 6.261166 7.873411
5.383440e+09 0.559241 7.037715 6.243670 7.840806
5.370341e+09 0.557273 7.013673 6.226283 7.808384
5.357243e+09 0.555310 6.989713 6.209002 7.776146
5.344145e+09 0.553352 6.965837 6.191828 7.744091
5.331046e+09 0.551399 6.942044 6.174760 7.712216
5.317948e+09 0.549450 6.918333 6.157797 7.680521
5.304849e+09 0.547505 6.894669 6.140909 7.648960
5.291751e+09 0.545563 6.871071 6.124112 7.617556
5.278653e+09 0.543626 6.847555 6.107418 7.586330
5.265554e+09 0.541694 6.824121 6.090827 7.555280
5.252456e+09 0.539766 6.800770 6.074338 7.524406
5.239358e+09 0.537844 6.777501 6.057950 7.493706
5.226259e+09 0.535926 6.754315 6.041662 7.463180
5.213161e+09 0.534013 6.731210 6.025475 7.432826
5.200062e+09 0.532105 6.708187 6.009387 7.402644
5.186964e+09 0.530200 6.685220 5.993377 7.372600
5.173866e+09 0.528297 6.662305 5.977443 7.342690
5.160767e+09 0.526400 6.639472 5.961606 7.312948
5.147669e+09 0.524507 6.616720 5.945867 7.283375
5.134570e+09 0.522618 6.594050 5.930224 7.253969
5.121472e+09 0.520735 6.571461 5.914676 7.224729
5.108374e+09 0.518856 6.548953 5.899224 7.195653
5.095275e+09 0.516981 6.526526 5.883866 7.166742
5.082177e+09 0.515112 6.504180 5.868603 7.137994
5.069078e+09 0.513246 6.481905 5.853424 7.109397
5.055980e+09 0.511382 6.459663 5.838303 7.080903
5.042882e+09 0.509522 6.437501 5.823274 7.052569
5.029783e+09 0.507667 6.415420 5.808336 7.024396
5.016685e+09 0.505816 6.393419 5.793490 6.996381
5.003586e+09 0.503970 6.371498 5.778734 6.968525
4.990488e+09 0.502129 6.349657 5.764069 6.940825
4.977390e+09 0.500291 6.327896 5.749493 6.913281
4.964291e+09 0.498459 6.306214 5.735005 6.868784
4.951193e+09 0.496631 6.284611 5.720606 6.821438
4.938094e+09 0.494804 6.263042 5.706260 6.774400
4.924996e+09 0.492981 6.241539 5.691991 6.727734
4.911898e+09 0.491162 6.220115 5.677810 6.681460
4.898799e+09 0.489348 6.198770 5.663714 6.635577
4.885701e+09 0.487538 6.177504 5.649705 6.590081
4.872602e+09 0.485732 6.156317 5.635780 6.545271
4.859504e+09 0.483931 6.135207 5.621940 6.525988
4.846406e+09 0.482134 6.114176 5.608185 6.506757
4.833307e+09 0.480342 6.093223 5.594512 6.487577
4.820209e+09 0.478552 6.072329 5.580909 6.468431
4.807111e+09 0.476764 6.051471 5.567357 6.449293
4.794012e+09 0.474980 6.030691 5.553888 6.430208
4.780914e+09 0.473201 6.009988 5.540500 6.411176
4.767815e+09 0.471426 5.989362 5.527193 6.392196
4.754717e+09 0.469655 5.968814 5.513968 6.373268
4.741619e+09 0.467888 5.948343 5.500822 6.354393
4.728520e+09 0.466126 5.927948 5.487755 6.335570
4.715422e+09 0.464368 5.907629 5.474768 6.316799
4.702323e+09 0.462614 5.887387 5.461859 6.298082
4.689225e+09 0.460861 5.867174 5.448995 6.279368
4.676127e+09 0.459111 5.847023 5.436197 6.260692
4.663028e+09 0.457365 5.826948 5.423476 6.242069
4.649930e+09 0.455624 5.806948 5.404357 6.223498
4.636831e+09 0.453886 5.787024 5.381093 6.204980
4.623733e+09 0.452153 5.767175 5.357981 6.186515
4.610635e+09 0.450424 5.747401 5.335017 6.168103
4.597536e+09 0.448699 5.727702 5.316836 6.149743
4.584438e+09 0.446978 5.708078 5.300246 6.131436
4.571339e+09 0.445261 5.688521 5.283725 6.113175
4.558241e+09 0.443544 5.668983 5.267229 6.094909
4.545143e+09 0.441830 5.649520 5.250806 6.076696
4.532044e+09 0.440121 5.630131 5.234457 6.058536
4.518946e+09 0.438416 5.610815 5.218181 6.040428
4.505847e+09 0.436715 5.591573 5.201978 6.022374
4.492749e+09 0.435018 5.572405 5.185848 6.004373
4.479651e+09 0.433325 5.553310 5.169789 5.986424
4.466552e+09 0.431636 5.534288 5.153802 5.968529
4.453454e+09 0.429951 5.515338 5.137886 5.950686
4.440355e+09 0.428268 5.496437 5.122020 5.932871
4.427257e+09 0.426586 5.477570 5.106190 5.915068
4.414159e+09 0.424908 5.458775 5.090430 5.897318
4.401060e+09 0.423234 5.440053 5.074740 5.879620
4.387962e+09 0.421564 5.421402 5.059121 5.861976
4.374864e+09 0.419898 5.402823 5.043571 5.844385
4.361765e+09 0.418235 5.384315 5.028090 5.826846
4.348667e+09 0.416577 5.365879 5.011215 5.809361
4.335568e+09 0.414922 5.347514 4.978890 5.791928
4.322470e+09 0.413272 5.329220 4.946833 5.774547
4.309372e+09 0.411622 5.310961 4.914984 5.757182
4.296273e+09 0.409974 5.292744 4.883353 5.739841
4.283175e+09 0.408330 5.274598 4.851984 5.722552
4.270076e+09 0.406690 5.256522 4.820873 5.705315
4.256978e+09 0.405054 5.238517 4.790018 5.688132
4.243880e+09 0.403421 5.220581 4.759416 5.671001
4.230781e+09 0.401793 5.202715 4.729066 5.653923
4.217683e+09 0.400168 5.184918 4.698964 5.636898
4.204584e+09 0.398547 5.167190 4.669109 5.619924
4.191486e+09 0.396929 5.149530 4.639498 5.603004
4.178388e+09 0.395312 5.131898 4.610067 5.586091
4.165289e+09 0.393697 5.114313 4.580842 5.569207
4.152191e+09 0.392086 5.096796 4.551857 5.552376
4.139092e+09 0.390478 5.079347 4.523108 5.535598
4.125994e+09 0.388874 5.061966 4.494594 5.518871
4.112896e+09 0.387274 5.044653 4.466312 5.502197
4.099797e+09 0.385678 5.027408 4.438261 5.485576
4.086699e+09 0.384085 5.010230 4.410437 5.469006
4.073600e+09 0.382496 4.993120 4.382839 5.452488
4.060502e+09 0.380911 4.976076 4.355465 5.436023
4.047404e+09 0.379325 4.959056 4.328250 5.419563
4.034305e+09 0.377742 4.942081 4.301225 5.403133
4.021207e+09 0.376162 4.925173 4.274420 5.386755
4.008108e+09 0.374586 4.908331 4.247831 5.370430
3.995010e+09 0.373014 4.891556 4.221457 5.354156
3.981912e+09 0.371445 4.874846 4.195296 5.337934
3.968813e+09 0.369879 4.858202 4.169346 5.321763
3.955715e+09 0.368318 4.841623 4.143605 5.305644
3.942617e+09 0.366759 4.825110 4.118071 5.289577
3.929518e+09 0.365205 4.808661 4.092741 5.273561
3.916420e+09 0.363650 4.792239 4.067562 5.257555
3.903321e+09 0.362098 4.775855 4.042548 5.241573
3.890223e+09 0.360548 4.759536 4.017736 5.225643
3.877125e+09 0.359002 4.743282 3.993122 5.209764
3.864026e+09 0.357460 4.727092 3.968706 5.193936
3.850928e+09 0.355921 4.710965 3.944484 5.178160
3.837829e+09 0.354386 4.694903 3.920456 5.162434
3.824731e+09 0.352854 4.678903 3.896620 5.146760
3.811633e+09 0.351326 4.662967 3.872973 5.131136
3.798534e+09 0.349801 4.647094 3.849515 5.115563
3.785436e+09 0.348277 4.631254 3.826203 5.100010
3.772337e+09 0.346753 4.615442 3.803030 5.084470
3.759239e+09 0.345233 4.599693 3.780041 5.068981
3.746141e+09 0.343717 4.584006 3.757235 5.053542
3.733042e+09 0.342204 4.568381 3.734609 5.038154
3.719944e+09 0.340694 4.552818 3.712163 5.022816
3.706845e+09 0.339187 4.537317 3.689894 5.007529
3.693747e+09 0.337684 4.521878 3.667800 4.992292
3.680649e+09 0.336185 4.506499 3.645881 4.977105
3.667550e+09 0.334688 4.491182 3.624134 4.961968
3.654452e+09 0.333194 4.475911 3.602540 4.946866
3.641353e+09 0.331699 4.460651 3.581051 4.931760
3.628255e+09 0.330207 4.445452 3.559732 4.916704
3.615157e+09 0.328719 4.430313 3.538580 4.901698
3.602058e+09 0.327234 4.415235 3.517594 4.886742
3.588960e+09 0.325752 4.400216 3.496772 4.871836
3.575861e+09 0.324274 4.385257 3.476113 4.856979
3.562763e+09 0.322798 4.370358 3.455616 4.842172
3.549665e+09 0.321326 4.355518 3.435278 4.827414
3.536566e+09 0.319858 4.340738 3.415099 4.812705
3.523468e+09 0.318392 4.326016 3.395077 4.798045
3.510370e+09 0.316925 4.311294 3.375138 4.783372
3.497271e+09 0.315461 4.296626 3.355348 4.768742
3.484173e+09 0.314000 4.282016 3.335711 4.754161
3.471074e+09 0.312542 4.267465 3.316227 4.739628
3.457976e+09 0.311087 4.252972 3.296894 4.725145
3.444878e+09 0.309635 4.238537 3.277710 4.710711
3.431779e+09 0.308187 4.224159 3.258675 4.696325
3.418681e+09 0.306742 4.209839 3.239787 4.681987
3.405582e+09 0.305300 4.195576 3.221044 4.667698
3.392484e+09 0.303861 4.181369 3.202446 4.653457
3.379386e+09 0.302423 4.167187 3.183951 4.639229
3.366287e+09 0.300984 4.153031 3.165562 4.625016
3.353189e+09 0.299549 4.138932 3.147314 4.610851
3.340090e+09 0.298118 4.124889 3.129207 4.596734
3.326992e+09 0.296689 4.110903 3.111239 4.582665
3.313894e+09 0.295263 4.096972 3.093408 4.568644
3.300795e+09 0.293841 4.083097 3.075714 4.554671
3.287697e+09 0.292422 4.069278 3.058154 4.540745
3.274598e+09 0.291005 4.055515 3.040729 4.526867
3.261500e+09 0.289592 4.041806 3.023437 4.513036
3.248402e+09 0.288182 4.028149 3.006272 4.499249
3.235303e+09 0.286769 4.014487 2.989169 4.485444
3.222205e+09 0.285360 4.000880 2.972195 4.471686
3.209106e+09 0.283953 3.987327 2.955351 4.457976
3.196008e+09 0.282550 3.973830 2.938635 4.444312
3.182910e+09 0.281149 3.960386 2.922045 4.430696
3.169811e+09 0.279752 3.946996 2.905581 4.417126
3.156713e+09 0.278358 3.933660 2.889242 4.403604
3.143615e+09 0.276966 3.920378 2.873026 4.390127
3.130516e+09 0.275578 3.907149 2.856932 4.376697
3.117418e+09 0.274193 3.893972 2.840959 4.363313
3.104319e+09 0.272808 3.880818 2.825071 4.349941
3.091221e+09 0.271423 3.867685 2.809267 4.336582
3.078123e+09 0.270040 3.854606 2.793583 4.323269
3.065024e+09 0.268661 3.841578 2.778017 4.310001
3.051926e+09 0.267285 3.828604 2.762567 4.296780
3.038827e+09 0.265912 3.815681 2.747233 4.288157
3.025729e+09 0.264542 3.802811 2.732014 4.281776
3.012631e+09 0.263175 3.789992 2.716908 4.275434
2.999532e+09 0.261810 3.777225 2.701915 4.269129
2.986434e+09 0.260449 3.764510 2.687033 4.262862
2.973335e+09 0.259091 3.751845 2.672262 4.256633
2.960237e+09 0.257730 3.739177 2.657542 4.250407
2.947139e+09 0.256371 3.726553 2.642924 4.244214
2.934040e+09 0.255016 3.713979 2.628414 4.238057
2.920942e+09 0.253663 3.701457 2.614012 4.231938
2.907843e+09 0.252313 3.688985 2.599717 4.225856
2.894745e+09 0.250966 3.676563 2.585527 4.219810
2.881647e+09 0.249622 3.664191 2.571442 4.213800
2.868548e+09 0.248281 3.651869 2.557461 4.207826
2.855450e+09 0.246943 3.639597 2.543583 4.201889
2.842351e+09 0.245608 3.627374 2.529807 4.195987
2.829253e+09 0.244274 3.615189 2.516121 4.190114
2.816155e+09 0.242938 3.603004 2.502483 4.184245
2.803056e+09 0.241605 3.590868 2.488945 4.178411
2.789958e+09 0.240275 3.578780 2.475507 4.172612
2.776859e+09 0.238948 3.566742 2.462167 4.166849
2.763761e+09 0.237624 3.554752 2.448924 4.161120
2.750663e+09 0.236302 3.542811 2.435779 4.155426
2.737564e+09 0.234984 3.530917 2.422729 4.149767
2.724466e+09 0.233668 3.519072 2.409775 4.144141
2.711368e+09 0.232355 3.507275 2.396914 4.138550
2.698269e+09 0.231044 3.495525 2.384147 4.132993
2.685171e+09 0.229734 3.483798 2.371448 4.127453
2.672072e+09 0.228423 3.472083 2.358805 4.121926
2.658974e+09 0.227115 3.460415 2.346254 4.116432
2.645876e+09 0.225810 3.448794 2.333794 4.110971
2.632777e+09 0.224507 3.437220 2.321424 4.105544
2.619679e+09 0.223208 3.425693 2.309144 4.100149
2.606580e+09 0.221911 3.414213 2.296952 4.094788
2.593482e+09 0.220616 3.402779 2.284848 4.089459
2.580384e+09 0.219325 3.391391 2.272831 4.084162
2.567285e+09 0.218036 3.380049 2.260900 4.078898
2.554187e+09 0.216750 3.368753 2.249055 4.073666
2.541088e+09 0.215463 3.357469 2.237263 4.068445
2.527990e+09 0.214176 3.346205 2.225529 4.063240
2.514892e+09 0.212892 3.334986 2.213880 4.058067
2.501793e+09 0.211611 3.323813 2.202314 4.052926
2.488695e+09 0.210332 3.312685 2.190831 4.047816
2.475596e+09 0.209056 3.301602 2.179430 4.042738
2.462498e+09 0.207782 3.290564 2.168110 4.037691
2.449400e+09 0.206512 3.279571 2.156871 4.032674
2.436301e+09 0.205244 3.268622 2.145711 4.027689
2.423203e+09 0.203978 3.257717 2.134631 4.022734
2.410104e+09 0.202716 3.246856 2.123630 4.017810
2.397006e+09 0.201451 3.236002 2.112670 4.012893
2.383908e+09 0.200188 3.225170 2.101769 4.007993
2.370809e+09 0.198927 3.214383 2.090945 4.003124
2.357711e+09 0.197668 3.203639 2.080197 3.998285
2.344612e+09 0.196412 3.192938 2.069526 3.993476
2.331514e+09 0.195159 3.182281 2.058929 3.988697
2.318416e+09 0.193909 3.171668 2.048408 3.983948
2.305317e+09 0.192661 3.161097 2.037960 3.979227
2.292219e+09 0.191416 3.150569 2.027586 3.974537
2.279121e+09 0.190173 3.140083 2.017284 3.969875
2.266022e+09 0.188933 3.129640 2.007055 3.965242
2.252924e+09 0.187691 3.119201 1.996863 3.960615
2.239825e+09 0.186450 3.108785 1.986723 3.956005
2.226727e+09 0.185211 3.098411 1.976655 3.951424
2.213629e+09 0.183975 3.088078 1.966657 3.946872
2.200530e+09 0.182741 3.077788 1.956729 3.942348
2.187432e+09 0.181510 3.067540 1.946870 3.937852
2.174333e+09 0.180282 3.057333 1.937080 3.933385
2.161235e+09 0.179056 3.047167 1.927358 3.928945
2.148137e+09 0.177833 3.037043 1.917703 3.924534
2.135038e+09 0.176612 3.026959 1.908116 3.920150
2.121940e+09 0.175394 3.016916 1.898594 3.915794
2.108841e+09 0.174174 3.006880 1.889109 3.911445
2.095743e+09 0.172955 2.996862 1.879668 3.907109
2.082645e+09 0.171737 2.986884 1.870293 3.902802
2.069546e+09 0.170523 2.976947 1.860982 3.898521
2.056448e+09 0.169311 2.967050 1.851736 3.894267
2.043349e+09 0.168101 2.957194 1.842554 3.890041
2.030251e+09 0.166894 2.947377 1.833435 3.885841
2.017153e+09 0.165690 2.937600 1.824378 3.881668
2.004054e+09 0.164487 2.927862 1.815384 3.877522
1.990956e+09 0.163288 2.918164 1.806451 3.873402
1.977857e+09 0.162091 2.908505 1.797579 3.869308
1.964759e+09 0.160893 2.898859 1.788745 3.865225
1.951661e+09 0.159694 2.889223 1.779946 3.861151
1.938562e+09 0.158498 2.879626 1.771207 3.857103
1.925464e+09 0.157304 2.870067 1.762528 3.853080
1.912365e+09 0.156113 2.860547 1.753908 3.849084
1.899267e+09 0.154924 2.851066 1.745347 3.845113
1.886169e+09 0.153738 2.841624 1.736844 3.841168
1.873070e+09 0.152554 2.832219 1.728398 3.837248
1.859972e+09 0.151372 2.822853 1.720010 3.833354
1.846874e+09 0.150193 2.813524 1.711679 3.829485
1.833775e+09 0.149016 2.804233 1.703404 3.825641
1.820677e+09 0.147840 2.794966 1.695172 3.821813
1.807578e+09 0.146662 2.785695 1.686962 3.817987
1.794480e+09 0.145486 2.776462 1.678808 3.814185
1.781382e+09 0.144312 2.767267 1.670709 3.810409
1.768283e+09 0.143141 2.758109 1.662665 3.806657
1.755185e+09 0.141972 2.748988 1.654674 3.802929
1.742086e+09 0.140806 2.739904 1.646738 3.799226
1.728988e+09 0.139642 2.730857 1.638854 3.795548
1.715890e+09 0.138480 2.721846 1.631024 3.791893
1.702791e+09 0.137321 2.712872 1.623245 3.788263
1.689693e+09 0.136164 2.703935 1.615519 3.784656
1.676594e+09 0.135009 2.695033 1.607844 3.781074
1.663496e+09 0.133851 2.686113 1.600177 3.777484
1.650398e+09 0.132694 2.677230 1.592560 3.773917
1.637299e+09 0.131540 2.668383 1.584995 3.770375
1.624201e+09 0.130388 2.659572 1.577480 3.766856
1.611102e+09 0.129239 2.650796 1.570015 3.763360
1.598004e+09 0.128092 2.642056 1.562600 3.759888
1.584906e+09 0.126947 2.633352 1.555233 3.756439
1.571807e+09 0.125805 2.624682 1.547916 3.753014
1.558709e+09 0.124665 2.616048 1.540647 3.749611
1.545610e+09 0.123527 2.607449 1.533426 3.746231
1.532512e+09 0.122391 2.598884 1.526252 3.742874
1.519414e+09 0.121254 2.590319 1.519098 3.739519
1.506315e+09 0.120116 2.581771 1.511977 3.736177
1.493217e+09 0.118981 2.573257 1.504903 3.732858
1.480118e+09 0.117848 2.564779 1.497876 3.729561
1.467020e+09 0.116718 2.556334 1.490895 3.726287
1.453922e+09 0.115589 2.547924 1.483959 3.723035
1.440823e+09 0.114463 2.539548 1.477070 3.719805
1.427725e+09 0.113340 2.531206 1.470225 3.716597
1.414627e+09 0.112218 2.522897 1.463425 3.713412
1.401528e+09 0.111099 2.514622 1.456669 3.710248
1.388430e+09 0.109982 2.506381 1.449958 3.707106
1.375331e+09 0.108865 2.498158 1.443279 3.703978
1.362233e+09 0.107746 2.489932 1.436615 3.700850
1.349135e+09 0.106629 2.481739 1.429994 3.697744
1.336036e+09 0.105515 2.473579 1.423416 3.694660
1.322938e+09 0.104402 2.465452 1.416882 3.691597
1.309839e+09 0.103292 2.457358 1.410389 3.688555
1.296741e+09 0.102184 2.449297 1.403939 3.685535
1.283643e+09 0.101078 2.441268 1.397530 3.682536
1.270544e+09 0.099975 2.433272 1.391163 3.679558
1.257446e+09 0.098874 2.425309 1.384837 3.676601
1.244347e+09 0.097775 2.417377 1.378552 3.673665
1.231249e+09 0.096678 2.409477 1.372307 3.670749
1.218151e+09 0.095578 2.401568 1.366071 3.667831
1.205052e+09 0.094478 2.393682 1.359869 3.664929
1.191954e+09 0.093381 2.385828 1.353706 3.662048
1.178855e+09 0.092287 2.378006 1.347583 3.659187
1.165757e+09 0.091194 2.370215 1.341500 3.656347
1.152659e+09 0.090104 2.362456 1.335455 3.653527
1.139560e+09 0.089016 2.354728 1.329449 3.650727
1.126462e+09 0.087930 2.347032 1.323482 3.647948
1.113363e+09 0.086846 2.339366 1.317552 3.645189
1.100265e+09 0.085764 2.331732 1.311660 3.642450
1.087167e+09 0.084684 2.324128 1.305806 3.639731
1.074068e+09 0.083605 2.316540 1.299978 3.637023
1.060970e+09 0.082523 2.308949 1.294162 3.634316
1.047872e+09 0.081443 2.301388 1.288383 3.631629
1.034773e+09 0.080366 2.293857 1.282641 3.628962
1.021675e+09 0.079290 2.286358 1.276935 3.626315
1.008576e+09 0.078217 2.278888 1.271265 3.623687
9.954779e+08 0.077146 2.271449 1.265632 3.621079
9.823795e+08 0.076076 2.264039 1.260033 3.618490
9.692811e+08 0.075009 2.256660 1.254471 3.615920
9.561827e+08 0.073945 2.249311 1.248943 3.613370
9.430844e+08 0.072882 2.241991 1.243450 3.610839
9.299860e+08 0.071821 2.234700 1.237991 3.608327
9.168876e+08 0.070758 2.227405 1.232542 3.605814
9.037892e+08 0.069695 2.220125 1.227118 3.603314
8.906908e+08 0.068634 2.212875 1.221728 3.600833
8.775924e+08 0.067575 2.205654 1.216371 3.598370
8.644940e+08 0.066518 2.198462 1.211048 3.595927
8.513956e+08 0.065463 2.191299 1.205759 3.593502
8.382972e+08 0.064410 2.184166 1.200502 3.591096
8.251988e+08 0.063360 2.177061 1.195279 3.588708
8.121004e+08 0.062311 2.169984 1.190088 3.586339
7.990020e+08 0.061265 2.162937 1.184929 3.583988
7.859036e+08 0.060220 2.155917 1.179802 3.581656
7.728052e+08 0.059177 2.148923 1.174705 3.579340
7.597068e+08 0.058130 2.141913 1.169609 3.577019
7.466084e+08 0.057085 2.134931 1.164545 3.574716
7.335101e+08 0.056042 2.127978 1.159512 3.572431
7.204117e+08 0.055001 2.121052 1.154510 3.570165
7.073133e+08 0.053963 2.114155 1.149539 3.567916
6.942149e+08 0.052926 2.107285 1.144599 3.565686
6.811165e+08 0.051891 2.100444 1.139690 3.563473
6.680181e+08 0.050858 2.093630 1.134811 3.561278
6.549197e+08 0.049828 2.086843 1.129962 3.559101
6.418213e+08 0.048799 2.080083 1.125142 3.556942
6.287229e+08 0.047773 2.073351 1.120353 3.554800
6.156245e+08 0.046745 2.066629 1.115581 3.552666
6.025261e+08 0.045716 2.059905 1.110818 3.550535
5.894277e+08 0.044689 2.053208 1.106085 3.548421
5.763293e+08 0.043663 2.046538 1.101381 3.546325
5.632309e+08 0.042640 2.039895 1.096706 3.544246
5.501325e+08 0.041619 2.033279 1.092059 3.542185
5.370341e+08 0.040599 2.026690 1.087441 3.540140
5.239358e+08 0.039582 2.020127 1.082851 3.538113
5.108374e+08 0.038567 2.013591 1.078289 3.536103
4.977390e+08 0.037553 2.007081 1.073755 3.534110
4.846406e+08 0.036542 2.000597 1.069248 3.532134
4.715422e+08 0.035533 1.994139 1.064769 3.530175
4.584438e+08 0.034521 1.987680 1.060298 3.528218
4.453454e+08 0.033509 1.981229 1.055844 3.526269
4.322470e+08 0.032498 1.974805 1.051416 3.524337
4.191486e+08 0.031490 1.968406 1.047015 3.522422
4.060502e+08 0.030484 1.962033 1.042640 3.520523
3.929518e+08 0.029480 1.955686 1.038292 3.518641
3.798534e+08 0.028477 1.949364 1.033971 3.516776
3.667550e+08 0.027477 1.943068 1.029675 3.514927
3.536566e+08 0.026478 1.936797 1.025406 3.513095
3.405582e+08 0.025482 1.930552 1.021162 3.511279
3.274598e+08 0.024487 1.924331 1.016943 3.509479
3.143615e+08 0.023494 1.918136 1.012750 3.507695
3.012631e+08 0.022498 1.911930 1.008559 3.505910
2.881647e+08 0.021502 1.905741 1.004388 3.504136
2.750663e+08 0.020509 1.899576 1.000241 3.502379
2.619679e+08 0.019517 1.893437 0.996120 3.500637
2.488695e+08 0.018527 1.887322 0.992023 3.498912
2.357711e+08 0.017539 1.881232 0.987951 3.497203
2.226727e+08 0.016553 1.875166 0.983903 3.495509
2.095743e+08 0.015569 1.869125 0.979879 3.493832
1.964759e+08 0.014587 1.863107 0.975879 3.492170
1.833775e+08 0.013607 1.857115 0.971903 3.490524
1.702791e+08 0.012628 1.851146 0.967950 3.488894
1.571807e+08 0.011652 1.845201 0.964021 3.487280
1.440823e+08 0.010671 1.839240 0.960090 3.485661
1.309839e+08 0.009692 1.833301 0.956180 3.484056
1.178855e+08 0.008714 1.827385 0.952294 3.482466
1.047872e+08 0.007738 1.821493 0.948430 3.480893
9.168876e+07 0.006764 1.815625 0.944590 3.479334
7.859036e+07 0.005792 1.809780 0.940772 3.477791
6.549197e+07 0.004822 1.803959 0.936977 3.476264
5.239358e+07 0.003854 1.798162 0.933204 3.474752
3.929518e+07 0.002888 1.792387 0.929453 3.473255
2.619679e+07 0.001923 1.786636 0.925724 3.471773
1.309839e+07 0.000961 1.780908 0.922017 3.470306
