1.309839e+10 9.000000 0.000000 0.000000 0.024989
1.308530e+10 8.847726 0.000000 0.000000 0.019504
1.307220e+10 8.701050 0.000000 0.000000 0.018615
1.305910e+10 8.559660 0.000000 0.000000 0.018118
1.304600e+10 8.423368 0.000000 0.000000 0.017783
1.303290e+10 8.291842 0.000000 0.000000 0.017534
1.301980e+10 8.164779 0.000000 0.000000 0.017341
1.300671e+10 8.041947 0.000000 0.000000 0.017186
1.299361e+10 7.923131 0.000000 0.000000 0.017058
1.298051e+10 7.808144 0.000000 0.000000 0.016952
1.296741e+10 7.696830 0.000000 0.000000 0.016862
1.295431e+10 7.588952 0.000000 0.000000 0.016785
1.294121e+10 7.484347 0.000000 0.000000 0.016719
1.292811e+10 7.382859 0.000000 0.000000 0.016662
1.291502e+10 7.284344 0.000000 0.000000 0.016613
1.290192e+10 7.188666 0.000000 0.000000 0.016570
1.288882e+10 7.095696 0.000000 0.000000 0.016533
1.287572e+10 7.005312 0.000000 0.000000 0.016502
1.286262e+10 6.917401 0.000000 0.000000 0.016475
1.284952e+10 6.831855 0.000000 0.000000 0.016451
1.283643e+10 6.748572 0.000000 0.000000 0.016432
1.282333e+10 6.667456 0.000000 0.000000 0.016415
1.281023e+10 6.588431 0.000000 0.000000 0.016402
1.279713e+10 6.511436 0.000000 0.000000 0.016391
1.278403e+10 6.436355 0.000000 0.000000 0.016383
1.277093e+10 6.363109 0.000000 0.000000 0.016377
1.275784e+10 6.291625 0.000000 0.000000 0.016373
1.274474e+10 6.221832 0.000000 0.000000 0.016371
1.273164e+10 6.153665 0.000000 0.000000 0.016370
1.271854e+10 6.087102 0.000000 0.000000 0.016371
1.270544e+10 6.022088 0.000000 0.000000 0.016374
1.269234e+10 5.958522 0.000000 0.000000 0.016378
1.267925e+10 5.896348 0.000000 0.000000 0.016384
1.266615e+10 5.835515 0.000000 0.000000 0.016391
1.265305e+10 5.776057 0.000000 0.000000 0.016399
1.263995e+10 5.717866 0.000000 0.000000 0.016408
1.262685e+10 5.660874 0.000000 0.000000 0.016418
1.261375e+10 5.605040 0.000000 0.000000 0.016430
1.260065e+10 5.550427 0.000000 0.000000 0.016442
1.258756e+10 5.496902 0.000000 0.000000 0.016455
1.257446e+10 5.444416 0.000000 0.000000 0.016469
1.256136e+10 5.392990 0.000000 0.000000 0.016484
1.254826e+10 5.342602 0.000000 0.000000 0.016499
1.253516e+10 5.293149 0.000000 0.000000 0.016516
1.252206e+10 5.244640 0.000000 0.000000 0.016533
1.250897e+10 5.197097 0.000000 0.000000 0.016551
1.249587e+10 5.150398 0.000000 0.000000 0.016569
1.248277e+10 5.104567 0.000000 0.000000 0.016588
1.246967e+10 5.059611 0.000000 0.000000 0.016608
1.245657e+10 5.015419 0.000000 0.000000 0.016628
1.244347e+10 4.972050 0.000000 0.000000 0.016649
1.243038e+10 4.929453 0.000000 0.000000 0.016671
1.241728e+10 4.887546 0.000000 0.000000 0.016693
1.240418e+10 4.846450 0.000000 0.000000 0.016715
1.239108e+10 4.806006 0.000000 0.000000 0.016738
1.237798e+10 4.766255 0.000000 0.000000 0.016762
1.236488e+10 4.727194 0.000000 0.000000 0.016786
1.235179e+10 4.688723 0.000000 0.000000 0.016810
1.233869e+10 4.650970 0.000000 0.000000 0.016835
1.232559e+10 4.613770 0.000000 0.000000 0.016861
1.231249e+10 4.577204 0.000000 0.000000 0.016887
1.229939e+10 4.541209 0.000000 0.000000 0.016913
1.228629e+10 4.505773 0.000000 0.000000 0.016939
1.227319e+10 4.470921 0.000000 0.000000 0.016967
1.226010e+10 4.436563 0.000000 0.000000 0.016994
1.224700e+10 4.402796 0.000000 0.000000 0.017022
1.223390e+10 4.369472 0.000000 0.000000 0.017050
1.222080e+10 4.336729 0.000000 0.000000 0.017079
1.220770e+10 4.304408 0.000000 0.000000 0.017108
1.219460e+10 4.272625 0.000000 0.000000 0.017137
1.218151e+10 4.241257 0.000000 0.000000 0.017167
1.216841e+10 4.210391 0.000000 0.000000 0.017197
1.215531e+10 4.179930 0.000000 0.000000 0.017227
1.214221e+10 4.149942 0.000000 0.000000 0.017257
1.212911e+10 4.120344 0.000000 0.000000 0.017288
1.211601e+10 4.091197 0.000000 0.000000 0.017320
1.210292e+10 4.062421 0.000000 0.000000 0.017351
1.208982e+10 4.034080 0.000000 0.000000 0.017383
1.207672e+10 4.006087 0.000000 0.000000 0.017415
1.206362e+10 3.978520 0.000000 0.000000 0.017448
1.205052e+10 3.951272 0.000000 0.000000 0.017481
1.203742e+10 3.924447 0.000000 0.000000 0.017514
1.202433e+10 3.897912 0.000000 0.000000 0.017547
1.201123e+10 3.871800 0.000000 0.000000 0.017581
1.199813e+10 3.845965 0.000000 0.000000 0.017615
1.198503e+10 3.820516 0.000000 0.000000 0.017649
1.197193e+10 3.795355 0.000000 0.000000 0.017683
1.195883e+10 3.770540 0.000000 0.000000 0.017718
1.194574e+10 3.746027 0.000000 0.000000 0.017753
1.193264e+10 3.721816 0.000000 0.000000 0.017788
1.191954e+10 3.697926 0.000000 0.000000 0.017824
1.190644e+10 3.674294 0.000000 0.000000 0.017860
1.189334e+10 3.651005 0.000000 0.000000 0.017896
1.188024e+10 3.627947 0.000000 0.000000 0.017932
1.186714e+10 3.605214 0.000000 0.000000 0.017969
1.185405e+10 3.582725 0.000000 0.000000 0.018006
1.184095e+10 3.560509 0.000000 0.000000 0.018043
1.182785e+10 3.538569 0.000000 0.000000 0.018080
1.181475e+10 3.516848 0.000000 0.000000 0.018117
1.180165e+10 3.495436 0.000000 0.000000 0.018155
1.178855e+10 3.474227 0.000000 0.000000 0.018193
1.177546e+10 3.453288 0.000000 0.000000 0.018232
1.176236e+10 3.432582 0.000000 0.000000 0.018270
1.174926e+10 3.412087 0.000000 0.000000 0.018309
1.173616e+10 3.391866 0.000000 0.000000 0.018348
1.172306e+10 3.371830 0.000000 0.000000 0.018387
1.170996e+10 3.352044 0.000000 0.000000 0.018426
1.169687e+10 3.332470 0.000000 0.000000 0.018466
1.168377e+10 3.313083 0.000000 0.000000 0.018506
1.167067e+10 3.293956 0.000000 0.000000 0.018546
1.165757e+10 3.274998 0.000000 0.000000 0.018586
1.164447e+10 3.256256 0.000000 0.000000 0.018627
1.163137e+10 3.237724 0.000000 0.000000 0.018668
1.161828e+10 3.219353 0.000000 0.000000 0.018709
1.160518e+10 3.201221 0.000000 0.000000 0.018750
1.159208e+10 3.183256 0.000000 0.000000 0.018791
1.157898e+10 3.165461 0.000000 0.000000 0.018833
1.156588e+10 3.147889 0.000000 0.000000 0.018875
1.155278e+10 3.130466 0.000000 0.000000 0.018917
1.153968e+10 3.113227 0.000000 0.000000 0.018959
1.152659e+10 3.096179 0.000000 0.000000 0.019002
1.151349e+10 3.079272 0.000000 0.000000 0.019045
1.150039e+10 3.062561 0.000000 0.000000 0.019088
1.148729e+10 3.046014 0.000000 0.000000 0.019131
1.147419e+10 3.029600 0.000000 0.000000 0.019174
1.146109e+10 3.013389 0.000000 0.000000 0.019218
1.144800e+10 2.997320 0.000000 0.000000 0.019262
1.143490e+10 2.981379 0.000000 0.000000 0.019306
1.142180e+10 2.965641 0.000000 0.000000 0.019350
1.140870e+10 2.950030 0.000000 0.000000 0.019395
1.139560e+10 2.934545 0.000000 0.000000 0.019439
1.138250e+10 2.919253 0.000000 0.000000 0.019522
1.136941e+10 2.904079 0.000000 0.000000 0.020987
1.135631e+10 2.889029 0.000000 0.000000 0.022546
1.134321e+10 2.874162 0.000000 0.000000 0.024202
1.133011e+10 2.859408 0.000000 0.000000 0.025962
1.131701e+10 2.844771 0.000000 0.000000 0.027829
1.130391e+10 2.830311 0.000000 0.000000 0.029810
1.129082e+10 2.815959 0.000000 0.000000 0.031909
1.127772e+10 2.801715 0.000000 0.000000 0.034132
1.126462e+10 2.787645 0.000000 0.000000 0.036485
1.125152e+10 2.773679 0.000000 0.000000 0.038974
1.123842e+10 2.759815 0.000000 0.000000 0.041605
1.122532e+10 2.746113 0.000000 0.000000 0.044385
1.121223e+10 2.732517 0.000000 0.000000 0.047319
1.119913e+10 2.719020 0.000000 0.000000 0.050415
1.118603e+10 2.705666 0.000000 0.000000 0.053679
1.117293e+10 2.692426 0.000000 0.000000 0.057118
1.115983e+10 2.679280 0.000000 0.000000 0.060741
1.114673e+10 2.666259 0.000000 0.000000 0.064554
1.113363e+10 2.653361 0.000000 0.000000 0.068566
1.112054e+10 2.640553 0.000000 0.000000 0.072783
1.110744e+10 2.627848 0.000000 0.000000 0.077215
1.109434e+10 2.615278 0.000000 0.000000 0.081870
1.108124e+10 2.602795 0.000000 0.000000 0.086756
1.106814e+10 2.590398 0.000000 0.000000 0.091882
1.105504e+10 2.578138 0.000000 0.000000 0.097258
1.104195e+10 2.565967 0.000000 0.000000 0.102892
1.102885e+10 2.553879 0.000000 0.000000 0.108795
1.101575e+10 2.541902 0.000000 0.000000 0.114975
1.100265e+10 2.530033 0.000000 0.000000 0.121444
1.098955e+10 2.518242 0.000000 0.000000 0.128211
1.097645e+10 2.506535 0.000000 0.000000 0.135286
1.096336e+10 2.494955 0.000000 0.000000 0.142682
1.095026e+10 2.483451 0.000000 0.000000 0.150408
1.093716e+10 2.472022 0.000000 0.000000 0.158476
1.092406e+10 2.460700 0.000000 0.000000 0.166898
1.091096e+10 2.449472 0.000000 0.000000 0.175684
1.089786e+10 2.438317 0.000000 0.000000 0.184849
1.088477e+10 2.427236 0.000000 0.000000 0.194403
1.087167e+10 2.416275 0.000000 0.000000 0.204360
1.085857e+10 2.405383 0.000000 0.000000 0.214732
1.084547e+10 2.394561 0.000000 0.000000 0.225532
1.083237e+10 2.383828 0.000000 0.000000 0.236775
1.081927e+10 2.373191 0.000000 0.000000 0.248473
1.080617e+10 2.362621 0.000000 0.000000 0.260641
1.079308e+10 2.352116 0.000000 0.000000 0.273293
1.077998e+10 2.341713 0.000000 0.000000 0.286444
1.076688e+10 2.331385 0.000000 0.000000 0.300108
1.075378e+10 2.321121 0.000000 0.000000 0.314301
1.074068e+10 2.310922 0.000000 0.000000 0.329039
1.072758e+10 2.300829 0.000000 0.000000 0.344337
1.071449e+10 2.290797 0.000000 0.000000 0.360211
1.070139e+10 2.280826 0.000000 0.000000 0.376679
1.068829e+10 2.270927 0.000000 0.000000 0.393755
1.067519e+10 2.261119 0.000000 0.000000 0.411459
1.066209e+10 2.251370 0.000000 0.000000 0.429806
1.064899e+10 2.241680 0.000000 0.000000 0.448816
1.063590e+10 2.232064 0.000000 0.000000 0.468505
1.062280e+10 2.222530 0.000000 0.000000 0.488893
1.060970e+10 2.213052 0.000000 0.000000 0.509997
1.059660e+10 2.203629 0.000000 0.000000 0.531838
1.058350e+10 2.194282 0.000000 0.000000 0.554434
1.057040e+10 2.185010 0.000000 0.000000 0.577806
1.055731e+10 2.175791 0.000000 0.000000 0.601973
1.054421e+10 2.166626 0.000000 0.000000 0.626955
1.053111e+10 2.157534 0.000000 0.000000 0.652775
1.051801e+10 2.148512 0.000000 0.000000 0.679452
1.050491e+10 2.139542 0.000000 0.000000 0.707008
1.049181e+10 2.130623 0.000000 0.000000 0.735466
1.047872e+10 2.121773 0.000000 0.000000 0.764847
1.046562e+10 2.112992 0.000000 0.000000 0.795175
1.045252e+10 2.104260 0.000000 0.000000 0.826471
1.043942e+10 2.095577 0.000000 0.000000 0.858760
1.042632e+10 2.086957 0.000000 0.000000 0.892066
1.041322e+10 2.078407 0.000000 0.000000 0.926411
1.040012e+10 2.069904 0.000000 0.000000 0.961822
1.038703e+10 2.061447 0.000000 0.000000 0.998322
1.037393e+10 2.053045 0.000000 0.000000 1.035938
1.036083e+10 2.044717 0.000000 0.000000 1.074694
1.034773e+10 2.036433 0.000000 0.000000 1.114617
1.033463e+10 2.028194 0.000000 0.000000 1.155734
1.032153e+10 2.020000 0.000000 0.000000 1.198072
1.030844e+10 2.011884 0.000000 0.000000 1.241657
1.029534e+10 2.003811 0.000000 0.000000 1.286517
1.028224e+10 1.995781 0.000000 0.000000 1.326072
1.026914e+10 1.987794 0.000000 0.000000 1.360179
1.025604e+10 1.979872 0.000000 0.000000 1.394413
1.024294e+10 1.972002 0.000000 0.000000 1.428750
1.022985e+10 1.964173 0.000000 0.000000 1.463168
1.021675e+10 1.956386 0.000000 0.000000 1.497655
1.020365e+10 1.948649 0.000000 0.000000 1.532218
1.019055e+10 1.940974 0.000000 0.000000 1.566868
1.017745e+10 1.933338 0.000000 0.000000 1.601556
1.016435e+10 1.925742 0.000000 0.000000 1.636269
1.015126e+10 1.918185 0.000000 0.000000 1.670997
1.013816e+10 1.910694 0.000000 0.000000 1.705781
1.012506e+10 1.903244 0.000000 0.000000 1.740565
1.011196e+10 1.895832 0.000000 0.000000 1.775331
1.009886e+10 1.888458 0.000000 0.000000 1.810068
1.008576e+10 1.881133 0.000000 0.000000 1.844789
1.007266e+10 1.873862 0.000000 0.000000 1.879499
1.005957e+10 1.866627 0.000000 0.000000 1.914149
1.004647e+10 1.859429 0.000000 0.000000 1.948730
1.003337e+10 1.852267 0.000000 0.000000 1.983231
1.002027e+10 1.845164 0.000000 0.000000 2.017696
1.000717e+10 1.838100 0.000000 0.000000 2.052076
9.994074e+09 1.831072 0.000000 0.000000 2.086349
9.980976e+09 1.824078 0.000000 0.000000 2.120506
9.967878e+09 1.817123 0.000000 0.000000 2.154549
9.954779e+09 1.810224 0.000000 0.000000 2.188516
9.941681e+09 1.803359 0.000000 0.000000 2.222343
9.928582e+09 1.796527 0.000000 0.000000 2.256022
9.915484e+09 1.789728 0.000000 0.000000 2.289543
9.902386e+09 1.782974 0.000000 0.000000 2.322932
9.889287e+09 1.776267 0.000000 0.000000 2.356189
9.876189e+09 1.769591 0.000000 0.000000 2.389269
9.863091e+09 1.762947 0.070434 0.000000 2.422164
9.849992e+09 1.756335 0.105233 0.000000 2.454866
9.836894e+09 1.749772 0.143760 0.000000 2.487420
9.823795e+09 1.743247 0.185554 0.000000 2.519795
9.810697e+09 1.736752 0.230224 0.000000 2.551961
9.797599e+09 1.730289 0.277438 0.000000 2.583911
9.784500e+09 1.723856 0.326908 0.000000 2.615639
9.771402e+09 1.717472 0.378389 0.000000 2.647203
9.758303e+09 1.711122 0.431653 0.000000 2.678551
9.745205e+09 1.704802 0.486494 0.000000 2.709663
9.732107e+09 1.698511 0.542730 0.000000 2.740534
9.719008e+09 1.692249 0.600195 0.000000 2.771158
9.705910e+09 1.686036 0.658755 0.000000 2.801602
9.692811e+09 1.679854 0.718261 0.000000 2.831803
9.679713e+09 1.673700 0.778582 0.000000 2.861746
9.666615e+09 1.667575 0.839603 0.000000 2.891427
9.653516e+09 1.661477 0.901213 0.000000 2.920843
9.640418e+09 1.655426 0.963338 0.000000 2.950061
9.627319e+09 1.649405 1.025869 0.073107 2.979017
9.614221e+09 1.643411 1.088716 0.077927 3.007699
9.601123e+09 1.637444 1.151798 0.083077 3.036104
9.588024e+09 1.631504 1.215042 0.088582 3.064228
9.574926e+09 1.625607 1.278407 0.094454 3.092133
9.561827e+09 1.619740 1.341811 0.100730 3.119770
9.548729e+09 1.613899 1.405189 0.107446 3.150615
9.535631e+09 1.608084 1.468484 0.114636 3.229959
9.522532e+09 1.602295 1.531644 0.122337 3.308079
9.509434e+09 1.596544 1.594647 0.130575 3.385042
9.496335e+09 1.590825 1.657442 0.139397 3.460763
9.483237e+09 1.585132 1.719971 0.148861 3.535132
9.470139e+09 1.579463 1.782195 0.159017 3.608108
9.457040e+09 1.573819 1.844077 0.169923 3.679657
9.443942e+09 1.568207 1.905603 0.181629 3.749828
9.430844e+09 1.562630 1.966756 0.194194 3.818644
9.417745e+09 1.557078 2.027476 0.207708 3.885965
9.404647e+09 1.551549 2.087738 0.222253 3.951771
9.391548e+09 1.546045 2.147516 0.237916 4.016045
9.378450e+09 1.540565 2.206790 0.254791 4.078788
9.365352e+09 1.535125 2.265587 0.272947 4.140169
9.352253e+09 1.529709 2.323839 0.292531 4.199996
9.339155e+09 1.524315 2.381528 0.313670 4.258263
9.326056e+09 1.518944 2.438637 0.336501 4.314968
9.312958e+09 1.513596 2.495149 0.361173 4.370109
9.299860e+09 1.508282 2.551093 0.387812 4.423829
9.286761e+09 1.502996 2.606435 0.416609 4.476065
9.273663e+09 1.497732 2.661146 0.447777 4.526756
9.260564e+09 1.492490 2.715216 0.481527 4.575907
9.247466e+09 1.487270 2.768633 0.518090 4.623529
9.234368e+09 1.482075 2.821402 0.557704 4.669672
9.221269e+09 1.476914 2.873554 0.600589 4.714475
9.208171e+09 1.471775 2.925035 0.647101 4.757788
9.195072e+09 1.466656 2.975837 0.697560 4.799625
9.181974e+09 1.461559 3.025955 0.752319 4.840001
9.168876e+09 1.456483 3.075384 0.811756 4.878931
9.155777e+09 1.451438 3.124165 0.876209 4.916566
9.142679e+09 1.446418 3.172275 0.946140 4.952865
9.129580e+09 1.441419 3.219689 1.022061 4.987777
9.116482e+09 1.436441 3.266406 1.104482 5.021320
9.103384e+09 1.431482 3.312423 1.193953 5.053512
9.090285e+09 1.426544 3.357740 1.291060 5.084377
9.077187e+09 1.421640 3.402425 1.396274 5.114131
9.064088e+09 1.416755 3.446412 1.510393 5.142600
9.050990e+09 1.411891 3.489700 1.634127 5.169806
9.037892e+09 1.407045 3.532290 1.768225 5.195769
9.024793e+09 1.402220 3.574183 1.874986 5.220512
9.011695e+09 1.397417 3.615402 1.911965 5.244113
8.998597e+09 1.392643 3.655978 1.964600 5.266674
8.985498e+09 1.387888 3.695866 2.018070 5.288084
8.972400e+09 1.383152 3.735066 2.072338 5.308364
8.959301e+09 1.378435 3.773583 2.127378 5.327537
8.946203e+09 1.373736 3.811418 2.183164 5.345623
8.933105e+09 1.369062 3.848611 2.239664 5.362739
8.920006e+09 1.364413 3.885167 2.296854 5.378908
8.906908e+09 1.359782 3.921055 2.354724 5.394060
8.893809e+09 1.355169 3.956277 2.413252 5.408217
8.880711e+09 1.350574 3.990838 2.472416 5.421400
8.867613e+09 1.345997 4.024742 2.532194 5.433631
8.854514e+09 1.341445 4.058038 2.592552 5.445040
8.841416e+09 1.336915 4.090715 2.653474 5.455609
8.828317e+09 1.332403 4.122751 2.714943 5.465292
8.815219e+09 1.327908 4.154150 2.776938 5.474109
8.802121e+09 1.323430 4.184917 2.839436 5.482081
8.789022e+09 1.318970 4.215057 2.902414 5.489227
8.775924e+09 1.314534 4.244621 2.965838 5.495677
8.762825e+09 1.310118 4.273596 3.029691 5.501402
8.749727e+09 1.305720 4.301962 3.093955 5.506363
8.736629e+09 1.301338 4.329723 3.158607 5.510579
8.723530e+09 1.296973 4.356885 3.223625 5.514069
8.710432e+09 1.292625 4.383453 3.288985 5.516851
8.697333e+09 1.288299 4.409476 3.354654 5.519039
8.684235e+09 1.283994 4.434947 3.420613 5.520619
8.671137e+09 1.279704 4.459842 3.486845 5.521548
8.658038e+09 1.275431 4.484169 3.553327 5.521842
8.644940e+09 1.271174 4.507931 3.620035 5.521520
8.631841e+09 1.266933 4.531135 3.686946 5.520597
8.618743e+09 1.262712 4.553820 3.754033 5.519158
8.605645e+09 1.258512 4.575996 3.821271 5.517230
8.592546e+09 1.254328 4.597633 3.888646 5.514752
8.579448e+09 1.250159 4.618736 3.956135 5.511739
8.566350e+09 1.246006 4.639312 4.023716 5.508207
8.553251e+09 1.241868 4.659366 4.091367 5.504171
8.540153e+09 1.237747 4.678921 4.159064 5.499677
8.527054e+09 1.233648 4.698017 4.226781 5.494810
8.513956e+09 1.229565 4.716610 4.294505 5.489484
8.500858e+09 1.225496 4.734705 4.362215 5.483710
8.487759e+09 1.221442 4.752310 4.429890 5.477504
8.474661e+09 1.217403 4.769428 4.445000 5.470879
8.461562e+09 1.213378 4.786067 4.450503 5.509374
8.448464e+09 1.209376 4.802292 4.455851 5.557495
8.435366e+09 1.205390 4.818055 4.460994 5.604450
8.422267e+09 1.201417 4.833355 4.465932 5.650245
8.409169e+09 1.197459 4.848200 4.470666 5.694889
8.396070e+09 1.193515 4.862595 4.475199 5.738394
8.382972e+09 1.189585 4.876545 4.479531 5.780771
8.369874e+09 1.185673 4.890089 4.483694 5.822085
8.356775e+09 1.181779 4.903229 4.487688 5.862343
8.343677e+09 1.177899 4.915943 4.491488 5.901511
8.330578e+09 1.174033 4.928234 4.495096 5.939603
8.317480e+09 1.170180 4.940110 4.498514 5.976630
8.304382e+09 1.166341 4.951575 4.501744 6.012606
8.291283e+09 1.162516 4.962639 4.504791 6.047548
8.278185e+09 1.158712 4.973358 4.507703 6.081557
8.265086e+09 1.154921 4.983684 4.510433 6.114556
8.251988e+09 1.151143 4.993622 4.512983 6.146559
8.238890e+09 1.147378 5.003176 4.515355 6.177578
8.225791e+09 1.143627 5.012352 4.517550 6.207628
8.212693e+09 1.139888 5.021156 4.519571 6.236722
8.199594e+09 1.136166 5.029619 4.521443 6.264917
8.186496e+09 1.132460 5.037748 4.523170 6.292233
8.173398e+09 1.128768 5.045521 4.524728 6.317137
8.160299e+09 1.125088 5.052942 4.526119 6.338215
8.147201e+09 1.121420 5.060016 4.527346 6.358465
8.134103e+09 1.117766 5.066747 4.528409 6.377904
8.121004e+09 1.114123 5.073142 4.529311 6.396551
8.107906e+09 1.110499 5.079247 4.530091 6.414499
8.094807e+09 1.106888 5.085035 4.530722 6.431706
8.081709e+09 1.103289 5.090500 4.531197 6.448169
8.068611e+09 1.099703 5.095647 4.531518 6.469609
8.055512e+09 1.096129 5.100481 4.531687 6.478928
8.042414e+09 1.092567 5.105007 4.531706 6.493255
8.029315e+09 1.089017 5.109232 4.531579 6.506905
8.016217e+09 1.085485 5.113203 4.531345 6.519966
8.003119e+09 1.081965 5.116880 4.530965 6.532374
7.990020e+09 1.078456 5.120266 4.530443 6.544141
7.976922e+09 1.074960 5.123367 4.529779 6.555282
7.963823e+09 1.071475 5.126186 4.528975 6.565809
7.950725e+09 1.068002 5.128728 4.528032 6.575736
7.937627e+09 1.064542 5.131007 4.526963 6.585094
7.924528e+09 1.061097 5.133052 4.525789 6.593938
7.911430e+09 1.057664 5.134833 4.524481 6.602219
7.898331e+09 1.054242 5.136353 4.523042 6.609949
7.885233e+09 1.050831 5.137617 4.521474 6.617141
7.872135e+09 1.047432 5.138629 4.519777 6.623806
7.859036e+09 1.044044 5.139392 4.517954 6.629955
7.845938e+09 1.040669 5.139924 4.516017 6.635622
7.832839e+09 1.037308 5.140243 4.513981 6.640845
7.819741e+09 1.033958 5.140326 4.511824 6.645586
7.806643e+09 1.030619 5.140177 4.509547 6.649855
7.793544e+09 1.027292 5.139798 4.507151 6.653662
7.780446e+09 1.023975 5.139193 4.504638 6.657018
7.767348e+09 1.020668 5.138367 4.502009 6.659933
7.754249e+09 1.017374 5.137334 4.499277 6.662435
7.741151e+09 1.014094 5.136113 4.496454 6.664561
7.728052e+09 1.010824 5.134681 4.493521 6.666274
7.714954e+09 1.007565 5.133041 4.490479 6.667584
7.701856e+09 1.004316 5.131197 4.487328 6.668500
7.688757e+09 1.001078 5.129153 4.484071 6.669030
7.675659e+09 0.997850 5.126911 4.480709 6.669184
7.662560e+09 0.994634 5.124481 4.477250 6.668981
7.649462e+09 0.991431 5.121888 4.473711 6.668465
7.636364e+09 0.988238 5.119108 4.470071 6.667597
7.623265e+09 0.985055 5.116143 4.466333 6.666386
7.610167e+09 0.981883 5.112998 4.462496 6.664839
7.597068e+09 0.978720 5.109674 4.458564 6.662965
7.583970e+09 0.975568 5.106175 4.454536 6.660771
7.570872e+09 0.972426 5.102504 4.450414 6.658265
7.557773e+09 0.969296 5.098694 4.446225 6.655502
7.544675e+09 0.966177 5.094718 4.441946 6.652442
7.531576e+09 0.963068 5.090580 4.437576 6.649091
7.518478e+09 0.959969 5.086281 4.433118 6.645456
7.505380e+09 0.956879 5.081824 4.428573 6.641543
7.492281e+09 0.953799 5.077213 4.423943 6.637359
7.479183e+09 0.950729 5.072451 4.419227 6.632911
7.466084e+09 0.947670 5.067557 4.414445 6.628236
7.452986e+09 0.944622 5.062525 4.409586 6.623321
7.439888e+09 0.941584 5.057349 4.404647 6.618160
7.426789e+09 0.938554 5.052033 4.391214 6.612760
7.413691e+09 0.935535 5.046577 4.376314 6.607126
7.400592e+09 0.932524 5.040986 4.361448 6.601264
7.387494e+09 0.929523 5.035262 4.346618 6.595179
7.374396e+09 0.926532 5.029413 4.331832 6.588889
7.361297e+09 0.923552 5.023452 4.317100 6.582412
7.348199e+09 0.920582 5.017364 4.302407 6.575729
7.335101e+09 0.917620 5.011152 4.287754 6.568844
7.322002e+09 0.914668 5.004819 4.273141 6.561764
7.308904e+09 0.911724 4.998368 4.258570 6.554493
7.295805e+09 0.908790 4.991799 4.244041 6.547035
7.282707e+09 0.905864 4.985116 4.229556 6.539396
7.269609e+09 0.902950 4.978337 4.215133 6.531606
7.256510e+09 0.900044 4.971450 4.200758 6.523648
7.243412e+09 0.897147 4.964456 4.186428 6.495619
7.230313e+09 0.894260 4.957356 4.172146 6.467186
7.217215e+09 0.891381 4.950152 4.157911 6.438671
7.204117e+09 0.888510 4.942847 4.143725 6.410083
7.191018e+09 0.885649 4.935442 4.129587 6.381434
7.177920e+09 0.882796 4.927944 4.115504 6.352742
7.164821e+09 0.879953 4.920361 4.101482 6.324028
7.151723e+09 0.877119 4.912685 4.087511 6.295278
7.138625e+09 0.874294 4.904917 4.073592 6.266497
7.125526e+09 0.871476 4.897059 4.059724 6.237694
7.112428e+09 0.868668 4.889114 4.045909 6.208875
7.099329e+09 0.865867 4.881083 4.032147 6.180046
7.086231e+09 0.863076 4.872967 4.018438 6.151213
7.073133e+09 0.860293 4.864777 4.004791 6.122399
7.060034e+09 0.857519 4.856510 3.991202 6.093602
7.046936e+09 0.854753 4.848164 3.977668 6.064818
7.033837e+09 0.851996 4.839742 3.964189 6.036052
7.020739e+09 0.849246 4.831244 3.950766 6.007310
7.007641e+09 0.846505 4.822672 3.937398 5.978596
6.994542e+09 0.843772 4.814029 3.924086 5.949915
6.981444e+09 0.841047 4.805315 3.910831 5.921271
6.968345e+09 0.838331 4.796539 3.897640 5.892683
6.955247e+09 0.835623 4.787698 3.884506 5.864143
6.942149e+09 0.832923 4.778790 3.871430 5.835651
6.929050e+09 0.830230 4.769819 3.858411 5.809444
6.915952e+09 0.827546 4.760784 3.845450 5.800484
6.902854e+09 0.824870 4.751689 3.832546 5.791435
6.889755e+09 0.822201 4.742535 3.819701 5.782298
6.876657e+09 0.819540 4.733322 3.806914 5.773078
6.863558e+09 0.816888 4.724057 3.794190 5.763780
6.850460e+09 0.814243 4.714737 3.781524 5.754403
6.837362e+09 0.811606 4.705363 3.768917 5.744948
6.824263e+09 0.808976 4.695937 3.756368 5.735417
6.811165e+09 0.806354 4.686459 3.743879 5.725813
6.798066e+09 0.803740 4.676932 3.731448 5.716139
6.784968e+09 0.801133 4.667356 3.719076 5.706395
6.771870e+09 0.798534 4.657733 3.706764 5.696585
6.758771e+09 0.795942 4.648065 3.694512 5.686711
6.745673e+09 0.793358 4.638352 3.682318 5.676774
6.732574e+09 0.790782 4.628596 3.670185 5.666777
6.719476e+09 0.788212 4.618798 3.658110 5.656720
6.706378e+09 0.785650 4.608959 3.646095 5.646607
6.693279e+09 0.783096 4.599080 3.634138 5.636438
6.680181e+09 0.780548 4.589162 3.622241 5.626216
6.667082e+09 0.778008 4.579207 3.610403 5.615943
6.653984e+09 0.775475 4.569213 3.598623 5.605617
6.640886e+09 0.772950 4.559184 3.586902 5.595244
6.627787e+09 0.770431 4.549121 3.575240 5.584824
6.614689e+09 0.767919 4.539025 3.563637 5.574360
6.601590e+09 0.765415 4.528897 3.552093 5.563852
6.588492e+09 0.762918 4.518738 3.540608 5.553303
6.575394e+09 0.760428 4.508548 3.529182 5.542714
6.562295e+09 0.757944 4.498330 3.517815 5.532087
6.549197e+09 0.755468 4.488079 3.506502 5.521418
6.536098e+09 0.752998 4.477801 3.495247 5.510712
6.523000e+09 0.750535 4.467498 3.484051 5.499973
6.509902e+09 0.748079 4.457169 3.472914 5.489202
6.496803e+09 0.745630 4.446816 3.461835 5.478400
6.483705e+09 0.743188 4.436439 3.450814 5.467567
6.470607e+09 0.740753 4.426041 3.439850 5.456707
6.457508e+09 0.738324 4.415621 3.428945 5.445819
6.444410e+09 0.735902 4.405175 3.418093 5.434899
6.431311e+09 0.733486 4.394707 3.407296 5.423952
6.418213e+09 0.731076 4.384221 3.396557 5.412982
6.405115e+09 0.728674 4.373717 3.385876 5.401990
6.392016e+09 0.726278 4.363195 3.375252 5.390978
6.378918e+09 0.723889 4.352658 3.364684 5.379945
6.365819e+09 0.721506 4.342105 3.354174 5.368894
6.352721e+09 0.719130 4.331537 3.343720 5.357826
6.339623e+09 0.716760 4.320950 3.333319 5.346736
6.326524e+09 0.714396 4.310345 3.322969 5.335624
6.313426e+09 0.712039 4.299728 3.312676 5.324498
6.300327e+09 0.709688 4.289099 3.302439 5.313360
6.287229e+09 0.707343 4.278459 3.292258 5.302209
6.274131e+09 0.705005 4.267809 3.282132 5.291047
6.261032e+09 0.702673 4.257150 3.272062 5.279875
6.247934e+09 0.700347 4.246481 3.262047 5.268694
6.234835e+09 0.698028 4.235804 3.252086 5.252711
6.221737e+09 0.695714 4.225108 3.242170 5.235886
6.208639e+09 0.693406 4.214404 3.232310 5.219082
6.195540e+09 0.691104 4.203695 3.222503 5.202301
6.182442e+09 0.688809 4.192981 3.212752 5.185543
6.169343e+09 0.686519 4.182261 3.203054 5.168810
6.156245e+09 0.684236 4.171538 3.193410 5.152104
6.143147e+09 0.681960 4.160810 3.183819 5.135425
6.130048e+09 0.679689 4.150080 3.174283 5.118775
6.116950e+09 0.677423 4.139338 3.164792 5.102141
6.103851e+09 0.675163 4.128589 3.155349 5.085529
6.090753e+09 0.672909 4.117839 3.145959 5.068949
6.077655e+09 0.670661 4.107087 3.136622 5.052402
6.064556e+09 0.668419 4.096336 3.127338 5.035889
6.051458e+09 0.666183 4.085585 3.118105 5.019409
6.038360e+09 0.663953 4.074836 3.108925 5.002965
6.025261e+09 0.661729 4.064087 3.099796 4.986557
6.012163e+09 0.659510 4.053340 3.090718 4.970185
5.999064e+09 0.657296 4.042579 3.081679 4.953828
5.985966e+09 0.655088 4.031822 3.072691 4.937508
5.972868e+09 0.652885 4.021067 3.063753 4.921228
5.959769e+09 0.650689 4.010317 3.054866 4.904988
5.946671e+09 0.648498 3.999572 3.046030 4.888788
5.933572e+09 0.646313 3.988831 3.037244 4.872629
5.920474e+09 0.644134 3.978095 3.028508 4.856512
5.907376e+09 0.641961 3.967366 3.019821 4.840437
5.894277e+09 0.639792 3.956636 3.011178 4.824395
5.881179e+09 0.637628 3.945900 3.002576 4.808380
5.868080e+09 0.635469 3.935172 2.994023 4.792409
5.854982e+09 0.633317 3.924452 2.985518 4.776483
5.841884e+09 0.631169 3.913739 2.977062 4.760601
5.828785e+09 0.629028 3.903035 2.968655 4.744765
5.815687e+09 0.626892 3.892340 2.960295 4.728975
5.802588e+09 0.624762 3.881654 2.951984 4.713232
5.789490e+09 0.622637 3.870978 2.943720 4.697535
5.776392e+09 0.620516 3.860299 2.935494 4.681868
5.763293e+09 0.618400 3.849622 2.927309 4.666237
5.750195e+09 0.616289 3.838956 2.919171 4.650655
5.737096e+09 0.614184 3.828301 2.911080 4.635120
5.723998e+09 0.612084 3.817658 2.903035 4.619635
5.710900e+09 0.609990 3.807026 2.895037 4.604199
5.697801e+09 0.607901 3.796407 2.887085 4.588812
5.684703e+09 0.605818 3.785800 2.879178 4.573476
5.671604e+09 0.603740 3.775206 2.871317 4.558189
5.658506e+09 0.601665 3.764608 2.863489 4.542928
5.645408e+09 0.599595 3.754018 2.855702 4.527712
5.632309e+09 0.597531 3.743441 2.847961 4.512546
5.619211e+09 0.595471 3.732879 2.840264 4.497432
5.606113e+09 0.593417 3.722332 2.832611 4.482369
5.593014e+09 0.591369 3.711799 2.825002 4.467357
5.579916e+09 0.589325 3.701281 2.817438 4.452397
5.566817e+09 0.587287 3.690778 2.809917 4.437490
5.553719e+09 0.585254 3.680290 2.802440 4.422634
5.540621e+09 0.583223 3.669799 2.794992 4.407804
5.527522e+09 0.581198 3.659320 2.787584 4.393021
5.514424e+09 0.579177 3.648857 2.780219 4.378291
5.501325e+09 0.577162 3.638410 2.772897 4.363614
5.488227e+09 0.575152 3.627981 2.765617 4.348990
5.475129e+09 0.573147 3.617568 2.758380 4.334419
5.462030e+09 0.571147 3.607173 2.751184 4.319902
5.448932e+09 0.569152 3.596796 2.744031 4.305438
5.435833e+09 0.567162 3.586436 2.736918 4.291027
5.422735e+09 0.565175 3.576074 2.729833 4.276643
5.409637e+09 0.563192 3.565725 2.722786 4.262306
5.396538e+09 0.561214 3.555395 2.715779 4.248023
5.383440e+09 0.559241 3.545083 2.708813 4.233794
5.370341e+09 0.557273 3.534791 2.701888 4.219618
5.357243e+09 0.555310 3.524517 2.695003 4.205497
5.344145e+09 0.553352 3.514263 2.688158 4.191430
5.331046e+09 0.551399 3.504028 2.681353 4.177417
5.317948e+09 0.549450 3.493813 2.674587 4.163458
5.304849e+09 0.547505 3.483600 2.667848 4.149530
5.291751e+09 0.545563 3.473399 2.661143 4.135645
5.278653e+09 0.543626 3.463217 2.654477 4.121814
5.265554e+09 0.541694 3.453057 2.647849 4.108037
5.252456e+09 0.539766 3.442916 2.641260 4.094315
5.239358e+09 0.537844 3.432797 2.634710 4.080647
5.226259e+09 0.535926 3.422699 2.628198 4.067033
5.213161e+09 0.534013 3.412622 2.621724 4.053474
5.200062e+09 0.532105 3.402566 2.615287 4.039968
5.186964e+09 0.530200 3.392519 2.608879 4.026501
5.173866e+09 0.528297 3.382478 2.602499 4.013068
5.160767e+09 0.526400 3.372459 2.596155 3.999690
5.147669e+09 0.524507 3.362462 2.589849 3.986366
5.134570e+09 0.522618 3.352487 2.583580 3.973096
5.121472e+09 0.520735 3.342535 2.577347 3.959880
5.108374e+09 0.518856 3.332605 2.571150 3.946719
5.095275e+09 0.516981 3.322697 2.564990 3.933611
5.082177e+09 0.515112 3.312812 2.558866 3.920557
5.069078e+09 0.513246 3.302944 2.552774 3.907551
5.055980e+09 0.511382 3.293076 2.546701 3.894568
5.042882e+09 0.509522 3.283230 2.540665 3.881640
5.029783e+09 0.507667 3.273408 2.534663 3.868765
5.016685e+09 0.505816 3.263609 2.528697 3.855943
5.003586e+09 0.503970 3.253833 2.522765 3.843176
4.990488e+09 0.502129 3.244081 2.516868 3.830462
4.977390e+09 0.500291 3.234352 2.511006 3.817801
4.964291e+09 0.498459 3.224647 2.505177 3.795732
4.951193e+09 0.496631 3.214966 2.499383 3.772036
4.938094e+09 0.494804 3.205285 2.493607 3.748458
4.924996e+09 0.492981 3.195621 2.487861 3.725035
4.911898e+09 0.491162 3.185982 2.482148 3.701779
4.898799e+09 0.489348 3.176367 2.476469 3.678690
4.885701e+09 0.487538 3.166776 2.470823 3.655766
4.872602e+09 0.485732 3.157210 2.465210 3.633006
4.859504e+09 0.483931 3.147668 2.459630 3.610411
4.846406e+09 0.482134 3.138150 2.454083 3.587978
4.833307e+09 0.480342 3.128657 2.448567 3.565708
4.820209e+09 0.478552 3.119179 2.443078 3.543579
4.807111e+09 0.476764 3.109704 2.437608 3.521570
4.794012e+09 0.474980 3.100254 2.432169 3.499721
4.780914e+09 0.473201 3.090830 2.426762 3.478030
4.767815e+09 0.471426 3.081430 2.421387 3.456499
4.754717e+09 0.469655 3.072055 2.416044 3.435124
4.741619e+09 0.467888 3.062705 2.410731 3.413905
4.728520e+09 0.466126 3.053381 2.405450 3.392842
4.715422e+09 0.464368 3.044081 2.400199 3.371932
4.702323e+09 0.462614 3.034807 2.394979 3.351176
4.689225e+09 0.460861 3.025534 2.389775 3.330527
4.676127e+09 0.459111 3.016279 2.384596 3.310016
4.663028e+09 0.457365 3.007049 2.379448 3.289655
4.649930e+09 0.455624 2.997845 2.374330 3.269444
4.636831e+09 0.453886 2.988666 2.369241 3.249383
4.623733e+09 0.452153 2.979513 2.364183 3.229469
4.610635e+09 0.450424 2.970386 2.354716 3.209702
4.597536e+09 0.448699 2.961284 2.347339 3.190080
4.584438e+09 0.446978 2.952207 2.341768 3.170604
4.571339e+09 0.445261 2.943153 2.336217 3.151265
4.558241e+09 0.443544 2.934096 2.330669 3.132017
4.545143e+09 0.441830 2.925065 2.325142 3.112912
4.532044e+09 0.440121 2.916060 2.319637 3.093949
4.518946e+09 0.438416 2.907080 2.314152 3.075125
4.505847e+09 0.436715 2.898127 2.308688 3.056442
4.492749e+09 0.435018 2.889199 2.303244 3.037897
4.479651e+09 0.433325 2.880298 2.297821 3.019489
4.466552e+09 0.431636 2.871422 2.292417 3.001218
4.453454e+09 0.429951 2.862572 2.287034 2.983082
4.440355e+09 0.428268 2.853736 2.281663 2.965060
4.427257e+09 0.426586 2.844905 2.276299 2.947136
4.414159e+09 0.424908 2.836101 2.270955 2.929345
4.401060e+09 0.423234 2.827323 2.265630 2.911686
4.387962e+09 0.421564 2.818570 2.260325 2.894159
4.374864e+09 0.419898 2.809844 2.255040 2.876762
4.361765e+09 0.418235 2.801144 2.249773 2.859494
4.348667e+09 0.416577 2.792471 2.244526 2.842354
4.335568e+09 0.414922 2.783823 2.239299 2.825342
4.322470e+09 0.413272 2.775201 2.234090 2.808457
4.309372e+09 0.411622 2.766587 2.228889 2.791665
4.296273e+09 0.409974 2.757985 2.223697 2.774975
4.283175e+09 0.408330 2.749408 2.218524 2.758408
4.270076e+09 0.406690 2.740858 2.213370 2.741965
4.256978e+09 0.405054 2.732335 2.208235 2.732335
4.243880e+09 0.403421 2.723837 2.203119 2.723837
4.230781e+09 0.401793 2.715366 2.198021 2.715366
4.217683e+09 0.400168 2.706920 2.192942 2.706920
4.204584e+09 0.398547 2.698501 2.187881 2.698501
4.191486e+09 0.396929 2.690108 2.182838 2.690108
4.178388e+09 0.395312 2.681719 2.177800 2.681719
4.165289e+09 0.393697 2.673345 2.172773 2.673345
4.152191e+09 0.392086 2.664997 2.167764 2.664997
4.139092e+09 0.390478 2.656676 2.162773 2.656676
4.125994e+09 0.388874 2.648380 2.157800 2.648380
4.112896e+09 0.387274 2.640111 2.152846 2.640111
4.099797e+09 0.385678 2.631868 2.147909 2.631868
4.086699e+09 0.384085 2.623650 2.142990 2.623650
4.073600e+09 0.382496 2.615459 2.138089 2.615459
4.060502e+09 0.380911 2.607294 2.133206 2.607294
4.047404e+09 0.379325 2.599133 2.128326 2.599133
4.034305e+09 0.377742 2.590986 2.123456 2.590986
4.021207e+09 0.376162 2.582866 2.118604 2.582866
4.008108e+09 0.374586 2.574771 2.113770 2.574771
3.995010e+09 0.373014 2.566703 2.108953 2.566703
3.981912e+09 0.371445 2.558661 2.104154 2.558661
3.968813e+09 0.369879 2.550645 2.099372 2.550645
3.955715e+09 0.368318 2.542654 2.094608 2.542654
3.942617e+09 0.366759 2.534690 2.089860 2.534690
3.929518e+09 0.365205 2.526751 2.085130 2.526751
3.916420e+09 0.363650 2.518818 2.080404 2.518818
3.903321e+09 0.362098 2.510898 2.075686 2.510898
3.890223e+09 0.360548 2.503003 2.070986 2.503003
3.877125e+09 0.359002 2.495134 2.066302 2.495134
3.864026e+09 0.357460 2.487291 2.061636 2.487291
3.850928e+09 0.355921 2.479474 2.056986 2.479474
3.837829e+09 0.354386 2.471683 2.052353 2.471683
3.824731e+09 0.352854 2.463917 2.047737 2.463917
3.811633e+09 0.351326 2.456177 2.043138 2.456177
3.798534e+09 0.349801 2.448462 2.038249 2.448462
3.785436e+09 0.348277 2.440758 2.031349 2.440758
3.772337e+09 0.346753 2.433061 2.024476 2.433061
3.759239e+09 0.345233 2.425390 2.017645 2.425390
3.746141e+09 0.343717 2.417744 2.010858 2.417744
3.733042e+09 0.342204 2.410123 2.004112 2.410123
3.719944e+09 0.340694 2.402529 1.997409 2.402529
3.706845e+09 0.339187 2.394959 1.990748 2.394959
3.693747e+09 0.337684 2.387416 1.984128 2.387416
3.680649e+09 0.336185 2.379897 1.977548 2.379897
3.667550e+09 0.334688 2.372404 1.971010 2.372404
3.654452e+09 0.333194 2.364928 1.964506 2.364928
3.641353e+09 0.331699 2.357452 1.958018 2.357452
3.628255e+09 0.330207 2.350001 1.951571 2.350001
3.615157e+09 0.328719 2.342575 1.945164 2.342575
3.602058e+09 0.327234 2.335174 1.938796 2.335174
3.588960e+09 0.325752 2.327798 1.932466 2.327798
3.575861e+09 0.324274 2.320448 1.926176 2.320448
3.562763e+09 0.322798 2.313122 1.919924 2.313122
3.549665e+09 0.321326 2.305822 1.913710 2.305822
3.536566e+09 0.319858 2.298547 1.907534 2.298547
3.523468e+09 0.318392 2.291296 1.901395 2.291296
3.510370e+09 0.316925 2.284040 1.895267 2.284040
3.497271e+09 0.315461 2.276805 1.889173 2.276805
3.484173e+09 0.314000 2.269595 1.883117 2.269595
3.471074e+09 0.312542 2.262410 1.877097 2.262410
3.457976e+09 0.311087 2.255250 1.871113 2.255250
3.444878e+09 0.309635 2.248115 1.865165 2.248115
3.431779e+09 0.308187 2.241004 1.859252 2.241004
3.418681e+09 0.306742 2.233918 1.853375 2.233918
3.405582e+09 0.305300 2.226857 1.847533 2.226857
3.392484e+09 0.303861 2.219820 1.841726 2.219820
3.379386e+09 0.302423 2.212789 1.835938 2.212789
3.366287e+09 0.300984 2.205767 1.830172 2.205767
3.353189e+09 0.299549 2.198770 1.824439 2.198770
3.340090e+09 0.298118 2.191797 1.818740 2.191797
3.326992e+09 0.296689 2.184848 1.813075 2.184848
3.313894e+09 0.295263 2.177924 1.807444 2.177924
3.300795e+09 0.293841 2.171024 1.797765 2.171024
3.287697e+09 0.292422 2.164148 1.788040 2.164148
3.274598e+09 0.291005 2.157296 1.778385 2.157296
3.261500e+09 0.289592 2.150468 1.768799 2.150468
3.248402e+09 0.288182 2.143663 1.759279 2.143663
3.235303e+09 0.286769 2.136849 1.749788 2.136849
3.222205e+09 0.285360 2.130060 1.740365 2.130060
3.209106e+09 0.283953 2.123294 1.731009 2.123294
3.196008e+09 0.282550 2.116553 1.721720 2.116553
3.182910e+09 0.281149 2.109835 1.712497 2.109835
3.169811e+09 0.279752 2.103141 1.703341 2.103141
3.156713e+09 0.278358 2.096471 1.694249 2.096471
3.143615e+09 0.276966 2.089824 1.685222 2.089824
3.130516e+09 0.275578 2.083201 1.676259 2.083201
3.117418e+09 0.274193 2.076601 1.667359 2.076601
3.104319e+09 0.272808 2.070008 1.658503 2.070008
3.091221e+09 0.271423 2.063422 1.649690 2.063422
3.078123e+09 0.270040 2.056860 1.640939 2.056860
3.065024e+09 0.268661 2.050321 1.632250 2.050321
3.051926e+09 0.267285 2.043805 1.623623 2.043805
3.038827e+09 0.265912 2.037312 1.615056 2.037312
3.025729e+09 0.264542 2.030843 1.606550 2.030843
3.012631e+09 0.263175 2.024397 1.598105 2.024397
2.999532e+09 0.261810 2.017974 1.589718 2.017974
2.986434e+09 0.260449 2.011574 1.581391 2.011574
2.973335e+09 0.259091 2.005197 1.573122 2.005197
2.960237e+09 0.257730 1.998814 1.564878 1.998814
2.947139e+09 0.256371 1.992449 1.556687 1.992449
2.934040e+09 0.255016 1.986108 1.548553 1.986108
2.920942e+09 0.253663 1.979789 1.540477 1.979789
2.907843e+09 0.252313 1.973494 1.532458 1.973494
2.894745e+09 0.250966 1.967220 1.524494 1.967220
2.881647e+09 0.249622 1.960970 1.516586 1.960970
2.868548e+09 0.248281 1.954742 1.508734 1.954742
2.855450e+09 0.246943 1.948537 1.500936 1.948537
2.842351e+09 0.245608 1.942354 1.493193 1.942354
2.829253e+09 0.244274 1.936187 1.485497 1.936187
2.816155e+09 0.242938 1.930016 1.477824 1.930016
2.803056e+09 0.241605 1.923868 1.470205 1.923868
2.789958e+09 0.240275 1.917742 1.462639 1.917742
2.776859e+09 0.238948 1.911638 1.455126 1.911638
2.763761e+09 0.237624 1.905556 1.447665 1.905556
2.750663e+09 0.236302 1.899496 1.440256 1.899496
2.737564e+09 0.234984 1.893459 1.432898 1.893459
2.724466e+09 0.233668 1.887443 1.425591 1.887443
2.711368e+09 0.232355 1.881449 1.418334 1.881449
2.698269e+09 0.231044 1.875478 1.411127 1.875478
2.685171e+09 0.229734 1.869514 1.403956 1.869514
2.672072e+09 0.228423 1.863553 1.396814 1.863553
2.658974e+09 0.227115 1.857615 1.389721 1.857615
2.645876e+09 0.225810 1.851697 1.382676 1.851697
2.632777e+09 0.224507 1.845802 1.375680 1.845802
2.619679e+09 0.223208 1.839928 1.368733 1.839928
2.606580e+09 0.221911 1.834076 1.361833 1.836828
2.593482e+09 0.220616 1.828245 1.354980 1.834645
2.580384e+09 0.219325 1.822435 1.348175 1.832475
2.567285e+09 0.218036 1.816647 1.341416 1.830319
2.554187e+09 0.216750 1.810880 1.334703 1.828176
2.541088e+09 0.215463 1.805117 1.328017 1.826038
2.527990e+09 0.214176 1.799360 1.321362 1.823905
2.514892e+09 0.212892 1.793625 1.314753 1.821786
2.501793e+09 0.211611 1.787910 1.308188 1.819681
2.488695e+09 0.210332 1.782217 1.301669 1.817588
2.475596e+09 0.209056 1.776545 1.295194 1.815509
2.462498e+09 0.207782 1.770894 1.288762 1.813443
2.449400e+09 0.206512 1.765264 1.282375 1.811389
2.436301e+09 0.205244 1.759654 1.276031 1.809349
2.423203e+09 0.203978 1.754065 1.269730 1.807321
2.410104e+09 0.202716 1.748497 1.263471 1.805307
2.397006e+09 0.201451 1.742929 1.257234 1.803295
2.383908e+09 0.200188 1.737371 1.251028 1.801289
2.370809e+09 0.198927 1.731833 1.244864 1.799297
2.357711e+09 0.197668 1.726315 1.238741 1.797317
2.344612e+09 0.196412 1.720818 1.232660 1.795350
2.331514e+09 0.195159 1.715342 1.226620 1.793395
2.318416e+09 0.193909 1.709886 1.220620 1.791453
2.305317e+09 0.192661 1.704450 1.214661 1.789523
2.292219e+09 0.191416 1.699034 1.208742 1.787606
2.279121e+09 0.190173 1.693639 1.202863 1.785701
2.266022e+09 0.188933 1.688263 1.197023 1.783808
2.252924e+09 0.187691 1.682887 1.191201 1.781916
2.239825e+09 0.186450 1.677520 1.185409 1.780032
2.226727e+09 0.185211 1.672173 1.179654 1.778160
2.213629e+09 0.183975 1.666847 1.173939 1.776300
2.200530e+09 0.182741 1.661540 1.168262 1.774452
2.187432e+09 0.181510 1.656253 1.162622 1.772616
2.174333e+09 0.180282 1.650986 1.157020 1.770792
2.161235e+09 0.179056 1.645738 1.151456 1.768979
2.148137e+09 0.177833 1.640510 1.145928 1.767179
2.135038e+09 0.176612 1.635301 1.140437 1.765390
2.121940e+09 0.175394 1.630112 1.134983 1.763612
2.108841e+09 0.174174 1.624924 1.129547 1.761838
2.095743e+09 0.172955 1.619743 1.124135 1.760068
2.082645e+09 0.171737 1.614582 1.118759 1.758311
2.069546e+09 0.170523 1.609439 1.113419 1.756565
2.056448e+09 0.169311 1.604316 1.108114 1.754830
2.043349e+09 0.168101 1.599213 1.102844 1.753107
2.030251e+09 0.166894 1.594128 1.097609 1.751395
2.017153e+09 0.165690 1.589063 1.092408 1.749694
2.004054e+09 0.164487 1.584016 1.087241 1.748005
1.990956e+09 0.163288 1.578989 1.082109 1.746327
1.977857e+09 0.162091 1.573980 1.077010 1.744660
1.964759e+09 0.160893 1.568976 1.071931 1.742997
1.951661e+09 0.159694 1.563975 1.066871 1.741338
1.938562e+09 0.158498 1.558992 1.061844 1.739689
1.925464e+09 0.157304 1.554029 1.056850 1.738052
1.912365e+09 0.156113 1.549084 1.051888 1.736425
1.899267e+09 0.154924 1.544157 1.046959 1.734809
1.886169e+09 0.153738 1.539250 1.042062 1.733205
1.873070e+09 0.152554 1.534360 1.037197 1.731611
1.859972e+09 0.151372 1.529489 1.032364 1.730028
1.846874e+09 0.150193 1.524637 1.027562 1.728455
1.833775e+09 0.149016 1.519803 1.022792 1.726893
1.820677e+09 0.147840 1.514979 1.018045 1.725338
1.807578e+09 0.146662 1.510151 1.013309 1.723783
1.794480e+09 0.145486 1.505342 1.008604 1.722239
1.781382e+09 0.144312 1.500551 1.003929 1.720705
1.768283e+09 0.143141 1.495778 0.999285 1.719182
1.755185e+09 0.141972 1.491023 0.994671 1.717669
1.742086e+09 0.140806 1.486286 0.990086 1.716166
1.728988e+09 0.139642 1.481567 0.985532 1.714674
1.715890e+09 0.138480 1.476866 0.981006 1.713192
1.702791e+09 0.137321 1.472183 0.976510 1.711721
1.689693e+09 0.136164 1.467517 0.972042 1.710260
1.676594e+09 0.135009 1.462869 0.967604 1.708808
1.663496e+09 0.133851 1.458209 0.963168 1.707353
1.650398e+09 0.132694 1.453567 0.958760 1.705908
1.637299e+09 0.131540 1.448943 0.954381 1.704473
1.624201e+09 0.130388 1.444336 0.950030 1.703049
1.611102e+09 0.129239 1.439747 0.945706 1.701634
1.598004e+09 0.128092 1.435175 0.941411 1.700229
1.584906e+09 0.126947 1.430621 0.937143 1.698834
1.571807e+09 0.125805 1.426084 0.932902 1.697450
1.558709e+09 0.124665 1.421564 0.928688 1.696074
1.545610e+09 0.123527 1.417061 0.924501 1.694709
1.532512e+09 0.122391 1.412575 0.920340 1.693354
1.519414e+09 0.121254 1.408087 0.916190 1.691999
1.506315e+09 0.120116 1.403607 0.912057 1.690649
1.493217e+09 0.118981 1.399144 0.907951 1.689309
1.480118e+09 0.117848 1.394697 0.903871 1.687978
1.467020e+09 0.116718 1.390268 0.899817 1.686658
1.453922e+09 0.115589 1.385856 0.895789 1.685346
1.440823e+09 0.114463 1.381460 0.891786 1.684045
1.427725e+09 0.113340 1.377081 0.887808 1.682752
1.414627e+09 0.112218 1.372719 0.883855 1.681470
1.401528e+09 0.111099 1.368373 0.879928 1.680196
1.388430e+09 0.109982 1.364044 0.876025 1.678932
1.375331e+09 0.108865 1.359724 0.872139 1.677674
1.362233e+09 0.107746 1.355400 0.868262 1.676415
1.349135e+09 0.106629 1.351092 0.864409 1.675166
1.336036e+09 0.105515 1.346801 0.860579 1.673926
1.322938e+09 0.104402 1.342526 0.856774 1.672695
1.309839e+09 0.103292 1.338267 0.852993 1.671474
1.296741e+09 0.102184 1.334025 0.849236 1.670261
1.283643e+09 0.101078 1.329799 0.845502 1.669058
1.270544e+09 0.099975 1.325589 0.841791 1.667864
1.257446e+09 0.098874 1.321395 0.838104 1.666679
1.244347e+09 0.097775 1.317217 0.834439 1.665503
1.231249e+09 0.096678 1.313055 0.830797 1.664335
1.218151e+09 0.095578 1.308887 0.827160 1.663167
1.205052e+09 0.094478 1.304729 0.823540 1.662004
1.191954e+09 0.093381 1.300588 0.819944 1.660851
1.178855e+09 0.092287 1.296462 0.816370 1.659707
1.165757e+09 0.091194 1.292352 0.812818 1.658571
1.152659e+09 0.090104 1.288257 0.809288 1.657445
1.139560e+09 0.089016 1.284179 0.805780 1.656327
1.126462e+09 0.087930 1.280116 0.802293 1.655217
1.113363e+09 0.086846 1.276068 0.798828 1.654117
1.100265e+09 0.085764 1.272036 0.795385 1.653025
1.087167e+09 0.084684 1.268020 0.791962 1.651942
1.074068e+09 0.083605 1.264011 0.788554 1.650863
1.060970e+09 0.082523 1.259998 0.785152 1.649785
1.047872e+09 0.081443 1.256000 0.781771 1.648715
1.034773e+09 0.080366 1.252018 0.778411 1.647653
1.021675e+09 0.079290 1.248052 0.775072 1.646601
1.008576e+09 0.078217 1.244100 0.771753 1.645556
9.954779e+08 0.077146 1.240164 0.768454 1.644520
9.823795e+08 0.076076 1.236243 0.765175 1.643493
9.692811e+08 0.075009 1.232336 0.761917 1.642474
9.561827e+08 0.073945 1.228445 0.758678 1.641463
9.430844e+08 0.072882 1.224569 0.755459 1.640460
9.299860e+08 0.071821 1.220707 0.752260 1.639466
9.168876e+08 0.070758 1.216842 0.749065 1.638471
9.037892e+08 0.069695 1.212983 0.745885 1.637482
8.906908e+08 0.068634 1.209140 0.742723 1.636500
8.775924e+08 0.067575 1.205311 0.739581 1.635527
8.644940e+08 0.066518 1.201498 0.736457 1.634562
8.513956e+08 0.065463 1.197698 0.733353 1.633605
8.382972e+08 0.064410 1.193914 0.730268 1.632656
8.251988e+08 0.063360 1.190144 0.727201 1.631715
8.121004e+08 0.062311 1.186388 0.724152 1.630782
7.990020e+08 0.061265 1.182647 0.721123 1.629858
7.859036e+08 0.060220 1.178920 0.718111 1.628941
7.728052e+08 0.059177 1.175206 0.715116 1.628031
7.597068e+08 0.058130 1.171482 0.712121 1.627119
7.466084e+08 0.057085 1.167772 0.709144 1.626214
7.335101e+08 0.056042 1.164077 0.706184 1.625317
7.204117e+08 0.055001 1.160396 0.703243 1.624429
7.073133e+08 0.053963 1.156729 0.700319 1.623548
6.942149e+08 0.052926 1.153076 0.697413 1.622675
6.811165e+08 0.051891 1.149437 0.694525 1.621809
6.680181e+08 0.050858 1.145813 0.691653 1.620952
6.549197e+08 0.049828 1.142202 0.688799 1.620102
6.418213e+08 0.048799 1.138605 0.685961 1.619260
6.287229e+08 0.047773 1.135022 0.683141 1.618426
6.156245e+08 0.046745 1.131443 0.680330 1.617595
6.025261e+08 0.045716 1.127862 0.677525 1.616764
5.894277e+08 0.044689 1.124295 0.674736 1.615942
5.763293e+08 0.043663 1.120742 0.671964 1.615127
5.632309e+08 0.042640 1.117203 0.669208 1.614319
5.501325e+08 0.041619 1.113677 0.666468 1.613520
5.370341e+08 0.040599 1.110165 0.663745 1.612727
5.239358e+08 0.039582 1.106666 0.661038 1.611942
5.108374e+08 0.038567 1.103181 0.658347 1.611165
4.977390e+08 0.037553 1.099710 0.655672 1.610395
4.846406e+08 0.036542 1.096251 0.653013 1.609633
4.715422e+08 0.035533 1.092806 0.650369 1.608878
4.584438e+08 0.034521 1.089359 0.647730 1.608123
4.453454e+08 0.033509 1.085916 0.645099 1.607372
4.322470e+08 0.032498 1.082486 0.642485 1.606628
4.191486e+08 0.031490 1.079070 0.639885 1.605892
4.060502e+08 0.030484 1.075667 0.637301 1.605163
3.929518e+08 0.029480 1.072276 0.634732 1.604441
3.798534e+08 0.028477 1.068899 0.632178 1.603727
3.667550e+08 0.027477 1.065535 0.629639 1.603019
3.536566e+08 0.026478 1.062184 0.627115 1.602319
3.405582e+08 0.025482 1.058846 0.624605 1.601626
3.274598e+08 0.024487 1.055521 0.622110 1.600940
3.143615e+08 0.023494 1.052208 0.619630 1.600262
3.012631e+08 0.022498 1.048890 0.617151 1.599582
2.881647e+08 0.021502 1.045579 0.614682 1.598907
2.750663e+08 0.020509 1.042281 0.612228 1.598240
2.619679e+08 0.019517 1.038995 0.609788 1.597579
2.488695e+08 0.018527 1.035723 0.607363 1.596926
2.357711e+08 0.017539 1.032463 0.604951 1.596279
2.226727e+08 0.016553 1.029216 0.602554 1.595640
2.095743e+08 0.015569 1.025981 0.600170 1.595007
1.964759e+08 0.014587 1.022759 0.597801 1.594382
1.833775e+08 0.013607 1.019549 0.595445 1.593763
1.702791e+08 0.012628 1.016351 0.593102 1.593151
1.571807e+08 0.011652 1.013166 0.590773 1.592547
1.440823e+08 0.010671 1.009972 0.588442 1.591939
1.309839e+08 0.009692 1.006788 0.586124 1.591338
1.178855e+08 0.008714 1.003616 0.583819 1.590744
1.047872e+08 0.007738 1.000457 0.581527 1.590157
9.168876e+07 0.006764 0.997310 0.579249 1.589577
7.859036e+07 0.005792 0.994175 0.576983 1.589003
6.549197e+07 0.004822 0.991052 0.574731 1.588436
5.239358e+07 0.003854 0.987942 0.572491 1.587876
3.929518e+07 0.002888 0.984843 0.570264 1.587323
2.619679e+07 0.001923 0.981756 0.568050 1.586776
1.309839e+07 0.000961 0.978681 0.565849 1.586236
