1.309839e+10 9.000000 0.000000 0.000000 0.233693
1.308530e+10 8.847726 0.000000 0.000000 0.185841
1.307220e+10 8.701050 0.000000 0.000000 0.178332
1.305910e+10 8.559660 0.000000 0.000000 0.174266
1.304600e+10 8.423368 0.000000 0.000000 0.171607
1.303290e+10 8.291842 0.000000 0.000000 0.169714
1.301980e+10 8.164779 0.000000 0.000000 0.168301
1.300671e+10 8.041947 0.000000 0.000000 0.167220
1.299361e+10 7.923131 0.000000 0.000000 0.166378
1.298051e+10 7.808144 0.000000 0.000000 0.165720
1.296741e+10 7.696830 0.000000 0.000000 0.165204
1.295431e+10 7.588952 0.000000 0.000000 0.164805
1.294121e+10 7.484347 0.000000 0.000000 0.164501
1.292811e+10 7.382859 0.000000 0.000000 0.164277
1.291502e+10 7.284344 0.000000 0.000000 0.164121
1.290192e+10 7.188666 0.000000 0.000000 0.164023
1.288882e+10 7.095696 0.000000 0.000000 0.163977
1.287572e+10 7.005312 0.000000 0.000000 0.163975
1.286262e+10 6.917401 0.000000 0.000000 0.164013
1.284952e+10 6.831855 0.000000 0.000000 0.164086
1.283643e+10 6.748572 0.000000 0.000000 0.164191
1.282333e+10 6.667456 0.000000 0.000000 0.164325
1.281023e+10 6.588431 0.000000 0.000000 0.164485
1.279713e+10 6.511436 0.000000 0.000000 0.164669
1.278403e+10 6.436355 0.000000 0.000000 0.164876
1.277093e+10 6.363109 0.000000 0.000000 0.165102
1.275784e+10 6.291625 0.000000 0.000000 0.165348
1.274474e+10 6.221832 0.000000 0.000000 0.165611
1.273164e+10 6.153665 0.000000 0.000000 0.165891
1.271854e+10 6.087102 0.000000 0.000000 0.166186
1.270544e+10 6.022088 0.000000 0.000000 0.166495
1.269234e+10 5.958522 0.000000 0.000000 0.166818
1.267925e+10 5.896348 0.000000 0.000000 0.167154
1.266615e+10 5.835515 0.000000 0.000000 0.167503
1.265305e+10 5.776057 0.000000 0.000000 0.167862
1.263995e+10 5.717866 0.000000 0.000000 0.168233
1.262685e+10 5.660874 0.000000 0.000000 0.168615
1.261375e+10 5.605040 0.000000 0.000000 0.169006
1.260065e+10 5.550427 0.000000 0.000000 0.169408
1.258756e+10 5.496902 0.000000 0.000000 0.169818
1.257446e+10 5.444416 0.000000 0.000000 0.170238
1.256136e+10 5.392990 0.000000 0.000000 0.170666
1.254826e+10 5.342602 0.000000 0.000000 0.171102
1.253516e+10 5.293149 0.000000 0.000000 0.171546
1.252206e+10 5.244640 0.000000 0.000000 0.171999
1.250897e+10 5.197097 0.000000 0.000000 0.172458
1.249587e+10 5.150398 0.000000 0.000000 0.172925
1.248277e+10 5.104567 0.000000 0.000000 0.173400
1.246967e+10 5.059611 0.000000 0.000000 0.173881
1.245657e+10 5.015419 0.000000 0.000000 0.174369
1.244347e+10 4.972050 0.000000 0.000000 0.174863
1.243038e+10 4.929453 0.000000 0.000000 0.175364
1.241728e+10 4.887546 0.000000 0.000000 0.175871
1.240418e+10 4.846450 0.000000 0.000000 0.176385
1.239108e+10 4.806006 0.000000 0.000000 0.176904
1.237798e+10 4.766255 0.000000 0.000000 0.177430
1.236488e+10 4.727194 0.000000 0.000000 0.177961
1.235179e+10 4.688723 0.000000 0.000000 0.178498
1.233869e+10 4.650970 0.000000 0.000000 0.179041
1.232559e+10 4.613770 0.000000 0.000000 0.179589
1.231249e+10 4.577204 0.000000 0.000000 0.180142
1.229939e+10 4.541209 0.000000 0.000000 0.180701
1.228629e+10 4.505773 0.000000 0.000000 0.181266
1.227319e+10 4.470921 0.000000 0.000000 0.181835
1.226010e+10 4.436563 0.000000 0.000000 0.182410
1.224700e+10 4.402796 0.000000 0.000000 0.182990
1.223390e+10 4.369472 0.000000 0.000000 0.183575
1.222080e+10 4.336729 0.000000 0.000000 0.184165
1.220770e+10 4.304408 0.000000 0.000000 0.184760
1.219460e+10 4.272625 0.000000 0.000000 0.185360
1.218151e+10 4.241257 0.000000 0.000000 0.185965
1.216841e+10 4.210391 0.000000 0.000000 0.186574
1.215531e+10 4.179930 0.000000 0.000000 0.187189
1.214221e+10 4.149942 0.000000 0.000000 0.187808
1.212911e+10 4.120344 0.000000 0.000000 0.188432
1.211601e+10 4.091197 0.000000 0.000000 0.189061
1.210292e+10 4.062421 0.000000 0.000000 0.189694
1.208982e+10 4.034080 0.000000 0.000000 0.190332
1.207672e+10 4.006087 0.000000 0.000000 0.190974
1.206362e+10 3.978520 0.000000 0.000000 0.191622
1.205052e+10 3.951272 0.000000 0.000000 0.192273
1.203742e+10 3.924447 0.000000 0.000000 0.192930
1.202433e+10 3.897912 0.000000 0.000000 0.193591
1.201123e+10 3.871800 0.000000 0.000000 0.194256
1.199813e+10 3.845965 0.000000 0.000000 0.194926
1.198503e+10 3.820516 0.000000 0.000000 0.195601
1.197193e+10 3.795355 0.000000 0.000000 0.196279
1.195883e+10 3.770540 0.000000 0.000000 0.196963
1.194574e+10 3.746027 0.000000 0.000000 0.197651
1.193264e+10 3.721816 0.000000 0.000000 0.198343
1.191954e+10 3.697926 0.000000 0.000000 0.199040
1.190644e+10 3.674294 0.000000 0.000000 0.199741
1.189334e+10 3.651005 0.000000 0.000000 0.200447
1.188024e+10 3.627947 0.000000 0.000000 0.201157
1.186714e+10 3.605214 0.000000 0.000000 0.201872
1.185405e+10 3.582725 0.000000 0.000000 0.202591
1.184095e+10 3.560509 0.000000 0.000000 0.203314
1.182785e+10 3.538569 0.000000 0.000000 0.204042
1.181475e+10 3.516848 0.000000 0.000000 0.204774
1.180165e+10 3.495436 0.000000 0.000000 0.205511
1.178855e+10 3.474227 0.000000 0.000000 0.206252
1.177546e+10 3.453288 0.000000 0.000000 0.206998
1.176236e+10 3.432582 0.000000 0.000000 0.207748
1.174926e+10 3.412087 0.000000 0.000000 0.208502
1.173616e+10 3.391866 0.000000 0.000000 0.209261
1.172306e+10 3.371830 0.000000 0.000000 0.210024
1.170996e+10 3.352044 0.000000 0.000000 0.210792
1.169687e+10 3.332470 0.000000 0.000000 0.211564
1.168377e+10 3.313083 0.000000 0.000000 0.212341
1.167067e+10 3.293956 0.000000 0.000000 0.213122
1.165757e+10 3.274998 0.000000 0.000000 0.213908
1.164447e+10 3.256256 0.000000 0.000000 0.214698
1.163137e+10 3.237724 0.000000 0.000000 0.215492
1.161828e+10 3.219353 0.000000 0.000000 0.216292
1.160518e+10 3.201221 0.000000 0.000000 0.217095
1.159208e+10 3.183256 0.000000 0.000000 0.217903
1.157898e+10 3.165461 0.000000 0.000000 0.218716
1.156588e+10 3.147889 0.000000 0.000000 0.219533
1.155278e+10 3.130466 0.000000 0.000000 0.220355
1.153968e+10 3.113227 0.000000 0.000000 0.221181
1.152659e+10 3.096179 0.000000 0.000000 0.222012
1.151349e+10 3.079272 0.000000 0.000000 0.222848
1.150039e+10 3.062561 0.000000 0.000000 0.223688
1.148729e+10 3.046014 0.000000 0.000000 0.224532
1.147419e+10 3.029600 0.000000 0.000000 0.225382
1.146109e+10 3.013389 0.000000 0.000000 0.226236
1.144800e+10 2.997320 0.000000 0.000000 0.227094
1.143490e+10 2.981379 0.000000 0.000000 0.227957
1.142180e+10 2.965641 0.000000 0.000000 0.228825
1.140870e+10 2.950030 0.000000 0.000000 0.229698
1.139560e+10 2.934545 0.000000 0.000000 0.230575
1.138250e+10 2.919253 0.000000 0.000000 0.231457
1.136941e+10 2.904079 0.000000 0.000000 0.232344
1.135631e+10 2.889029 0.000000 0.000000 0.233236
1.134321e+10 2.874162 0.000000 0.000000 0.234132
1.133011e+10 2.859408 0.000000 0.000000 0.235033
1.131701e+10 2.844771 0.000000 0.000000 0.235939
1.130391e+10 2.830311 0.000000 0.000000 0.236850
1.129082e+10 2.815959 0.000000 0.000000 0.237766
1.127772e+10 2.801715 0.000000 0.000000 0.245330
1.126462e+10 2.787645 0.000000 0.000000 0.257228
1.125152e+10 2.773679 0.000000 0.000000 0.269600
1.123842e+10 2.759815 0.000000 0.000000 0.282460
1.122532e+10 2.746113 0.000000 0.000000 0.295823
1.121223e+10 2.732517 0.000000 0.000000 0.309704
1.119913e+10 2.719020 0.000000 0.000000 0.324119
1.118603e+10 2.705666 0.000000 0.000000 0.339082
1.117293e+10 2.692426 0.000000 0.000000 0.354610
1.115983e+10 2.679280 0.000000 0.000000 0.370719
1.114673e+10 2.666259 0.000000 0.000000 0.387426
1.113363e+10 2.653361 0.000000 0.000000 0.404747
1.112054e+10 2.640553 0.000000 0.000000 0.422701
1.110744e+10 2.627848 0.000000 0.000000 0.441304
1.109434e+10 2.615278 0.000000 0.000000 0.460574
1.108124e+10 2.602795 0.000000 0.000000 0.480530
1.106814e+10 2.590398 0.000000 0.000000 0.501190
1.105504e+10 2.578138 0.000000 0.000000 0.522574
1.104195e+10 2.565967 0.000000 0.000000 0.544700
1.102885e+10 2.553879 0.000000 0.000000 0.567587
1.101575e+10 2.541902 0.000000 0.000000 0.591257
1.100265e+10 2.530033 0.000000 0.000000 0.615729
1.098955e+10 2.518242 0.000000 0.000000 0.641023
1.097645e+10 2.506535 0.000000 0.000000 0.667162
1.096336e+10 2.494955 0.000000 0.000000 0.694166
1.095026e+10 2.483451 0.000000 0.000000 0.722057
1.093716e+10 2.472022 0.000000 0.000000 0.750856
1.092406e+10 2.460700 0.000000 0.000000 0.780588
1.091096e+10 2.449472 0.000000 0.000000 0.811273
1.089786e+10 2.438317 0.000000 0.000000 0.842937
1.088477e+10 2.427236 0.000000 0.000000 0.875601
1.087167e+10 2.416275 0.000000 0.000000 0.909291
1.085857e+10 2.405383 0.000000 0.000000 0.944030
1.084547e+10 2.394561 0.000000 0.000000 0.979843
1.083237e+10 2.383828 0.000000 0.000000 1.016756
1.081927e+10 2.373191 0.000000 0.000000 1.054794
1.080617e+10 2.362621 0.000000 0.000000 1.093982
1.079308e+10 2.352116 0.000000 0.000000 1.134348
1.077998e+10 2.341713 0.000000 0.000000 1.175918
1.076688e+10 2.331385 0.000000 0.000000 1.218720
1.075378e+10 2.321121 0.000000 0.000000 1.262780
1.074068e+10 2.310922 0.000000 0.000000 1.308126
1.072758e+10 2.300829 0.000000 0.000000 1.354788
1.071449e+10 2.290797 0.000000 0.000000 1.402794
1.070139e+10 2.280826 0.000000 0.000000 1.452173
1.068829e+10 2.270927 0.000000 0.000000 1.502956
1.067519e+10 2.261119 0.000000 0.000000 1.555171
1.066209e+10 2.251370 0.000000 0.000000 1.608850
1.064899e+10 2.241680 0.000000 0.000000 1.664023
1.063590e+10 2.232064 0.000000 0.000000 1.720723
1.062280e+10 2.222530 0.000000 0.000000 1.778980
1.060970e+10 2.213052 0.000000 0.000000 1.838828
1.059660e+10 2.203629 0.000000 0.000000 1.900299
1.058350e+10 2.194282 0.000000 0.000000 1.963426
1.057040e+10 2.185010 0.000000 0.000000 2.028243
1.055731e+10 2.175791 0.000000 0.000000 2.094784
1.054421e+10 2.166626 0.000000 0.000000 2.163085
1.053111e+10 2.157534 0.000000 0.000000 2.233179
1.051801e+10 2.148512 0.000000 0.000000 2.305102
1.050491e+10 2.139542 0.000000 0.000000 2.378891
1.049181e+10 2.130623 0.000000 0.000000 2.454582
1.047872e+10 2.121773 0.000000 0.000000 2.532213
1.046562e+10 2.112992 0.000000 0.000000 2.611820
1.045252e+10 2.104260 0.000000 0.000000 2.693441
1.043942e+10 2.095577 0.000000 0.000000 2.777115
1.042632e+10 2.086957 0.000000 0.000000 2.862882
1.041322e+10 2.078407 0.000000 0.000000 2.950780
1.040012e+10 2.069904 0.000000 0.000000 3.040849
1.038703e+10 2.061447 0.000000 0.000000 3.133131
1.037393e+10 2.053045 0.000000 0.000000 3.227665
1.036083e+10 2.044717 0.119882 0.000000 3.324495
1.034773e+10 2.036433 0.203618 0.000000 3.423660
1.033463e+10 2.028194 0.297258 0.000000 3.525205
1.032153e+10 2.020000 0.399505 0.000000 3.629172
1.030844e+10 2.011884 0.509238 0.000000 3.735605
1.029534e+10 2.003811 0.625471 0.000000 3.844548
1.028224e+10 1.995781 0.747362 0.000000 3.936601
1.026914e+10 1.987794 0.874182 0.000000 4.011821
1.025604e+10 1.979872 1.005320 0.000000 4.086855
1.024294e+10 1.972002 1.140199 0.000000 4.161650
1.022985e+10 1.964173 1.278301 0.000000 4.236152
1.021675e+10 1.956386 1.419167 0.000000 4.310346
1.020365e+10 1.948649 1.562401 0.000000 4.384269
1.019055e+10 1.940974 1.707659 0.000000 4.457963
1.017745e+10 1.933338 1.854562 0.000000 4.531305
1.016435e+10 1.925742 2.002797 0.000000 4.604280
1.015126e+10 1.918185 2.152075 0.000000 4.676867
1.013816e+10 1.910694 2.302214 0.000000 4.749203
1.012506e+10 1.903244 2.452917 0.000000 4.821141
1.011196e+10 1.895832 2.603954 0.000000 4.892649
1.009886e+10 1.888458 2.755118 0.000000 4.963710
1.008576e+10 1.881133 2.906265 0.000000 5.034377
1.007266e+10 1.873862 3.057253 0.000000 5.104674
1.005957e+10 1.866627 3.207863 0.000000 5.174484
1.004647e+10 1.859429 3.357947 0.350471 5.243794
1.003337e+10 1.852267 3.507368 0.351975 5.312587
1.002027e+10 1.845164 3.656109 0.353488 5.380999
1.000717e+10 1.838100 3.803982 0.355008 5.448906
9.994074e+09 1.831072 3.950861 0.356536 5.516265
9.980976e+09 1.824078 4.096646 0.358072 5.583064
9.967878e+09 1.817123 4.241275 0.359616 5.649323
9.954779e+09 1.810224 4.384762 0.361168 5.715150
9.941681e+09 1.803359 4.526921 0.362729 5.780389
9.928582e+09 1.796527 4.667683 0.364297 5.845031
9.915484e+09 1.789728 4.806984 0.365873 5.909063
9.902386e+09 1.782974 4.944840 0.367458 5.972565
9.889287e+09 1.776267 5.081219 0.369051 6.035543
9.876189e+09 1.769591 5.215991 0.370653 6.097892
9.863091e+09 1.762947 5.349112 0.372262 6.159604
9.849992e+09 1.756335 5.480542 0.373881 6.220670
9.836894e+09 1.749772 5.610366 0.376067 6.281213
9.823795e+09 1.743247 5.738499 0.394119 6.341161
9.810697e+09 1.736752 5.864859 0.413042 6.400450
9.797599e+09 1.730289 5.989419 0.432877 6.459072
9.784500e+09 1.723856 6.112159 0.453668 6.517022
9.771402e+09 1.717472 6.233214 0.475404 6.574451
9.758303e+09 1.711122 6.352456 0.498176 6.631237
9.745205e+09 1.704802 6.469840 0.522049 6.687342
9.732107e+09 1.698511 6.585353 0.547078 6.742760
9.719008e+09 1.692249 6.698986 0.573323 6.797488
9.705910e+09 1.686036 6.810907 0.600771 6.851692
9.692811e+09 1.679854 6.920968 0.629547 6.920968
9.679713e+09 1.673700 7.029142 0.659728 7.029142
9.666615e+09 1.667575 7.135428 0.691390 7.135428
9.653516e+09 1.661477 7.239825 0.724609 7.239825
9.640418e+09 1.655426 7.342515 0.759378 7.342515
9.627319e+09 1.649405 7.443353 0.795852 7.484349
9.614221e+09 1.643411 7.542320 0.834135 7.656086
9.601123e+09 1.637444 7.639418 0.874322 7.824383
9.588024e+09 1.631504 7.734655 0.916517 7.989147
9.574926e+09 1.625607 7.828205 0.960730 8.150681
9.561827e+09 1.619740 7.919959 1.007136 8.308658
9.548729e+09 1.613899 8.009885 1.055880 8.462921
9.535631e+09 1.608084 8.097990 1.107090 8.613416
9.522532e+09 1.602295 8.184286 1.160899 8.760102
9.509434e+09 1.596544 8.268920 1.217357 8.903259
9.496335e+09 1.590825 8.351853 1.276640 9.042752
9.483237e+09 1.585132 8.433020 1.338959 9.178382
9.470139e+09 1.579463 8.512433 1.404480 9.310137
9.457040e+09 1.573819 8.590107 1.473379 9.438011
9.443942e+09 1.568207 8.666140 1.545773 9.562205
9.430844e+09 1.562630 8.740597 1.621809 9.682846
9.417745e+09 1.557078 8.813366 1.701794 9.799649
9.404647e+09 1.551549 8.884459 1.785947 9.912629
9.391548e+09 1.546045 8.953894 1.874495 10.021807
9.378450e+09 1.540565 9.021701 1.967666 10.127246
9.365352e+09 1.535125 9.088085 2.065523 10.229412
9.352253e+09 1.529709 9.152865 2.168517 10.327884
9.339155e+09 1.524315 9.216056 2.276929 10.422695
9.326056e+09 1.518944 9.277675 2.391053 10.513885
9.312958e+09 1.513596 9.337740 2.511199 10.601494
9.299860e+09 1.508282 9.396416 2.637511 10.685911
9.286761e+09 1.502996 9.453645 2.770402 10.767012
9.273663e+09 1.497732 9.509376 2.910307 10.844688
9.260564e+09 1.492490 9.563627 3.057596 10.918987
9.247466e+09 1.487270 9.616415 3.212657 10.989962
9.234368e+09 1.482075 9.667801 3.375829 11.057766
9.221269e+09 1.476914 9.717932 3.547332 11.122749
9.208171e+09 1.471775 9.766657 3.727836 11.184581
9.195072e+09 1.466656 9.813994 3.917796 11.243320
9.181974e+09 1.461559 9.859960 4.117683 11.299021
9.168876e+09 1.456483 9.904573 4.327985 11.351741
9.155777e+09 1.451438 9.947988 4.548956 11.401849
9.142679e+09 1.446418 9.990162 4.781199 11.449267
9.129580e+09 1.441419 10.031038 5.025379 11.493888
9.116482e+09 1.436441 10.070636 5.282045 11.535770
9.103384e+09 1.431482 10.108970 5.551763 11.574972
9.090285e+09 1.426544 10.146063 5.835104 11.611558
9.077187e+09 1.421640 10.182132 6.132196 11.646032
9.064088e+09 1.416755 10.216994 6.444061 11.678007
9.050990e+09 1.411891 10.250665 6.771310 11.707541
9.037892e+09 1.407045 10.283163 7.114560 11.734691
9.024793e+09 1.402220 10.314503 7.474436 11.759514
9.011695e+09 1.397417 10.344763 7.851404 11.782194
8.998597e+09 1.392643 10.374042 8.245836 11.802967
8.985498e+09 1.387888 10.402216 8.658729 11.821585
8.972400e+09 1.383152 10.429302 8.855499 11.838102
8.959301e+09 1.378435 10.455315 8.874323 11.852573
8.946203e+09 1.373736 10.480272 8.892602 11.865050
8.933105e+09 1.369062 10.504286 8.910418 11.875790
8.920006e+09 1.364413 10.527375 8.927779 11.884850
8.906908e+09 1.359782 10.549457 8.944609 11.892076
8.893809e+09 1.355169 10.570547 8.960912 11.897517
8.880711e+09 1.350574 10.590662 8.976693 11.901223
8.867613e+09 1.345997 10.609816 8.991957 11.903242
8.854514e+09 1.341445 10.628139 9.006803 11.903860
8.841416e+09 1.336915 10.645605 9.021202 11.903036
8.828317e+09 1.332403 10.662157 9.035100 11.900669
8.815219e+09 1.327908 10.677809 9.048499 11.896804
8.802121e+09 1.323430 10.692575 9.061406 11.891485
8.789022e+09 1.318970 10.706470 9.073825 11.884756
8.775924e+09 1.314534 10.719625 9.085857 11.876892
8.762825e+09 1.310118 10.732001 9.097464 11.867831
8.749727e+09 1.305720 10.743549 9.108598 11.857486
8.736629e+09 1.301338 10.754283 9.119264 11.845899
8.723530e+09 1.296973 10.764215 9.129467 11.833107
8.710432e+09 1.292625 10.773360 9.139210 11.819150
8.697333e+09 1.288299 10.781833 9.148584 11.804264
8.684235e+09 1.283994 10.789615 9.157567 11.788423
8.671137e+09 1.279704 10.796650 9.166107 11.771526
8.658038e+09 1.275431 10.802949 9.174206 11.753611
8.644940e+09 1.271174 10.808526 9.181872 11.734711
8.631841e+09 1.266933 10.813393 9.189107 11.795498
8.618743e+09 1.262712 10.817637 9.195978 11.855130
8.605645e+09 1.258512 10.821285 9.202503 11.912571
8.592546e+09 1.254328 10.824259 9.208613 11.967725
8.579448e+09 1.250159 10.826572 9.214311 12.020632
8.566350e+09 1.246006 10.828235 9.219603 12.071332
8.553251e+09 1.241868 10.829260 9.224493 12.119865
8.540153e+09 1.237747 10.829695 9.229016 12.166329
8.527054e+09 1.233648 10.829632 9.233245 12.210894
8.513956e+09 1.229565 10.828965 9.237086 12.253413
8.500858e+09 1.225496 10.827704 9.240544 12.293925
8.487759e+09 1.221442 10.825861 9.243622 12.332468
8.474661e+09 1.217403 10.823445 9.246326 12.369080
8.461562e+09 1.213378 10.820467 9.248660 12.403798
8.448464e+09 1.209376 10.817074 9.250741 12.436879
8.435366e+09 1.205390 10.813150 9.252469 12.468160
8.422267e+09 1.201417 10.808694 9.253841 12.497661
8.409169e+09 1.197459 10.803718 9.254861 12.525417
8.396070e+09 1.193515 10.798230 9.255532 12.551465
8.382972e+09 1.189585 10.792240 9.255859 12.575839
8.369874e+09 1.185673 10.785831 9.255908 12.598693
8.356775e+09 1.181779 10.779002 9.255675 12.620047
8.343677e+09 1.177899 10.771700 9.255111 12.639833
8.330578e+09 1.174033 10.763932 9.254220 12.658084
8.317480e+09 1.170180 10.755709 9.253006 12.674832
8.304382e+09 1.166341 10.747039 9.251473 12.690110
8.291283e+09 1.162516 10.737937 9.249632 12.703962
8.278185e+09 1.158712 10.728526 9.247581 12.716605
8.265086e+09 1.154921 10.718694 9.245224 12.727874
8.251988e+09 1.151143 10.708448 9.242565 12.737801
8.238890e+09 1.147378 10.697798 9.239607 12.746415
8.225791e+09 1.143627 10.686750 9.236355 12.753745
8.212693e+09 1.139888 10.675313 9.232812 12.759822
8.199594e+09 1.136166 10.663553 9.229031 12.764767
8.186496e+09 1.132460 10.651480 9.225018 12.768616
8.173398e+09 1.128768 10.639041 9.220726 12.771041
8.160299e+09 1.125088 10.626244 9.216159 12.788521
8.147201e+09 1.121420 10.613095 9.211321 12.818404
8.134103e+09 1.117766 10.599602 9.206214 12.847463
8.121004e+09 1.114123 10.585773 9.200844 12.875704
8.107906e+09 1.110499 10.571704 9.195289 12.903189
8.094807e+09 1.106888 10.557331 9.189494 12.929881
8.081709e+09 1.103289 10.542642 9.183446 12.955777
8.068611e+09 1.099703 10.527643 9.177148 12.976328
8.055512e+09 1.096129 10.512341 9.170603 12.946273
8.042414e+09 1.092567 10.496744 9.163817 12.916092
8.029315e+09 1.089017 10.480863 9.156797 12.885821
8.016217e+09 1.085485 10.464792 9.149621 12.855599
8.003119e+09 1.081965 10.448443 9.142212 12.825302
7.990020e+09 1.078456 10.431822 9.134575 12.794941
7.976922e+09 1.074960 10.414936 9.126712 12.764527
7.963823e+09 1.071475 10.397790 9.118627 12.734068
7.950725e+09 1.068002 10.380390 9.110322 12.703573
7.937627e+09 1.064542 10.362764 9.101821 12.673083
7.924528e+09 1.061097 10.344965 9.093167 12.654764
7.911430e+09 1.057664 10.326929 9.084303 12.642123
7.898331e+09 1.054242 10.308662 9.075233 12.628925
7.885233e+09 1.050831 10.290168 9.065961 12.615188
7.872135e+09 1.047432 10.271453 9.056488 12.600924
7.859036e+09 1.044044 10.252523 9.046819 12.586150
7.845938e+09 1.040669 10.233408 9.036978 12.570921
7.832839e+09 1.037308 10.214143 9.026995 12.555298
7.819741e+09 1.033958 10.194678 9.016824 12.539207
7.806643e+09 1.030619 10.175017 9.006468 12.522661
7.793544e+09 1.027292 10.155166 8.995931 12.505672
7.780446e+09 1.023975 10.135127 8.985215 12.488253
7.767348e+09 1.020668 10.114907 8.974322 12.470418
7.754249e+09 1.017374 10.094533 8.963275 12.452213
7.741151e+09 1.014094 10.074037 8.952103 12.433696
7.728052e+09 1.010824 10.053372 8.940762 12.414798
7.714954e+09 1.007565 10.032544 8.929257 12.395530
7.701856e+09 1.004316 10.011556 8.917589 12.375903
7.688757e+09 1.001078 9.990413 8.905762 12.355928
7.675659e+09 0.997850 9.969118 8.893778 12.335617
7.662560e+09 0.994634 9.947689 8.881651 12.314998
7.649462e+09 0.991431 9.926168 8.869418 12.294145
7.636364e+09 0.988238 9.904509 8.857036 12.272984
7.623265e+09 0.985055 9.882713 8.844508 12.251527
7.610167e+09 0.981883 9.860786 8.831835 12.229781
7.597068e+09 0.978720 9.838731 8.819021 12.207757
7.583970e+09 0.975568 9.816552 8.806068 12.185464
7.570872e+09 0.972426 9.794252 8.792978 12.162911
7.557773e+09 0.969296 9.771892 8.779805 12.140193
7.544675e+09 0.966177 9.749418 8.766499 12.117232
7.531576e+09 0.963068 9.726834 8.753064 12.094035
7.518478e+09 0.959969 9.704143 8.739502 12.070611
7.505380e+09 0.956879 9.681348 8.725816 12.046967
7.492281e+09 0.953799 9.658453 8.712007 12.023111
7.479183e+09 0.950729 9.635461 8.698077 11.999051
7.466084e+09 0.947670 9.612410 8.684061 11.974847
7.452986e+09 0.944622 9.589282 8.669941 11.950475
7.439888e+09 0.941584 9.566066 8.637089 11.925920
7.426789e+09 0.938554 9.542766 8.603527 11.901188
7.413691e+09 0.935535 9.519383 8.570099 11.876287
7.400592e+09 0.932524 9.495922 8.536808 11.851223
7.387494e+09 0.929523 9.472384 8.503653 11.826002
7.374396e+09 0.926532 9.448787 8.470654 11.800651
7.361297e+09 0.923552 9.425147 8.437827 11.775197
7.348199e+09 0.920582 9.401439 8.405141 11.749605
7.335101e+09 0.917620 9.377666 8.372596 11.723880
7.322002e+09 0.914668 9.353830 8.340194 11.698028
7.308904e+09 0.911724 9.329934 8.307935 11.672053
7.295805e+09 0.908790 9.305981 8.275821 11.645962
7.282707e+09 0.905864 9.281972 8.243852 11.619761
7.269609e+09 0.902950 9.257941 8.212064 11.593497
7.256510e+09 0.900044 9.233863 8.180427 11.567139
7.243412e+09 0.897147 9.209738 8.148938 11.508546
7.230313e+09 0.894260 9.185567 8.117597 11.449571
7.217215e+09 0.891381 9.161353 8.086404 11.390725
7.204117e+09 0.888510 9.137097 8.055360 11.332019
7.191018e+09 0.885649 9.112803 8.024465 11.273462
7.177920e+09 0.882796 9.088480 7.993730 11.215080
7.164821e+09 0.879953 9.064142 7.963167 11.156902
7.151723e+09 0.877119 9.039770 7.932753 11.098896
7.138625e+09 0.874294 9.015369 7.902491 11.041069
7.125526e+09 0.871476 8.990938 7.872380 10.983426
7.112428e+09 0.868668 8.966481 7.842420 10.925973
7.099329e+09 0.865867 8.942000 7.812611 10.868716
7.086231e+09 0.863076 8.917496 7.782955 10.811661
7.073133e+09 0.860293 8.892984 7.753464 10.754837
7.060034e+09 0.857519 8.868460 7.724134 10.698239
7.046936e+09 0.854753 8.843919 7.694955 10.663582
7.033837e+09 0.851996 8.819362 7.665928 10.631928
7.020739e+09 0.849246 8.794792 7.637053 10.600296
7.007641e+09 0.846505 8.770210 7.608330 10.568690
6.994542e+09 0.843772 8.745617 7.579758 10.537112
6.981444e+09 0.841047 8.721015 7.551339 10.505564
6.968345e+09 0.838331 8.696419 7.523084 10.474065
6.955247e+09 0.835623 8.671819 7.494983 10.442602
6.942149e+09 0.832923 8.647215 7.467033 10.411177
6.929050e+09 0.830230 8.622608 7.439233 10.379791
6.915952e+09 0.827546 8.598001 7.411585 10.348446
6.902854e+09 0.824870 8.573394 7.384087 10.317144
6.889755e+09 0.822201 8.548788 7.356740 10.285887
6.876657e+09 0.819540 8.524187 7.329544 10.254679
6.863558e+09 0.816888 8.499598 7.302505 10.223529
6.850460e+09 0.814243 8.475015 7.275615 10.192430
6.837362e+09 0.811606 8.450439 7.248875 10.161384
6.824263e+09 0.808976 8.425872 7.222284 10.130393
6.811165e+09 0.806354 8.401315 7.195841 10.099457
6.798066e+09 0.803740 8.376769 7.169547 10.068579
6.784968e+09 0.801133 8.352236 7.143400 10.037760
6.771870e+09 0.798534 8.327717 7.117401 10.007003
6.758771e+09 0.795942 8.303215 7.091551 9.976310
6.745673e+09 0.793358 8.278729 7.065847 9.945681
6.732574e+09 0.790782 8.254260 7.040289 9.915117
6.719476e+09 0.788212 8.229809 7.014878 9.884619
6.706378e+09 0.785650 8.205378 6.989611 9.854189
6.693279e+09 0.783096 8.180967 6.964489 9.823828
6.680181e+09 0.780548 8.156578 6.939511 9.793538
6.667082e+09 0.778008 8.132212 6.914677 9.763318
6.653984e+09 0.775475 8.107866 6.889983 9.733167
6.640886e+09 0.772950 8.083545 6.865432 9.703090
6.627787e+09 0.770431 8.059249 6.841022 9.673088
6.614689e+09 0.767919 8.034980 6.816755 9.643161
6.601590e+09 0.765415 8.010739 6.792629 9.613311
6.588492e+09 0.762918 7.986526 6.768643 9.583539
6.575394e+09 0.760428 7.962342 6.744797 9.553845
6.562295e+09 0.757944 7.938189 6.721091 9.524231
6.549197e+09 0.755468 7.914058 6.697516 9.494688
6.536098e+09 0.752998 7.889960 6.674079 9.465225
6.523000e+09 0.750535 7.865894 6.650779 9.435845
6.509902e+09 0.748079 7.841862 6.627617 9.406548
6.496803e+09 0.745630 7.817864 6.604592 9.377334
6.483705e+09 0.743188 7.793901 6.581702 9.348204
6.470607e+09 0.740753 7.769975 6.558948 9.319160
6.457508e+09 0.738324 7.746085 6.536328 9.290201
6.444410e+09 0.735902 7.722222 6.513833 9.261316
6.431311e+09 0.733486 7.698394 6.491469 9.232515
6.418213e+09 0.731076 7.674606 6.469238 9.203801
6.405115e+09 0.728674 7.650857 6.447139 9.175176
6.392016e+09 0.726278 7.627148 6.425172 9.146639
6.378918e+09 0.723889 7.603480 6.403336 9.118192
6.365819e+09 0.721506 7.579854 6.381631 9.089834
6.352721e+09 0.719130 7.556269 6.360055 9.061566
6.339623e+09 0.716760 7.532719 6.338600 9.033379
6.326524e+09 0.714396 7.509204 6.317266 9.005272
6.313426e+09 0.712039 7.485732 6.296059 8.977257
6.300327e+09 0.709688 7.462305 6.274980 8.949333
6.287229e+09 0.707343 7.438923 6.254028 8.921503
6.274131e+09 0.705005 7.415586 6.233202 8.893764
6.261032e+09 0.702673 7.392296 6.212500 8.866119
6.247934e+09 0.700347 7.369052 6.191924 8.838567
6.234835e+09 0.698028 7.345854 6.171470 8.803084
6.221737e+09 0.695714 7.322683 6.151121 8.766323
6.208639e+09 0.693406 7.299561 6.130896 8.729728
6.195540e+09 0.691104 7.276487 6.110792 8.693301
6.182442e+09 0.688809 7.253463 6.090810 8.657041
6.169343e+09 0.686519 7.230488 6.070949 8.620948
6.156245e+09 0.684236 7.207564 6.051208 8.585023
6.143147e+09 0.681960 7.184689 6.031587 8.549267
6.130048e+09 0.679689 7.161866 6.012084 8.513678
6.116950e+09 0.677423 7.139078 5.992686 8.478234
6.103851e+09 0.675163 7.116332 5.973397 8.442944
6.090753e+09 0.672909 7.093639 5.954225 8.407823
6.077655e+09 0.670661 7.070997 5.935170 8.372870
6.064556e+09 0.668419 7.048409 5.916230 8.338084
6.051458e+09 0.666183 7.025874 5.897405 8.303466
6.038360e+09 0.663953 7.003392 5.878694 8.269016
6.025261e+09 0.661729 6.980965 5.860098 8.234733
6.012163e+09 0.659510 6.958590 5.841613 8.200615
5.999064e+09 0.657296 6.936242 5.823217 8.166625
5.985966e+09 0.655088 6.913949 5.804933 8.132801
5.972868e+09 0.652885 6.891711 5.786760 8.099144
5.959769e+09 0.650689 6.869529 5.768698 8.065653
5.946671e+09 0.648498 6.847402 5.750746 8.032328
5.933572e+09 0.646313 6.825331 5.732903 7.999168
5.920474e+09 0.644134 6.803317 5.715169 7.966174
5.907376e+09 0.641961 6.781360 5.697543 7.933344
5.894277e+09 0.639792 6.759447 5.680014 7.900662
5.881179e+09 0.637628 6.737571 5.662576 7.868115
5.868080e+09 0.635469 6.715752 5.645243 7.835732
5.854982e+09 0.633317 6.693991 5.628016 7.803513
5.841884e+09 0.631169 6.672288 5.610895 7.771456
5.828785e+09 0.629028 6.650643 5.593878 7.739562
5.815687e+09 0.626892 6.629056 5.576964 7.707830
5.802588e+09 0.624762 6.607528 5.560154 7.676259
5.789490e+09 0.622637 6.586058 5.543446 7.644849
5.776392e+09 0.620516 6.564625 5.526823 7.613569
5.763293e+09 0.618400 6.543238 5.510289 7.582431
5.750195e+09 0.616289 6.521910 5.493857 7.551453
5.737096e+09 0.614184 6.500641 5.477525 7.520634
5.723998e+09 0.612084 6.479432 5.461292 7.489974
5.710900e+09 0.609990 6.458283 5.445159 7.459471
5.697801e+09 0.607901 6.437194 5.429124 7.429126
5.684703e+09 0.605818 6.416164 5.413187 7.398938
5.671604e+09 0.603740 6.395195 5.397347 7.368906
5.658506e+09 0.601665 6.374257 5.381581 7.338991
5.645408e+09 0.599595 6.353370 5.365903 7.309219
5.632309e+09 0.597531 6.332544 5.350321 7.279602
5.619211e+09 0.595471 6.311779 5.334834 7.250139
5.606113e+09 0.593417 6.291074 5.319442 7.220830
5.593014e+09 0.591369 6.270431 5.304143 7.191674
5.579916e+09 0.589325 6.249848 5.288938 7.162671
5.566817e+09 0.587287 6.229327 5.273825 7.133819
5.553719e+09 0.585254 6.208866 5.258805 7.105118
5.540621e+09 0.583223 6.188434 5.243850 7.076524
5.527522e+09 0.581198 6.168055 5.228980 7.048070
5.514424e+09 0.579177 6.147739 5.214201 7.019766
5.501325e+09 0.577162 6.127483 5.199512 6.991611
5.488227e+09 0.575152 6.107290 5.184913 6.963605
5.475129e+09 0.573147 6.087158 5.170402 6.935746
5.462030e+09 0.571147 6.067088 5.155980 6.908034
5.448932e+09 0.569152 6.047079 5.141646 6.880468
5.435833e+09 0.567162 6.027133 5.127399 6.853048
5.422735e+09 0.565175 6.007214 5.113213 6.825729
5.409637e+09 0.563192 5.987348 5.099105 6.798543
5.396538e+09 0.561214 5.967544 5.085084 6.771502
5.383440e+09 0.559241 5.947803 5.071148 6.744603
5.370341e+09 0.557273 5.928123 5.057297 6.717848
5.357243e+09 0.555310 5.908506 5.043531 6.691234
5.344145e+09 0.553352 5.888951 5.029848 6.664762
5.331046e+09 0.551399 5.869457 5.016248 6.638431
5.317948e+09 0.549450 5.850026 5.002730 6.612239
5.304849e+09 0.547505 5.830627 4.989272 6.586148
5.291751e+09 0.545563 5.811275 4.975885 6.560178
5.278653e+09 0.543626 5.791985 4.962578 6.534346
5.265554e+09 0.541694 5.772758 4.949353 6.508652
5.252456e+09 0.539766 5.753593 4.936208 6.483095
5.239358e+09 0.537844 5.734490 4.923143 6.457674
5.226259e+09 0.535926 5.715449 4.910157 6.432389
5.213161e+09 0.534013 5.696470 4.897250 6.407238
5.200062e+09 0.532105 5.677553 4.884421 6.382222
5.186964e+09 0.530200 5.658677 4.871653 6.357312
5.173866e+09 0.528297 5.639838 4.858945 6.332505
5.160767e+09 0.526400 5.621061 4.846313 6.307829
5.147669e+09 0.524507 5.602346 4.833758 6.283286
5.134570e+09 0.522618 5.583693 4.821279 6.258875
5.121472e+09 0.520735 5.565102 4.808875 6.234593
5.108374e+09 0.518856 5.546573 4.796547 6.210442
5.095275e+09 0.516981 5.528106 4.784293 6.186420
5.082177e+09 0.515112 5.509701 4.772114 6.162527
5.069078e+09 0.513246 5.491349 4.760002 6.138751
5.055980e+09 0.511382 5.473019 4.747933 6.115053
5.042882e+09 0.509522 5.454751 4.735938 6.091482
5.029783e+09 0.507667 5.436545 4.724015 6.068037
5.016685e+09 0.505816 5.418401 4.712165 6.044718
5.003586e+09 0.503970 5.400318 4.700386 6.021524
4.990488e+09 0.502129 5.382296 4.688678 5.998455
4.977390e+09 0.500291 5.364336 4.677040 5.975508
4.964291e+09 0.498459 5.346438 4.665473 5.937893
4.951193e+09 0.496631 5.328601 4.653976 5.897797
4.938094e+09 0.494804 5.310786 4.642520 5.857949
4.924996e+09 0.492981 5.293021 4.631125 5.818406
4.911898e+09 0.491162 5.275318 4.619798 5.779186
4.898799e+09 0.489348 5.257676 4.608541 5.740286
4.885701e+09 0.487538 5.240095 4.597351 5.701704
4.872602e+09 0.485732 5.222575 4.586228 5.663438
4.859504e+09 0.483931 5.205116 4.575172 5.625484
4.846406e+09 0.482134 5.187718 4.564183 5.587842
4.833307e+09 0.480342 5.170381 4.553260 5.550507
4.820209e+09 0.478552 5.153088 4.542391 5.513448
4.807111e+09 0.476764 5.135820 4.531563 5.476626
4.794012e+09 0.474980 5.118613 4.520800 5.440106
4.780914e+09 0.473201 5.101467 4.510101 5.403886
4.767815e+09 0.471426 5.084381 4.499467 5.367962
4.754717e+09 0.469655 5.067355 4.488897 5.332333
4.741619e+09 0.467888 5.050390 4.478390 5.296996
4.728520e+09 0.466126 5.033484 4.467947 5.261948
4.715422e+09 0.464368 5.016639 4.457566 5.227187
4.702323e+09 0.462614 4.999853 4.447247 5.192710
4.689225e+09 0.460861 4.983087 4.436963 5.158445
4.676127e+09 0.459111 4.966369 4.426731 5.124437
4.663028e+09 0.457365 4.949710 4.416561 5.090708
4.649930e+09 0.455624 4.933111 4.406451 5.074503
4.636831e+09 0.453886 4.916571 4.389335 5.059639
4.623733e+09 0.452153 4.900090 4.369187 5.044815
4.610635e+09 0.450424 4.883669 4.349174 5.030032
4.597536e+09 0.448699 4.867306 4.334645 5.015289
4.584438e+09 0.446978 4.851002 4.321922 5.000587
4.571339e+09 0.445261 4.834752 4.309250 4.985920
4.558241e+09 0.443544 4.818513 4.296594 4.971246
4.545143e+09 0.441830 4.802332 4.283992 4.956613
4.532044e+09 0.440121 4.786211 4.271445 4.942020
4.518946e+09 0.438416 4.770147 4.258952 4.927469
4.505847e+09 0.436715 4.754142 4.246512 4.912959
4.492749e+09 0.435018 4.738196 4.234125 4.898489
4.479651e+09 0.433325 4.722307 4.221791 4.884060
4.466552e+09 0.431636 4.706476 4.209510 4.869672
4.453454e+09 0.429951 4.690702 4.197282 4.855325
4.440355e+09 0.428268 4.674967 4.185089 4.840999
4.427257e+09 0.426586 4.659255 4.172921 4.826680
4.414159e+09 0.424908 4.643601 4.160804 4.812401
4.401060e+09 0.423234 4.628004 4.148739 4.798164
4.387962e+09 0.421564 4.612465 4.136726 4.783968
4.374864e+09 0.419898 4.596983 4.124763 4.769813
4.361765e+09 0.418235 4.581558 4.112852 4.755699
4.348667e+09 0.416577 4.566189 4.100991 4.741626
4.335568e+09 0.414922 4.550877 4.089181 4.727594
4.322470e+09 0.413272 4.535622 4.077421 4.713602
4.309372e+09 0.411622 4.520393 4.065686 4.699622
4.296273e+09 0.409974 4.505196 4.053981 4.685658
4.283175e+09 0.408330 4.490056 4.042327 4.671735
4.270076e+09 0.406690 4.474972 4.030721 4.657853
4.256978e+09 0.405054 4.459944 4.019166 4.644012
4.243880e+09 0.403421 4.444972 4.007659 4.630212
4.230781e+09 0.401793 4.430055 3.996201 4.616454
4.217683e+09 0.400168 4.415194 3.984792 4.602736
4.204584e+09 0.398547 4.400388 3.973431 4.589059
4.191486e+09 0.396929 4.385638 3.962118 4.575423
4.178388e+09 0.395312 4.370907 3.950824 4.561791
4.165289e+09 0.393697 4.356212 3.939563 4.548182
4.152191e+09 0.392086 4.341572 3.928350 4.534613
4.139092e+09 0.390478 4.326987 3.917184 4.521085
4.125994e+09 0.388874 4.312457 3.906066 4.507599
4.112896e+09 0.387274 4.297981 3.889842 4.494153
4.099797e+09 0.385678 4.283560 3.865769 4.480748
4.086699e+09 0.384085 4.269193 3.841888 4.467384
4.073600e+09 0.382496 4.254880 3.818197 4.454060
4.060502e+09 0.380911 4.240620 3.794695 4.440777
4.047404e+09 0.379325 4.226378 3.771326 4.427498
4.034305e+09 0.377742 4.212172 3.748117 4.414241
4.021207e+09 0.376162 4.198019 3.725092 4.401024
4.008108e+09 0.374586 4.183920 3.702250 4.387848
3.995010e+09 0.373014 4.169874 3.679590 4.374713
3.981912e+09 0.371445 4.155881 3.657109 4.361619
3.968813e+09 0.369879 4.141941 3.634806 4.348565
3.955715e+09 0.368318 4.128054 3.612680 4.335552
3.942617e+09 0.366759 4.114220 3.590729 4.322579
3.929518e+09 0.365205 4.100438 3.568951 4.309646
3.916420e+09 0.363650 4.086675 3.547298 4.296720
3.903321e+09 0.362098 4.072943 3.525785 4.283812
3.890223e+09 0.360548 4.059263 3.504442 4.270945
3.877125e+09 0.359002 4.045636 3.483267 4.258118
3.864026e+09 0.357460 4.032060 3.462259 4.245331
3.850928e+09 0.355921 4.018536 3.441416 4.232585
3.837829e+09 0.354386 4.005064 3.420737 4.219879
3.824731e+09 0.352854 3.991643 3.400220 4.207212
3.811633e+09 0.351326 3.978273 3.379863 4.194586
3.798534e+09 0.349801 3.964955 3.359666 4.182000
3.785436e+09 0.348277 3.951662 3.339593 4.169428
3.772337e+09 0.346753 3.938391 3.319636 4.156866
3.759239e+09 0.345233 3.925170 3.299835 4.144343
3.746141e+09 0.343717 3.912000 3.280189 4.131861
3.733042e+09 0.342204 3.898881 3.260696 4.119418
3.719944e+09 0.340694 3.885812 3.241355 4.107016
3.706845e+09 0.339187 3.872793 3.222165 4.094653
3.693747e+09 0.337684 3.859824 3.203124 4.082329
3.680649e+09 0.336185 3.846905 3.184230 4.070045
3.667550e+09 0.334688 3.834036 3.165483 4.057801
3.654452e+09 0.333194 3.821204 3.146865 4.045584
3.641353e+09 0.331699 3.808379 3.128336 4.033362
3.628255e+09 0.330207 3.795603 3.109950 4.021179
3.615157e+09 0.328719 3.782877 3.091706 4.009037
3.602058e+09 0.327234 3.770200 3.073603 3.996933
3.588960e+09 0.325752 3.757572 3.055641 3.984869
3.575861e+09 0.324274 3.744992 3.037816 3.972844
3.562763e+09 0.322798 3.732462 3.020129 3.960859
3.549665e+09 0.321326 3.719979 3.002578 3.948912
3.536566e+09 0.319858 3.707545 2.985161 3.937004
3.523468e+09 0.318392 3.695159 2.967878 3.925135
3.510370e+09 0.316925 3.682771 2.950665 3.913254
3.497271e+09 0.315461 3.670427 2.933578 3.901407
3.484173e+09 0.314000 3.658130 2.916622 3.889598
3.471074e+09 0.312542 3.645881 2.899795 3.877828
3.457976e+09 0.311087 3.633680 2.883097 3.866097
3.444878e+09 0.309635 3.621526 2.866527 3.854405
3.431779e+09 0.308187 3.609419 2.850083 3.842751
3.418681e+09 0.306742 3.597359 2.833764 3.831136
3.405582e+09 0.305300 3.585347 2.817569 3.819559
3.392484e+09 0.303861 3.573380 2.801498 3.808021
3.379386e+09 0.302423 3.561433 2.785513 3.796491
3.366287e+09 0.300984 3.549505 2.769619 3.784973
3.353189e+09 0.299549 3.537624 2.753844 3.773492
3.340090e+09 0.298118 3.525790 2.738190 3.762051
3.326992e+09 0.296689 3.514001 2.722654 3.750647
3.313894e+09 0.295263 3.502259 2.707235 3.739281
3.300795e+09 0.293841 3.490563 2.691933 3.727953
3.287697e+09 0.292422 3.478912 2.676747 3.716663
3.274598e+09 0.291005 3.467306 2.661674 3.705411
3.261500e+09 0.289592 3.455746 2.646715 3.694197
3.248402e+09 0.288182 3.444228 2.631865 3.683017
3.235303e+09 0.286769 3.432704 2.617066 3.671821
3.222205e+09 0.285360 3.421226 2.602379 3.660663
3.209106e+09 0.283953 3.409792 2.587801 3.649543
3.196008e+09 0.282550 3.398403 2.573333 3.638460
3.182910e+09 0.281149 3.387059 2.558973 3.627414
3.169811e+09 0.279752 3.375759 2.544721 3.616406
3.156713e+09 0.278358 3.364503 2.530575 3.605435
3.143615e+09 0.276966 3.353291 2.516534 3.594500
3.130516e+09 0.275578 3.342124 2.502598 3.583603
3.117418e+09 0.274193 3.331000 2.488765 3.572743
3.104319e+09 0.272808 3.319893 2.475004 3.561891
3.091221e+09 0.271423 3.308802 2.461316 3.551049
3.078123e+09 0.270040 3.297756 2.447729 3.540243
3.065024e+09 0.268661 3.286753 2.434243 3.529474
3.051926e+09 0.267285 3.275793 2.420857 3.518742
3.038827e+09 0.265912 3.264876 2.407570 3.508047
3.025729e+09 0.264542 3.254003 2.394381 3.501976
3.012631e+09 0.263175 3.243172 2.381289 3.496889
2.999532e+09 0.261810 3.232383 2.368294 3.491832
2.986434e+09 0.260449 3.221637 2.355394 3.486806
2.973335e+09 0.259091 3.210933 2.342590 3.481810
2.960237e+09 0.257730 3.200225 2.329828 3.476816
2.947139e+09 0.256371 3.189552 2.317152 3.471849
2.934040e+09 0.255016 3.178922 2.304570 3.466911
2.920942e+09 0.253663 3.168334 2.292081 3.462002
2.907843e+09 0.252313 3.157787 2.279682 3.457124
2.894745e+09 0.250966 3.147282 2.267374 3.452275
2.881647e+09 0.249622 3.136819 2.255157 3.447455
2.868548e+09 0.248281 3.126396 2.243028 3.442664
2.855450e+09 0.246943 3.116015 2.230987 3.437902
2.842351e+09 0.245608 3.105675 2.219035 3.433168
2.829253e+09 0.244274 3.095366 2.207158 3.428458
2.816155e+09 0.242938 3.085055 2.195323 3.423751
2.803056e+09 0.241605 3.074784 2.183573 3.419072
2.789958e+09 0.240275 3.064554 2.171909 3.414421
2.776859e+09 0.238948 3.054365 2.160329 3.409798
2.763761e+09 0.237624 3.044216 2.148834 3.405204
2.750663e+09 0.236302 3.034107 2.137421 3.400637
2.737564e+09 0.234984 3.024039 2.126091 3.396098
2.724466e+09 0.233668 3.014010 2.114842 3.391587
2.711368e+09 0.232355 3.004020 2.103674 3.387103
2.698269e+09 0.231044 2.994070 2.092586 3.382646
2.685171e+09 0.229734 2.984138 2.081557 3.378204
2.672072e+09 0.228423 2.974215 2.070575 3.373771
2.658974e+09 0.227115 2.964332 2.059672 3.369365
2.645876e+09 0.225810 2.954487 2.048847 3.364986
2.632777e+09 0.224507 2.944682 2.038099 3.360633
2.619679e+09 0.223208 2.934915 2.027429 3.356307
2.606580e+09 0.221911 2.925188 2.016835 3.352008
2.593482e+09 0.220616 2.915498 2.006316 3.347734
2.580384e+09 0.219325 2.905848 1.995872 3.343487
2.567285e+09 0.218036 2.896235 1.985503 3.339266
2.554187e+09 0.216750 2.886660 1.975207 3.335071
2.541088e+09 0.215463 2.877095 1.964956 3.330885
2.527990e+09 0.214176 2.867545 1.954755 3.326711
2.514892e+09 0.212892 2.858034 1.944627 3.322563
2.501793e+09 0.211611 2.848560 1.934570 3.318441
2.488695e+09 0.210332 2.839123 1.924585 3.314344
2.475596e+09 0.209056 2.829725 1.914670 3.310272
2.462498e+09 0.207782 2.820363 1.904825 3.306225
2.449400e+09 0.206512 2.811039 1.895050 3.302203
2.436301e+09 0.205244 2.801752 1.885343 3.298206
2.423203e+09 0.203978 2.792501 1.875705 3.294234
2.410104e+09 0.202716 2.783287 1.866134 3.290287
2.397006e+09 0.201451 2.774078 1.856599 3.286345
2.383908e+09 0.200188 2.764887 1.847114 3.282417
2.370809e+09 0.198927 2.755733 1.837695 3.278513
2.357711e+09 0.197668 2.746615 1.828343 3.274634
2.344612e+09 0.196412 2.737534 1.819056 3.270779
2.331514e+09 0.195159 2.728488 1.809833 3.266948
2.318416e+09 0.193909 2.719479 1.800676 3.263141
2.305317e+09 0.192661 2.710505 1.791581 3.259357
2.292219e+09 0.191416 2.701568 1.782551 3.255597
2.279121e+09 0.190173 2.692665 1.773582 3.251861
2.266022e+09 0.188933 2.683798 1.764676 3.248148
2.252924e+09 0.187691 2.674934 1.755802 3.244440
2.239825e+09 0.186450 2.666088 1.746973 3.240745
2.226727e+09 0.185211 2.657278 1.738205 3.237073
2.213629e+09 0.183975 2.648502 1.729498 3.233425
2.200530e+09 0.182741 2.639762 1.720851 3.229799
2.187432e+09 0.181510 2.631056 1.712264 3.226197
2.174333e+09 0.180282 2.622385 1.703737 3.222617
2.161235e+09 0.179056 2.613748 1.695268 3.219059
2.148137e+09 0.177833 2.605146 1.686857 3.215525
2.135038e+09 0.176612 2.596578 1.678504 3.212012
2.121940e+09 0.175394 2.588045 1.670208 3.208522
2.108841e+09 0.174174 2.579516 1.661942 3.205037
2.095743e+09 0.172955 2.571001 1.653716 3.201564
2.082645e+09 0.171737 2.562521 1.645546 3.198112
2.069546e+09 0.170523 2.554074 1.637431 3.194683
2.056448e+09 0.169311 2.545661 1.629373 3.191275
2.043349e+09 0.168101 2.537282 1.621369 3.187889
2.030251e+09 0.166894 2.528936 1.613420 3.184525
2.017153e+09 0.165690 2.520623 1.605525 3.181183
2.004054e+09 0.164487 2.512344 1.597683 3.177862
1.990956e+09 0.163288 2.504097 1.589895 3.174562
1.977857e+09 0.162091 2.495883 1.582160 3.171283
1.964759e+09 0.160893 2.487680 1.574457 3.168013
1.951661e+09 0.159694 2.479484 1.566784 3.164750
1.938562e+09 0.158498 2.471320 1.559163 3.161508
1.925464e+09 0.157304 2.463189 1.551593 3.158287
1.912365e+09 0.156113 2.455091 1.544075 3.155086
1.899267e+09 0.154924 2.447025 1.536607 3.151907
1.886169e+09 0.153738 2.438991 1.529190 3.148748
1.873070e+09 0.152554 2.430990 1.521823 3.145610
1.859972e+09 0.151372 2.423020 1.514505 3.142492
1.846874e+09 0.150193 2.415082 1.507236 3.139395
1.833775e+09 0.149016 2.407175 1.500016 3.136318
1.820677e+09 0.147840 2.399288 1.492834 3.133254
1.807578e+09 0.146662 2.391397 1.485670 3.130190
1.794480e+09 0.145486 2.383539 1.478554 3.127147
1.781382e+09 0.144312 2.375711 1.471485 3.124124
1.768283e+09 0.143141 2.367915 1.464464 3.121122
1.755185e+09 0.141972 2.360150 1.457490 3.118138
1.742086e+09 0.140806 2.352416 1.450562 3.115175
1.728988e+09 0.139642 2.344713 1.443680 3.112231
1.715890e+09 0.138480 2.337041 1.436844 3.109307
1.702791e+09 0.137321 2.329399 1.430054 3.106403
1.689693e+09 0.136164 2.321788 1.423308 3.103517
1.676594e+09 0.135009 2.314207 1.416607 3.100651
1.663496e+09 0.133851 2.306610 1.409912 3.097779
1.650398e+09 0.132694 2.299044 1.403261 3.094926
1.637299e+09 0.131540 2.291508 1.396654 3.092092
1.624201e+09 0.130388 2.284002 1.390091 3.089277
1.611102e+09 0.129239 2.276526 1.383571 3.086481
1.598004e+09 0.128092 2.269080 1.377094 3.083704
1.584906e+09 0.126947 2.261663 1.370660 3.080946
1.571807e+09 0.125805 2.254277 1.364268 3.078207
1.558709e+09 0.124665 2.246920 1.357918 3.075486
1.545610e+09 0.123527 2.239592 1.351609 3.072784
1.532512e+09 0.122391 2.232293 1.345342 3.070100
1.519414e+09 0.121254 2.224993 1.339091 3.067418
1.506315e+09 0.120116 2.217708 1.332868 3.064746
1.493217e+09 0.118981 2.210452 1.326687 3.062092
1.480118e+09 0.117848 2.203224 1.320546 3.059457
1.467020e+09 0.116718 2.196026 1.314445 3.056840
1.453922e+09 0.115589 2.188856 1.308384 3.054241
1.440823e+09 0.114463 2.181716 1.302362 3.051660
1.427725e+09 0.113340 2.174603 1.296379 3.049097
1.414627e+09 0.112218 2.167519 1.290436 3.046552
1.401528e+09 0.111099 2.160464 1.284530 3.044024
1.388430e+09 0.109982 2.153436 1.278663 3.041514
1.375331e+09 0.108865 2.146424 1.272824 3.039016
1.362233e+09 0.107746 2.139408 1.266997 3.036517
1.349135e+09 0.106629 2.132421 1.261208 3.034036
1.336036e+09 0.105515 2.125461 1.255457 3.031572
1.322938e+09 0.104402 2.118529 1.249743 3.029126
1.309839e+09 0.103292 2.111625 1.244065 3.026697
1.296741e+09 0.102184 2.104749 1.238424 3.024286
1.283643e+09 0.101078 2.097900 1.232819 3.021891
1.270544e+09 0.099975 2.091078 1.227251 3.019514
1.257446e+09 0.098874 2.084284 1.221717 3.017154
1.244347e+09 0.097775 2.077516 1.216220 3.014810
1.231249e+09 0.096678 2.070776 1.210757 3.012484
1.218151e+09 0.095578 2.064027 1.205302 3.010155
1.205052e+09 0.094478 2.057298 1.199875 3.007839
1.191954e+09 0.093381 2.050595 1.194484 3.005540
1.178855e+09 0.092287 2.043919 1.189127 3.003257
1.165757e+09 0.091194 2.037270 1.183804 3.000991
1.152659e+09 0.090104 2.030647 1.178514 2.998742
1.139560e+09 0.089016 2.024051 1.173259 2.996509
1.126462e+09 0.087930 2.017481 1.168037 2.994293
1.113363e+09 0.086846 2.010938 1.162847 2.992093
1.100265e+09 0.085764 2.004420 1.157691 2.989909
1.087167e+09 0.084684 1.997929 1.152567 2.987741
1.074068e+09 0.083605 1.991450 1.147466 2.985583
1.060970e+09 0.082523 1.984968 1.142375 2.983425
1.047872e+09 0.081443 1.978512 1.137316 2.981283
1.034773e+09 0.080366 1.972082 1.132289 2.979157
1.021675e+09 0.079290 1.965678 1.127294 2.977048
1.008576e+09 0.078217 1.959299 1.122330 2.974954
9.954779e+08 0.077146 1.952945 1.117398 2.972876
9.823795e+08 0.076076 1.946617 1.112496 2.970814
9.692811e+08 0.075009 1.940315 1.107625 2.968767
9.561827e+08 0.073945 1.934037 1.102785 2.966736
9.430844e+08 0.072882 1.927785 1.097975 2.964721
9.299860e+08 0.071821 1.921557 1.093194 2.962721
9.168876e+08 0.070758 1.915325 1.088422 2.960721
9.037892e+08 0.069695 1.909105 1.083671 2.958731
8.906908e+08 0.068634 1.902911 1.078950 2.956756
8.775924e+08 0.067575 1.896742 1.074258 2.954796
8.644940e+08 0.066518 1.890597 1.069596 2.952851
8.513956e+08 0.065463 1.884476 1.064962 2.950922
8.382972e+08 0.064410 1.878381 1.060357 2.949008
8.251988e+08 0.063360 1.872309 1.055781 2.947109
8.121004e+08 0.062311 1.866262 1.051233 2.945225
7.990020e+08 0.061265 1.860239 1.046713 2.943356
7.859036e+08 0.060220 1.854240 1.042221 2.941502
7.728052e+08 0.059177 1.848262 1.037755 2.939661
7.597068e+08 0.058130 1.842270 1.033289 2.937816
7.466084e+08 0.057085 1.836302 1.028851 2.935986
7.335101e+08 0.056042 1.830358 1.024440 2.934170
7.204117e+08 0.055001 1.824438 1.020057 2.932369
7.073133e+08 0.053963 1.818541 1.015700 2.930583
6.942149e+08 0.052926 1.812669 1.011371 2.928811
6.811165e+08 0.051891 1.806819 1.007067 2.927054
6.680181e+08 0.050858 1.800993 1.002791 2.925312
6.549197e+08 0.049828 1.795190 0.998540 2.923584
6.418213e+08 0.048799 1.789411 0.994315 2.921870
6.287229e+08 0.047773 1.783654 0.990116 2.920170
6.156245e+08 0.046745 1.777905 0.985933 2.918477
6.025261e+08 0.045716 1.772155 0.981757 2.916786
5.894277e+08 0.044689 1.766428 0.977607 2.915109
5.763293e+08 0.043663 1.760723 0.973483 2.913447
5.632309e+08 0.042640 1.755042 0.969383 2.911798
5.501325e+08 0.041619 1.749383 0.965309 2.910164
5.370341e+08 0.040599 1.743747 0.961259 2.908544
5.239358e+08 0.039582 1.738133 0.957234 2.906937
5.108374e+08 0.038567 1.732542 0.953233 2.905345
4.977390e+08 0.037553 1.726973 0.949256 2.903766
4.846406e+08 0.036542 1.721426 0.945303 2.902201
4.715422e+08 0.035533 1.715901 0.941374 2.900650
4.584438e+08 0.034521 1.710375 0.937453 2.899101
4.453454e+08 0.033509 1.704855 0.933545 2.897558
4.322470e+08 0.032498 1.699358 0.929661 2.896029
4.191486e+08 0.031490 1.693883 0.925800 2.894513
4.060502e+08 0.030484 1.688430 0.921962 2.893011
3.929518e+08 0.029480 1.682998 0.918148 2.891523
3.798534e+08 0.028477 1.677588 0.914356 2.890048
3.667550e+08 0.027477 1.672200 0.910587 2.888586
3.536566e+08 0.026478 1.666833 0.906840 2.887138
3.405582e+08 0.025482 1.661488 0.903116 2.885703
3.274598e+08 0.024487 1.656164 0.899415 2.884281
3.143615e+08 0.023494 1.650861 0.895735 2.882873
3.012631e+08 0.022498 1.645549 0.892057 2.881463
2.881647e+08 0.021502 1.640251 0.888396 2.880062
2.750663e+08 0.020509 1.634974 0.884757 2.878675
2.619679e+08 0.019517 1.629718 0.881139 2.877301
2.488695e+08 0.018527 1.624483 0.877543 2.875940
2.357711e+08 0.017539 1.619269 0.873969 2.874592
2.226727e+08 0.016553 1.614076 0.870415 2.873257
2.095743e+08 0.015569 1.608903 0.866883 2.871935
1.964759e+08 0.014587 1.603751 0.863372 2.870625
1.833775e+08 0.013607 1.598620 0.859881 2.869329
1.702791e+08 0.012628 1.593509 0.856411 2.868045
1.571807e+08 0.011652 1.588418 0.852961 2.866774
1.440823e+08 0.010671 1.583314 0.849509 2.865500
1.309839e+08 0.009692 1.578227 0.846076 2.864236
1.178855e+08 0.008714 1.573161 0.842664 2.862986
1.047872e+08 0.007738 1.568114 0.839271 2.861748
9.168876e+07 0.006764 1.563088 0.835899 2.860523
7.859036e+07 0.005792 1.558082 0.832546 2.859310
6.549197e+07 0.004822 1.553096 0.829213 2.858110
5.239358e+07 0.003854 1.548130 0.825899 2.856922
3.929518e+07 0.002888 1.543184 0.822605 2.855747
2.619679e+07 0.001923 1.538257 0.819330 2.854584
1.309839e+07 0.000961 1.533350 0.816074 2.853434
