1.309839e+10 9.000000 0.000000 0.000000 0.669438
1.308530e+10 8.847726 0.000000 0.000000 0.534663
1.307220e+10 8.701050 0.000000 0.000000 0.513917
1.305910e+10 8.559660 0.000000 0.000000 0.502893
1.304600e+10 8.423368 0.000000 0.000000 0.495833
1.303290e+10 8.291842 0.000000 0.000000 0.490933
1.301980e+10 8.164779 0.000000 0.000000 0.487388
1.300671e+10 8.041947 0.000000 0.000000 0.484774
1.299361e+10 7.923131 0.000000 0.000000 0.482838
1.298051e+10 7.808144 0.000000 0.000000 0.481416
1.296741e+10 7.696830 0.000000 0.000000 0.480400
1.295431e+10 7.588952 0.000000 0.000000 0.479711
1.294121e+10 7.484347 0.000000 0.000000 0.479291
1.292811e+10 7.382859 0.000000 0.000000 0.479097
1.291502e+10 7.284344 0.000000 0.000000 0.479096
1.290192e+10 7.188666 0.000000 0.000000 0.479261
1.288882e+10 7.095696 0.000000 0.000000 0.479572
1.287572e+10 7.005312 0.000000 0.000000 0.480010
1.286262e+10 6.917401 0.000000 0.000000 0.480562
1.284952e+10 6.831855 0.000000 0.000000 0.481216
1.283643e+10 6.748572 0.000000 0.000000 0.481961
1.282333e+10 6.667456 0.000000 0.000000 0.482791
1.281023e+10 6.588431 0.000000 0.000000 0.483696
1.279713e+10 6.511436 0.000000 0.000000 0.484672
1.278403e+10 6.436355 0.000000 0.000000 0.485712
1.277093e+10 6.363109 0.000000 0.000000 0.486812
1.275784e+10 6.291625 0.000000 0.000000 0.487968
1.274474e+10 6.221832 0.000000 0.000000 0.489176
1.273164e+10 6.153665 0.000000 0.000000 0.490434
1.271854e+10 6.087102 0.000000 0.000000 0.491738
1.270544e+10 6.022088 0.000000 0.000000 0.493085
1.269234e+10 5.958522 0.000000 0.000000 0.494474
1.267925e+10 5.896348 0.000000 0.000000 0.495902
1.266615e+10 5.835515 0.000000 0.000000 0.497367
1.265305e+10 5.776057 0.000000 0.000000 0.498868
1.263995e+10 5.717866 0.000000 0.000000 0.500404
1.262685e+10 5.660874 0.000000 0.000000 0.501973
1.261375e+10 5.605040 0.000000 0.000000 0.503573
1.260065e+10 5.550427 0.000000 0.000000 0.505204
1.258756e+10 5.496902 0.000000 0.000000 0.506865
1.257446e+10 5.444416 0.000000 0.000000 0.508554
1.256136e+10 5.392990 0.000000 0.000000 0.510271
1.254826e+10 5.342602 0.000000 0.000000 0.512016
1.253516e+10 5.293149 0.000000 0.000000 0.513786
1.252206e+10 5.244640 0.000000 0.000000 0.515582
1.250897e+10 5.197097 0.000000 0.000000 0.517403
1.249587e+10 5.150398 0.000000 0.000000 0.519248
1.248277e+10 5.104567 0.000000 0.000000 0.521117
1.246967e+10 5.059611 0.000000 0.000000 0.523009
1.245657e+10 5.015419 0.000000 0.000000 0.524925
1.244347e+10 4.972050 0.000000 0.000000 0.526863
1.243038e+10 4.929453 0.000000 0.000000 0.528823
1.241728e+10 4.887546 0.000000 0.000000 0.530805
1.240418e+10 4.846450 0.000000 0.000000 0.532808
1.239108e+10 4.806006 0.000000 0.000000 0.534833
1.237798e+10 4.766255 0.000000 0.000000 0.536878
1.236488e+10 4.727194 0.000000 0.000000 0.538944
1.235179e+10 4.688723 0.000000 0.000000 0.541031
1.233869e+10 4.650970 0.000000 0.000000 0.543138
1.232559e+10 4.613770 0.000000 0.000000 0.545264
1.231249e+10 4.577204 0.000000 0.000000 0.547411
1.229939e+10 4.541209 0.000000 0.000000 0.549577
1.228629e+10 4.505773 0.000000 0.000000 0.551762
1.227319e+10 4.470921 0.000000 0.000000 0.553967
1.226010e+10 4.436563 0.000000 0.000000 0.556191
1.224700e+10 4.402796 0.000000 0.000000 0.558434
1.223390e+10 4.369472 0.000000 0.000000 0.560696
1.222080e+10 4.336729 0.000000 0.000000 0.562976
1.220770e+10 4.304408 0.000000 0.000000 0.565276
1.219460e+10 4.272625 0.000000 0.000000 0.567594
1.218151e+10 4.241257 0.000000 0.000000 0.569931
1.216841e+10 4.210391 0.000000 0.000000 0.572286
1.215531e+10 4.179930 0.000000 0.000000 0.574659
1.214221e+10 4.149942 0.000000 0.000000 0.577051
1.212911e+10 4.120344 0.000000 0.000000 0.579462
1.211601e+10 4.091197 0.000000 0.000000 0.581891
1.210292e+10 4.062421 0.000000 0.000000 0.584338
1.208982e+10 4.034080 0.000000 0.000000 0.586803
1.207672e+10 4.006087 0.000000 0.000000 0.589286
1.206362e+10 3.978520 0.000000 0.000000 0.591788
1.205052e+10 3.951272 0.000000 0.000000 0.594308
1.203742e+10 3.924447 0.000000 0.000000 0.596846
1.202433e+10 3.897912 0.000000 0.000000 0.599402
1.201123e+10 3.871800 0.000000 0.000000 0.601977
1.199813e+10 3.845965 0.000000 0.000000 0.604569
1.198503e+10 3.820516 0.000000 0.000000 0.607180
1.197193e+10 3.795355 0.000000 0.000000 0.609809
1.195883e+10 3.770540 0.000000 0.000000 0.612457
1.194574e+10 3.746027 0.000000 0.000000 0.615122
1.193264e+10 3.721816 0.000000 0.000000 0.617806
1.191954e+10 3.697926 0.000000 0.000000 0.620508
1.190644e+10 3.674294 0.000000 0.000000 0.623229
1.189334e+10 3.651005 0.000000 0.000000 0.625968
1.188024e+10 3.627947 0.000000 0.000000 0.628725
1.186714e+10 3.605214 0.000000 0.000000 0.631501
1.185405e+10 3.582725 0.000000 0.000000 0.634295
1.184095e+10 3.560509 0.000000 0.000000 0.637108
1.182785e+10 3.538569 0.000000 0.000000 0.639940
1.181475e+10 3.516848 0.000000 0.000000 0.642790
1.180165e+10 3.495436 0.000000 0.000000 0.645658
1.178855e+10 3.474227 0.000000 0.000000 0.648546
1.177546e+10 3.453288 0.000000 0.000000 0.651452
1.176236e+10 3.432582 0.000000 0.000000 0.654378
1.174926e+10 3.412087 0.000000 0.000000 0.657322
1.173616e+10 3.391866 0.000000 0.000000 0.660285
1.172306e+10 3.371830 0.000000 0.000000 0.663267
1.170996e+10 3.352044 0.000000 0.000000 0.666269
1.169687e+10 3.332470 0.000000 0.000000 0.669290
1.168377e+10 3.313083 0.000000 0.000000 0.672330
1.167067e+10 3.293956 0.000000 0.000000 0.675389
1.165757e+10 3.274998 0.000000 0.000000 0.678468
1.164447e+10 3.256256 0.000000 0.000000 0.681566
1.163137e+10 3.237724 0.000000 0.000000 0.684684
1.161828e+10 3.219353 0.000000 0.000000 0.687821
1.160518e+10 3.201221 0.000000 0.000000 0.690979
1.159208e+10 3.183256 0.000000 0.000000 0.694156
1.157898e+10 3.165461 0.000000 0.000000 0.697353
1.156588e+10 3.147889 0.000000 0.000000 0.700570
1.155278e+10 3.130466 0.000000 0.000000 0.703808
1.153968e+10 3.113227 0.000000 0.000000 0.707065
1.152659e+10 3.096179 0.000000 0.000000 0.710343
1.151349e+10 3.079272 0.000000 0.000000 0.713642
1.150039e+10 3.062561 0.000000 0.000000 0.716960
1.148729e+10 3.046014 0.000000 0.000000 0.720300
1.147419e+10 3.029600 0.000000 0.000000 0.723660
1.146109e+10 3.013389 0.000000 0.000000 0.727041
1.144800e+10 2.997320 0.000000 0.000000 0.730443
1.143490e+10 2.981379 0.000000 0.000000 0.733866
1.142180e+10 2.965641 0.000000 0.000000 0.737310
1.140870e+10 2.950030 0.000000 0.000000 0.740775
1.139560e+10 2.934545 0.000000 0.000000 0.744262
1.138250e+10 2.919253 0.000000 0.000000 0.747770
1.136941e+10 2.904079 0.000000 0.000000 0.751299
1.135631e+10 2.889029 0.000000 0.000000 0.754851
1.134321e+10 2.874162 0.000000 0.000000 0.758424
1.133011e+10 2.859408 0.000000 0.000000 0.762019
1.131701e+10 2.844771 0.000000 0.000000 0.765636
1.130391e+10 2.830311 0.000000 0.000000 0.769275
1.129082e+10 2.815959 0.000000 0.000000 0.772937
1.127772e+10 2.801715 0.000000 0.000000 0.776621
1.126462e+10 2.787645 0.000000 0.000000 0.780328
1.125152e+10 2.773679 0.000000 0.000000 0.790913
1.123842e+10 2.759815 0.000000 0.000000 0.821772
1.122532e+10 2.746113 0.000000 0.000000 0.853611
1.121223e+10 2.732517 0.000000 0.000000 0.886454
1.119913e+10 2.719020 0.000000 0.000000 0.920326
1.118603e+10 2.705666 0.000000 0.000000 0.955251
1.117293e+10 2.692426 0.000000 0.000000 0.991254
1.115983e+10 2.679280 0.000000 0.000000 1.028360
1.114673e+10 2.666259 0.000000 0.000000 1.066594
1.113363e+10 2.653361 0.000000 0.000000 1.105984
1.112054e+10 2.640553 0.000000 0.000000 1.146554
1.110744e+10 2.627848 0.000000 0.000000 1.188334
1.109434e+10 2.615278 0.000000 0.000000 1.231348
1.108124e+10 2.602795 0.000000 0.000000 1.275626
1.106814e+10 2.590398 0.000000 0.000000 1.321195
1.105504e+10 2.578138 0.000000 0.000000 1.368085
1.104195e+10 2.565967 0.000000 0.000000 1.416323
1.102885e+10 2.553879 0.000000 0.000000 1.465939
1.101575e+10 2.541902 0.000000 0.000000 1.516964
1.100265e+10 2.530033 0.000000 0.000000 1.569427
1.098955e+10 2.518242 0.000000 0.000000 1.623359
1.097645e+10 2.506535 0.000000 0.000000 1.678792
1.096336e+10 2.494955 0.000000 0.000000 1.735757
1.095026e+10 2.483451 0.000000 0.000000 1.794285
1.093716e+10 2.472022 0.000000 0.000000 1.854410
1.092406e+10 2.460700 0.000000 0.000000 1.916165
1.091096e+10 2.449472 0.000000 0.000000 1.979582
1.089786e+10 2.438317 0.000000 0.000000 2.044696
1.088477e+10 2.427236 0.000000 0.000000 2.111541
1.087167e+10 2.416275 0.000000 0.000000 2.180152
1.085857e+10 2.405383 0.000000 0.000000 2.250564
1.084547e+10 2.394561 0.000000 0.000000 2.322813
1.083237e+10 2.383828 0.000000 0.000000 2.396935
1.081927e+10 2.373191 0.000000 0.000000 2.472967
1.080617e+10 2.362621 0.000000 0.000000 2.550946
1.079308e+10 2.352116 0.000000 0.000000 2.630909
1.077998e+10 2.341713 0.000000 0.000000 2.712896
1.076688e+10 2.331385 0.000000 0.000000 2.796944
1.075378e+10 2.321121 0.000000 0.000000 2.883092
1.074068e+10 2.310922 0.000000 0.000000 2.971381
1.072758e+10 2.300829 0.000000 0.000000 3.061851
1.071449e+10 2.290797 0.000000 0.000000 3.154542
1.070139e+10 2.280826 0.000000 0.000000 3.249495
1.068829e+10 2.270927 0.000000 0.000000 3.346752
1.067519e+10 2.261119 0.000000 0.000000 3.446356
1.066209e+10 2.251370 0.000000 0.000000 3.548349
1.064899e+10 2.241680 0.364488 0.000000 3.652774
1.063590e+10 2.232064 0.541804 0.000000 3.759676
1.062280e+10 2.222530 0.735082 0.000000 3.869098
1.060970e+10 2.213052 0.942024 0.000000 3.981085
1.059660e+10 2.203629 1.160688 0.000000 4.095684
1.058350e+10 2.194282 1.389448 0.000000 4.212939
1.057040e+10 2.185010 1.626888 0.000000 4.332898
1.055731e+10 2.175791 1.871723 0.000000 4.455607
1.054421e+10 2.166626 2.122840 0.000000 4.581114
1.053111e+10 2.157534 2.379313 0.000000 4.709467
1.051801e+10 2.148512 2.640273 0.000000 4.840715
1.050491e+10 2.139542 2.904881 0.000000 4.974908
1.049181e+10 2.130623 3.172416 0.000000 5.112095
1.047872e+10 2.121773 3.442305 0.000000 5.252326
1.046562e+10 2.112992 3.713985 0.000000 5.395653
1.045252e+10 2.104260 3.986848 0.000000 5.542128
1.043942e+10 2.095577 4.260401 0.000000 5.691802
1.042632e+10 2.086957 4.534277 0.000000 5.844728
1.041322e+10 2.078407 4.808131 0.000000 6.000959
1.040012e+10 2.069904 5.081482 0.000000 6.160550
1.038703e+10 2.061447 5.353986 0.000000 6.323556
1.037393e+10 2.053045 5.625385 0.000000 6.490030
1.036083e+10 2.044717 5.895542 0.000000 6.660030
1.034773e+10 2.036433 6.164026 0.000000 6.833611
1.033463e+10 2.028194 6.430600 0.058110 7.010830
1.032153e+10 2.020000 6.695043 0.087848 7.191746
1.030844e+10 2.011884 6.957440 0.128645 7.376416
1.029534e+10 2.003811 7.217361 0.183355 7.564899
1.028224e+10 1.995781 7.474639 0.250456 7.719305
1.026914e+10 1.987794 7.729123 0.328333 7.840241
1.025604e+10 1.979872 7.980897 0.420031 7.980897
1.024294e+10 1.972002 8.229737 0.526167 8.229737
1.022985e+10 1.964173 8.475444 0.647171 8.475444
1.021675e+10 1.956386 8.717917 0.783319 8.717917
1.020365e+10 1.948649 8.957180 0.934769 8.957180
1.019055e+10 1.940974 9.193283 1.101564 9.193283
1.017745e+10 1.933338 9.425939 1.181882 9.425939
1.016435e+10 1.925742 9.655087 1.188075 9.655087
1.015126e+10 1.918185 9.880671 1.194307 9.880671
1.013816e+10 1.910694 10.102977 1.200578 10.102977
1.012506e+10 1.903244 10.321693 1.206889 10.321693
1.011196e+10 1.895832 10.536747 1.213238 10.536747
1.009886e+10 1.888458 10.748111 1.219627 10.748111
1.008576e+10 1.881133 10.955916 1.226057 10.955916
1.007266e+10 1.873862 11.160237 1.232526 11.160237
1.005957e+10 1.866627 11.360836 1.239036 11.360836
1.004647e+10 1.859429 11.557703 1.245587 11.557703
1.003337e+10 1.852267 11.750832 1.252179 11.750832
1.002027e+10 1.845164 11.940561 1.258812 11.940561
1.000717e+10 1.838100 12.126643 1.265487 12.126643
9.994074e+09 1.831072 12.309014 1.272204 12.309014
9.980976e+09 1.824078 12.487683 1.278963 12.487683
9.967878e+09 1.817123 12.662736 1.285765 12.793595
9.954779e+09 1.810224 12.834462 1.292610 13.182646
9.941681e+09 1.803359 13.002545 1.299497 13.569431
9.928582e+09 1.796527 13.167003 1.306428 13.873301
9.915484e+09 1.789728 13.327854 1.313403 14.091900
9.902386e+09 1.782974 13.485325 1.320422 14.300268
9.889287e+09 1.776267 13.639476 1.327486 14.499068
9.876189e+09 1.769591 13.790110 1.334593 14.688364
9.863091e+09 1.762947 13.937252 1.341746 14.868610
9.849992e+09 1.756335 14.080931 1.348945 15.040220
9.836894e+09 1.749772 14.221476 1.357777 15.204151
9.823795e+09 1.743247 14.358770 1.411464 15.360481
9.810697e+09 1.736752 14.492707 1.467305 15.509289
9.797599e+09 1.730289 14.623318 1.525382 15.650896
9.784500e+09 1.723856 14.750637 1.585781 15.785603
9.771402e+09 1.717472 14.875063 1.648437 15.914364
9.758303e+09 1.711122 14.996357 1.713560 16.036946
9.745205e+09 1.704802 15.114476 1.781285 16.153463
9.732107e+09 1.698511 15.229454 1.851720 16.264160
9.719008e+09 1.692249 15.341327 1.924977 16.369268
9.705910e+09 1.686036 15.450528 2.000975 16.469706
9.692811e+09 1.679854 15.556760 2.079995 16.565090
9.679713e+09 1.673700 15.660009 2.162186 16.655535
9.666615e+09 1.667575 15.760312 2.247683 16.741231
9.653516e+09 1.661477 15.857707 2.336624 16.822362
9.640418e+09 1.655426 15.952621 2.428928 16.899762
9.627319e+09 1.649405 16.044767 2.524921 16.973042
9.614221e+09 1.643411 16.134127 2.624790 17.042268
9.601123e+09 1.637444 16.220739 2.728698 17.107594
9.588024e+09 1.631504 16.304641 2.836814 17.169167
9.574926e+09 1.625607 16.386219 2.949082 17.227694
9.561827e+09 1.619740 16.465261 3.065838 17.282897
9.548729e+09 1.613899 16.541714 3.187331 17.334757
9.535631e+09 1.608084 16.615616 3.313759 17.383395
9.522532e+09 1.602295 16.687004 3.445327 17.428931
9.509434e+09 1.596544 16.756187 3.582038 17.471909
9.496335e+09 1.590825 16.823096 3.724182 17.512261
9.483237e+09 1.585132 16.887608 3.872107 17.549842
9.470139e+09 1.579463 16.949761 4.026051 17.584752
9.457040e+09 1.573819 17.009589 4.186262 17.617087
9.443942e+09 1.568207 17.067295 4.352845 17.647194
9.430844e+09 1.562630 17.123012 4.525964 17.675301
9.417745e+09 1.557078 17.176518 4.706114 17.701104
9.404647e+09 1.551549 17.227848 4.893578 17.762854
9.391548e+09 1.546045 17.277037 5.088648 17.907586
9.378450e+09 1.540565 17.324150 5.291593 18.046033
9.365352e+09 1.535125 17.369577 5.502337 18.179060
9.352253e+09 1.529709 17.412971 5.721583 18.305949
9.339155e+09 1.524315 17.454364 5.949661 18.426798
9.326056e+09 1.518944 17.493792 6.186908 18.541707
9.312958e+09 1.513596 17.531285 6.433671 18.650779
9.299860e+09 1.508282 17.567151 6.689957 18.754721
9.286761e+09 1.502996 17.601282 6.956282 18.853338
9.273663e+09 1.497732 17.633579 7.233174 18.946461
9.260564e+09 1.492490 17.664074 7.521011 19.034199
9.247466e+09 1.487270 17.692799 7.820182 19.116661
9.234368e+09 1.482075 17.719863 8.130961 19.194133
9.221269e+09 1.476914 17.745531 8.453386 19.267234
9.208171e+09 1.471775 17.769522 8.788299 19.335409
9.195072e+09 1.466656 17.791866 9.136112 19.398769
9.181974e+09 1.461559 17.812592 9.497239 19.457423
9.168876e+09 1.456483 17.831730 9.872101 19.511483
9.155777e+09 1.451438 17.849552 10.260686 19.561589
9.142679e+09 1.446418 17.865977 10.663578 19.607613
9.129580e+09 1.441419 17.880901 11.081424 19.649382
9.116482e+09 1.436441 17.894349 11.514649 19.687003
9.103384e+09 1.431482 17.906350 11.963674 19.720581
9.090285e+09 1.426544 17.916935 12.428911 19.750232
9.077187e+09 1.421640 17.926485 12.910032 19.776816
9.064088e+09 1.416755 17.934667 13.408146 19.799679
9.050990e+09 1.411891 17.941509 13.923657 19.818921
9.037892e+09 1.407045 17.947035 14.456959 19.834641
9.024793e+09 1.402220 17.951269 14.573106 19.846939
9.011695e+09 1.397417 17.954340 14.595307 19.856127
8.998597e+09 1.392643 17.956415 14.616849 19.862602
8.985498e+09 1.387888 17.957272 14.637547 19.865947
8.972400e+09 1.383152 17.956935 14.657410 19.866252
8.959301e+09 1.378435 17.955428 14.676446 19.863608
8.946203e+09 1.373736 17.952772 14.694663 19.858104
8.933105e+09 1.369062 17.949156 14.712203 19.850169
8.920006e+09 1.364413 17.944605 14.729075 19.839894
8.906908e+09 1.359782 17.938972 14.745157 19.827018
8.893809e+09 1.355169 17.932281 14.760456 19.811625
8.880711e+09 1.350574 17.924551 14.774980 19.793794
8.867613e+09 1.345997 17.915804 14.788738 19.773605
8.854514e+09 1.341445 17.906254 14.801895 19.751526
8.841416e+09 1.336915 17.895850 14.814402 19.727489
8.828317e+09 1.332403 17.884489 14.826169 19.701320
8.815219e+09 1.327908 17.872191 14.837205 19.673093
8.802121e+09 1.323430 17.858976 14.847518 19.642877
8.789022e+09 1.318970 17.844862 14.857115 19.610742
8.775924e+09 1.314534 17.830062 14.866164 19.577137
8.762825e+09 1.310118 17.814505 14.874601 19.541953
8.749727e+09 1.305720 17.798106 14.882349 19.505047
8.736629e+09 1.301338 17.780880 14.889415 19.489543
8.723530e+09 1.296973 17.762847 14.895809 19.547426
8.710432e+09 1.292625 17.744022 14.901537 19.601738
8.697333e+09 1.288299 17.724592 14.906746 19.652838
8.684235e+09 1.283994 17.704518 14.911401 19.700725
8.671137e+09 1.279704 17.683703 14.915415 19.745290
8.658038e+09 1.275431 17.662164 14.918797 19.786614
8.644940e+09 1.271174 17.639915 14.921553 19.824771
8.631841e+09 1.266933 17.616972 14.923693 19.859838
8.618743e+09 1.262712 17.593474 14.925324 19.892091
8.605645e+09 1.258512 17.569455 14.926473 19.921640
8.592546e+09 1.254328 17.544788 14.927029 19.948322
8.579448e+09 1.250159 17.519488 14.926999 19.972204
8.566350e+09 1.246006 17.493567 14.926390 19.993357
8.553251e+09 1.241868 17.467041 14.925211 20.011846
8.540153e+09 1.237747 17.439983 14.923517 20.027838
8.527054e+09 1.233648 17.412536 14.921426 20.041615
8.513956e+09 1.229565 17.384524 14.918787 20.052928
8.500858e+09 1.225496 17.355961 14.915607 20.061837
8.487759e+09 1.221442 17.326858 14.911893 20.068405
8.474661e+09 1.217403 17.297230 14.907653 20.072692
8.461562e+09 1.213378 17.267087 14.902892 20.074755
8.448464e+09 1.209376 17.236660 14.897801 20.075016
8.435366e+09 1.205390 17.205759 14.892219 20.073198
8.422267e+09 1.201417 17.174381 14.886139 20.069330
8.409169e+09 1.197459 17.142536 14.879567 20.063465
8.396070e+09 1.193515 17.110237 14.872510 20.055657
8.382972e+09 1.189585 17.077495 14.864975 20.045958
8.369874e+09 1.185673 17.044436 14.857068 20.034614
8.356775e+09 1.181779 17.011056 14.848781 20.021649
8.343677e+09 1.177899 16.977264 14.840037 20.006946
8.330578e+09 1.174033 16.943073 14.830842 19.990552
8.317480e+09 1.170180 16.908491 14.821202 19.972515
8.304382e+09 1.166341 16.873529 14.811123 19.952880
8.291283e+09 1.162516 16.838207 14.800622 19.931711
8.278185e+09 1.158712 16.802715 14.789857 19.909351
8.265086e+09 1.154921 16.766871 14.778673 19.885527
8.251988e+09 1.151143 16.730685 14.767076 19.860281
8.238890e+09 1.147378 16.694168 14.755073 19.833655
8.225791e+09 1.143627 16.657327 14.742668 19.805690
8.212693e+09 1.139888 16.620172 14.729869 19.776425
8.199594e+09 1.136166 16.582800 14.716757 19.746048
8.186496e+09 1.132460 16.545227 14.703345 19.714606
8.173398e+09 1.128768 16.507364 14.689556 19.684189
8.160299e+09 1.125088 16.469221 14.675396 19.657174
8.147201e+09 1.121420 16.430806 14.660870 19.629289
8.134103e+09 1.117766 16.392127 14.645984 19.600559
8.121004e+09 1.114123 16.353192 14.630744 19.571009
8.107906e+09 1.110499 16.314147 14.615277 19.540886
8.094807e+09 1.106888 16.274890 14.599492 19.510040
8.081709e+09 1.103289 16.235400 14.583370 19.478448
8.068611e+09 1.099703 16.195683 14.566916 19.446134
8.055512e+09 1.096129 16.155747 14.550134 19.413122
8.042414e+09 1.092567 16.115598 14.533031 19.379434
8.029315e+09 1.089017 16.075257 14.515622 19.345111
8.016217e+09 1.085485 16.034858 14.498027 19.310377
8.003119e+09 1.081965 15.994267 14.480125 19.275031
7.990020e+09 1.078456 15.953491 14.461922 19.239094
7.976922e+09 1.074960 15.912536 14.443423 19.202585
7.963823e+09 1.071475 15.871408 14.424634 19.165524
7.950725e+09 1.068002 15.830113 14.405558 19.127931
7.937627e+09 1.064542 15.788692 14.386231 19.089876
7.924528e+09 1.061097 15.747222 14.366720 19.051487
7.911430e+09 1.057664 15.705602 14.346938 19.012619
7.898331e+09 1.054242 15.663840 14.326889 18.973288
7.885233e+09 1.050831 15.621940 14.306577 18.933513
7.872135e+09 1.047432 15.579908 14.286008 18.893308
7.859036e+09 1.044044 15.537750 14.265186 18.852690
7.845938e+09 1.040669 15.495510 14.244150 18.811736
7.832839e+09 1.037308 15.453240 14.222946 18.770530
7.819741e+09 1.033958 15.410858 14.201502 18.728955
7.806643e+09 1.030619 15.368371 14.179822 18.687026
7.793544e+09 1.027292 15.325782 14.157911 18.644757
7.780446e+09 1.023975 15.283098 14.135774 18.602163
7.767348e+09 1.020668 15.240323 14.113413 18.559255
7.754249e+09 1.017374 15.197494 14.090864 18.516098
7.741151e+09 1.014094 15.154661 14.068170 18.472772
7.728052e+09 1.010824 15.111750 14.045266 18.429170
7.714954e+09 1.007565 15.068765 14.022155 18.385304
7.701856e+09 1.004316 15.025712 13.998842 18.341186
7.688757e+09 1.001078 14.982594 13.975329 18.296828
7.675659e+09 0.997850 14.939415 13.951623 18.252241
7.662560e+09 0.994634 14.896199 13.927742 18.207464
7.649462e+09 0.991431 14.853009 13.903746 18.162597
7.636364e+09 0.988238 14.809770 13.879567 18.117533
7.623265e+09 0.985055 14.766487 13.855208 18.072279
7.610167e+09 0.981883 14.723162 13.830672 18.026848
7.597068e+09 0.978720 14.679800 13.805965 17.981247
7.583970e+09 0.975568 14.636404 13.781088 17.935487
7.570872e+09 0.972426 14.592978 13.756046 17.889577
7.557773e+09 0.969296 14.549611 13.730919 17.843651
7.544675e+09 0.966177 14.506219 13.705635 17.797592
7.531576e+09 0.963068 14.462808 13.680195 17.751407
7.518478e+09 0.959969 14.419380 13.654603 17.705105
7.505380e+09 0.956879 14.375938 13.628863 17.658693
7.492281e+09 0.953799 14.332486 13.602978 17.612181
7.479183e+09 0.950729 14.289027 13.576951 17.565574
7.466084e+09 0.947670 14.245615 13.550833 17.518956
7.452986e+09 0.944622 14.202223 13.506714 17.472290
7.439888e+09 0.941584 14.158832 13.450223 17.425550
7.426789e+09 0.938554 14.115445 13.394008 17.378744
7.413691e+09 0.935535 14.072066 13.338069 17.331878
7.400592e+09 0.932524 14.028696 13.282408 17.284959
7.387494e+09 0.929523 13.985340 13.227026 17.237993
7.374396e+09 0.926532 13.942018 13.171950 17.191015
7.361297e+09 0.923552 13.898755 13.117206 17.144061
7.348199e+09 0.920582 13.855513 13.062742 17.097078
7.335101e+09 0.917620 13.812293 13.008559 17.050070
7.322002e+09 0.914668 13.769097 12.954658 17.003043
7.308904e+09 0.911724 13.725930 12.901040 16.956002
7.295805e+09 0.908790 13.682792 12.847704 16.908954
7.282707e+09 0.905864 13.639686 12.794652 16.861902
7.269609e+09 0.902950 13.596658 12.741937 16.814914
7.256510e+09 0.900044 13.553672 12.689512 16.767941
7.243412e+09 0.897147 13.510726 12.637372 16.677325
7.230313e+09 0.894260 13.467819 12.585514 16.586395
7.217215e+09 0.891381 13.424955 12.533940 16.495839
7.204117e+09 0.888510 13.382136 12.482649 16.405667
7.191018e+09 0.885649 13.339364 12.431642 16.315887
7.177920e+09 0.882796 13.296651 12.380932 16.226531
7.164821e+09 0.879953 13.254017 12.330538 16.137635
7.151723e+09 0.877119 13.211435 12.280425 16.049149
7.138625e+09 0.874294 13.168906 12.230595 15.961077
7.125526e+09 0.871476 13.126433 12.181047 15.873425
7.112428e+09 0.868668 13.084017 12.131779 15.786196
7.099329e+09 0.865867 13.041661 12.082792 15.699394
7.086231e+09 0.863076 12.999365 12.034086 15.613023
7.073133e+09 0.860293 12.957150 11.985681 15.527123
7.060034e+09 0.857519 12.915010 11.937568 15.441679
7.046936e+09 0.854753 12.872934 11.889733 15.356674
7.033837e+09 0.851996 12.830926 11.842175 15.272109
7.020739e+09 0.849246 12.788985 11.794895 15.212126
7.007641e+09 0.846505 12.747114 11.747890 15.155554
6.994542e+09 0.843772 12.705315 11.701161 15.099185
6.981444e+09 0.841047 12.663587 11.654707 15.043019
6.968345e+09 0.838331 12.621952 11.608547 14.987082
6.955247e+09 0.835623 12.580393 11.562663 14.931354
6.942149e+09 0.832923 12.538911 11.517050 14.875832
6.929050e+09 0.830230 12.497506 11.471709 14.820518
6.915952e+09 0.827546 12.456179 11.426637 14.765414
6.902854e+09 0.824870 12.414933 11.381835 14.710519
6.889755e+09 0.822201 12.373767 11.337302 14.655835
6.876657e+09 0.819540 12.332684 11.293036 14.601363
6.863558e+09 0.816888 12.291695 11.249049 14.547118
6.850460e+09 0.814243 12.250790 11.205327 14.493086
6.837362e+09 0.811606 12.209971 11.161869 14.439267
6.824263e+09 0.808976 12.169237 11.118674 14.385662
6.811165e+09 0.806354 12.128591 11.075741 14.332273
6.798066e+09 0.803740 12.088033 11.033069 14.279098
6.784968e+09 0.801133 12.047565 10.990657 14.226139
6.771870e+09 0.798534 12.007186 10.948504 14.173397
6.758771e+09 0.795942 11.966902 10.906612 14.120874
6.745673e+09 0.793358 11.926709 10.864976 14.068569
6.732574e+09 0.790782 11.886608 10.823596 14.016480
6.719476e+09 0.788212 11.846601 10.782469 13.964609
6.706378e+09 0.785650 11.806689 10.741596 13.912955
6.693279e+09 0.783096 11.766871 10.700974 13.861519
6.680181e+09 0.780548 11.727149 10.660603 13.810301
6.667082e+09 0.778008 11.687523 10.620480 13.759300
6.653984e+09 0.775475 11.647990 10.580601 13.708512
6.640886e+09 0.772950 11.608555 10.540970 13.657942
6.627787e+09 0.770431 11.569218 10.501584 13.607590
6.614689e+09 0.767919 11.529981 10.462442 13.557455
6.601590e+09 0.765415 11.490843 10.423544 13.507539
6.588492e+09 0.762918 11.451806 10.384887 13.457841
6.575394e+09 0.760428 11.412870 10.346471 13.408360
6.562295e+09 0.757944 11.374035 10.308295 13.359097
6.549197e+09 0.755468 11.335291 10.270344 13.310037
6.536098e+09 0.752998 11.296650 10.232631 13.261193
6.523000e+09 0.750535 11.258111 10.195153 13.212567
6.509902e+09 0.748079 11.219677 10.157910 13.164158
6.496803e+09 0.745630 11.181346 10.120899 13.115965
6.483705e+09 0.743188 11.143121 10.084121 13.067989
6.470607e+09 0.740753 11.105000 10.047573 13.020229
6.457508e+09 0.738324 11.066985 10.011254 12.972684
6.444410e+09 0.735902 11.029061 9.975149 12.925336
6.431311e+09 0.733486 10.991240 9.939267 12.878199
6.418213e+09 0.731076 10.953525 9.903610 12.831276
6.405115e+09 0.728674 10.915918 9.868177 12.784567
6.392016e+09 0.726278 10.878419 9.832967 12.738073
6.378918e+09 0.723889 10.841027 9.797979 12.691791
6.365819e+09 0.721506 10.803743 9.763212 12.645723
6.352721e+09 0.719130 10.766569 9.728663 12.599867
6.339623e+09 0.716760 10.729490 9.694320 12.554208
6.326524e+09 0.714396 10.692509 9.660182 12.508745
6.313426e+09 0.712039 10.655636 9.626258 12.463493
6.300327e+09 0.709688 10.618874 9.592549 12.418452
6.287229e+09 0.707343 10.582222 9.559053 12.373621
6.274131e+09 0.705005 10.545680 9.525768 12.328999
6.261032e+09 0.702673 10.509248 9.492694 12.284586
6.247934e+09 0.700347 10.472927 9.459829 12.240381
6.234835e+09 0.698028 10.436714 9.427168 12.185283
6.221737e+09 0.695714 10.400585 9.394687 12.128509
6.208639e+09 0.693406 10.364567 9.362412 12.072061
6.195540e+09 0.691104 10.328660 9.330341 12.015936
6.182442e+09 0.688809 10.292865 9.298473 11.960134
6.169343e+09 0.686519 10.257182 9.266806 11.904654
6.156245e+09 0.684236 10.221611 9.235340 11.849495
6.143147e+09 0.681960 10.186153 9.204072 11.794655
6.130048e+09 0.679689 10.150806 9.173003 11.740133
6.116950e+09 0.677423 10.115550 9.142110 11.685896
6.103851e+09 0.675163 10.080392 9.111398 11.631954
6.090753e+09 0.672909 10.045348 9.080882 11.578327
6.077655e+09 0.670661 10.010415 9.050558 11.525013
6.064556e+09 0.668419 9.975596 9.020427 11.472011
6.051458e+09 0.666183 9.940890 8.990486 11.419319
6.038360e+09 0.663953 9.906297 8.960735 11.366936
6.025261e+09 0.661729 9.871816 8.931172 11.314859
6.012163e+09 0.659510 9.837447 8.901794 11.263087
5.999064e+09 0.657296 9.803152 8.872566 11.211563
5.985966e+09 0.655088 9.768970 8.843523 11.160342
5.972868e+09 0.652885 9.734901 8.814664 11.109423
5.959769e+09 0.650689 9.700946 8.785988 11.058805
5.946671e+09 0.648498 9.667104 8.757493 11.008485
5.933572e+09 0.646313 9.633375 8.729178 10.958462
5.920474e+09 0.644134 9.599759 8.701042 10.908735
5.907376e+09 0.641961 9.566256 8.673084 10.859301
5.894277e+09 0.639792 9.532850 8.645288 10.810137
5.881179e+09 0.637628 9.499528 8.617641 10.761224
5.868080e+09 0.635469 9.466320 8.590169 10.712601
5.854982e+09 0.633317 9.433225 8.562871 10.664267
5.841884e+09 0.631169 9.400243 8.535745 10.616219
5.828785e+09 0.629028 9.367374 8.508790 10.568456
5.815687e+09 0.626892 9.334618 8.482006 10.520977
5.802588e+09 0.624762 9.301975 8.455391 10.473780
5.789490e+09 0.622637 9.269444 8.428943 10.426863
5.776392e+09 0.620516 9.236996 8.402636 10.380183
5.763293e+09 0.618400 9.204642 8.376477 10.333755
5.750195e+09 0.616289 9.172400 8.350484 10.287604
5.737096e+09 0.614184 9.140271 8.324654 10.241727
5.723998e+09 0.612084 9.108255 8.298987 10.196123
5.710900e+09 0.609990 9.076351 8.273482 10.150791
5.697801e+09 0.607901 9.044559 8.248137 10.105729
5.684703e+09 0.605818 9.012880 8.222952 10.060934
5.671604e+09 0.603740 8.981312 8.197926 10.016407
5.658506e+09 0.601665 8.949815 8.173021 9.972090
5.645408e+09 0.599595 8.918418 8.148262 9.928021
5.632309e+09 0.597531 8.887133 8.123659 9.884215
5.619211e+09 0.595471 8.855959 8.099211 9.840669
5.606113e+09 0.593417 8.824897 8.074916 9.797383
5.593014e+09 0.591369 8.793946 8.050774 9.754356
5.579916e+09 0.589325 8.763106 8.026783 9.711584
5.566817e+09 0.587287 8.732377 8.002943 9.669067
5.553719e+09 0.585254 8.701759 7.979252 9.626804
5.540621e+09 0.583223 8.671205 7.955670 9.584731
5.527522e+09 0.581198 8.640752 7.932228 9.542896
5.514424e+09 0.579177 8.610409 7.908932 9.501311
5.501325e+09 0.577162 8.580176 7.885782 9.459973
5.488227e+09 0.575152 8.550054 7.862777 9.418882
5.475129e+09 0.573147 8.520041 7.839916 9.378035
5.462030e+09 0.571147 8.490138 7.817199 9.337432
5.448932e+09 0.569152 8.460345 7.794623 9.297070
5.435833e+09 0.567162 8.430661 7.772188 9.256948
5.422735e+09 0.565175 8.401038 7.749854 9.217005
5.409637e+09 0.563192 8.371512 7.727649 9.177283
5.396538e+09 0.561214 8.342096 7.705582 9.137798
5.383440e+09 0.559241 8.312788 7.683653 9.098548
5.370341e+09 0.557273 8.283588 7.661861 9.059531
5.357243e+09 0.555310 8.254497 7.640205 9.020746
5.344145e+09 0.553352 8.225513 7.618684 8.982192
5.331046e+09 0.551399 8.196638 7.597297 8.943867
5.317948e+09 0.549450 8.167870 7.576043 8.905769
5.304849e+09 0.547505 8.139167 7.554886 8.867844
5.291751e+09 0.545563 8.110551 7.533845 8.832291
5.278653e+09 0.543626 8.082042 7.512934 8.806330
5.265554e+09 0.541694 8.053640 7.492153 8.780434
5.252456e+09 0.539766 8.025344 7.471501 8.754603
5.239358e+09 0.537844 7.997155 7.450978 8.728836
5.226259e+09 0.535926 7.969072 7.430582 8.703135
5.213161e+09 0.534013 7.941095 7.410312 8.677498
5.200062e+09 0.532105 7.913223 7.390168 8.651927
5.186964e+09 0.530200 7.885427 7.370124 8.626388
5.173866e+09 0.528297 7.857701 7.350177 8.600878
5.160767e+09 0.526400 7.830080 7.330352 8.575435
5.147669e+09 0.524507 7.802564 7.310651 8.550057
5.134570e+09 0.522618 7.775152 7.291072 8.524745
5.121472e+09 0.520735 7.747845 7.271613 8.499499
5.108374e+09 0.518856 7.720642 7.252275 8.474320
5.095275e+09 0.516981 7.693542 7.233056 8.449207
5.082177e+09 0.515112 7.666546 7.213956 8.424160
5.069078e+09 0.513246 7.639642 7.194965 8.399168
5.055980e+09 0.511382 7.612785 7.176046 8.374183
5.042882e+09 0.509522 7.586031 7.157244 8.349264
5.029783e+09 0.507667 7.559379 7.138558 8.324413
5.016685e+09 0.505816 7.532830 7.119987 8.299629
5.003586e+09 0.503970 7.506384 7.101531 8.274912
4.990488e+09 0.502129 7.480039 7.083188 8.250262
4.977390e+09 0.500291 7.453795 7.064958 8.225680
4.964291e+09 0.498459 7.427653 7.046839 8.201165
4.951193e+09 0.496631 7.401611 7.028833 8.176717
4.938094e+09 0.494804 7.375616 7.010894 8.152278
4.924996e+09 0.492981 7.349707 6.993053 8.127891
4.911898e+09 0.491162 7.323898 6.975322 8.103572
4.898799e+09 0.489348 7.298190 6.957700 8.079321
4.885701e+09 0.487538 7.272581 6.940186 8.055138
4.872602e+09 0.485732 7.247072 6.922780 8.031022
4.859504e+09 0.483931 7.221662 6.905480 8.006975
4.846406e+09 0.482134 7.196350 6.888286 7.982995
4.833307e+09 0.480342 7.171138 6.871197 7.959083
4.820209e+09 0.478552 7.146001 6.854195 7.935216
4.807111e+09 0.476764 7.120914 6.837260 7.911363
4.794012e+09 0.474980 7.095926 6.820428 7.887580
4.780914e+09 0.473201 7.071035 6.803700 7.863864
4.767815e+09 0.471426 7.046241 6.787073 7.840217
4.754717e+09 0.469655 7.021545 6.770548 7.816638
4.741619e+09 0.467888 6.996945 6.754124 7.793127
4.728520e+09 0.466126 6.972442 6.737799 7.769685
4.715422e+09 0.464368 6.948035 6.721575 7.746311
4.702323e+09 0.462614 6.923724 6.705449 7.723005
4.689225e+09 0.460861 6.899455 6.689379 7.699708
4.676127e+09 0.459111 6.875263 6.673394 7.676460
4.663028e+09 0.457365 6.851167 6.649583 7.653281
4.649930e+09 0.455624 6.827165 6.622867 7.630171
4.636831e+09 0.453886 6.803259 6.596320 7.607129
4.623733e+09 0.452153 6.779446 6.569939 7.584155
4.610635e+09 0.450424 6.755728 6.543722 7.561249
4.597536e+09 0.448699 6.732104 6.520986 7.538412
4.584438e+09 0.446978 6.708573 6.493186 7.515643
4.571339e+09 0.445261 6.685127 6.449492 7.492934
4.558241e+09 0.443544 6.661709 6.406061 7.470221
4.545143e+09 0.441830 6.638384 6.363001 7.447578
4.532044e+09 0.440121 6.615152 6.320309 7.425002
4.518946e+09 0.438416 6.592011 6.277980 7.402495
4.505847e+09 0.436715 6.568963 6.236012 7.380056
4.492749e+09 0.435018 6.546007 6.194401 7.357686
4.479651e+09 0.433325 6.523141 6.153144 7.335383
4.466552e+09 0.431636 6.500367 6.112237 7.313149
4.453454e+09 0.429951 6.477683 6.071676 7.290983
4.440355e+09 0.428268 6.455062 6.031415 7.268854
4.427257e+09 0.426586 6.432485 5.991420 7.246742
4.414159e+09 0.424908 6.409998 5.951764 7.224699
4.401060e+09 0.423234 6.387601 5.912444 7.202724
4.387962e+09 0.421564 6.365294 5.873456 7.180817
4.374864e+09 0.419898 6.343075 5.834797 7.158978
4.361765e+09 0.418235 6.320946 5.796464 7.137207
4.348667e+09 0.416577 6.298905 5.758455 7.115503
4.335568e+09 0.414922 6.276952 5.720765 7.093867
4.322470e+09 0.413272 6.255087 5.683391 7.072299
4.309372e+09 0.411622 6.233268 5.646268 7.050752
4.296273e+09 0.409974 6.211504 5.609405 7.029237
4.283175e+09 0.408330 6.189827 5.572851 7.007789
4.270076e+09 0.406690 6.168237 5.536604 6.986409
4.256978e+09 0.405054 6.146734 5.500661 6.965097
4.243880e+09 0.403421 6.125317 5.465019 6.943852
4.230781e+09 0.401793 6.103986 5.429674 6.922674
4.217683e+09 0.400168 6.082741 5.394624 6.901563
4.204584e+09 0.398547 6.061582 5.359866 6.880520
4.191486e+09 0.396929 6.040507 5.325398 6.859543
4.178388e+09 0.395312 6.019469 5.291143 6.838579
4.165289e+09 0.393697 5.998489 5.257135 6.817653
4.152191e+09 0.392086 5.977594 5.223410 6.796795
4.139092e+09 0.390478 5.956783 5.189965 6.776003
4.125994e+09 0.388874 5.936056 5.156797 6.755278
4.112896e+09 0.387274 5.915413 5.123905 6.734620
4.099797e+09 0.385678 5.894853 5.091284 6.714028
4.086699e+09 0.384085 5.874376 5.058933 6.693503
4.073600e+09 0.382496 5.853982 5.026848 6.673044
4.060502e+09 0.380911 5.833670 4.995028 6.652651
4.047404e+09 0.379325 5.813390 4.963399 6.632268
4.034305e+09 0.377742 5.793167 4.931994 6.611924
4.021207e+09 0.376162 5.773026 4.900848 6.591647
4.008108e+09 0.374586 5.752966 4.869958 6.571435
3.995010e+09 0.373014 5.732988 4.839322 6.551289
3.981912e+09 0.371445 5.713091 4.808937 6.531210
3.968813e+09 0.369879 5.693275 4.778800 6.511196
3.955715e+09 0.368318 5.673538 4.748910 6.491247
3.942617e+09 0.366759 5.653882 4.719265 6.471364
3.929518e+09 0.365205 5.634305 4.689860 6.451546
3.916420e+09 0.363650 5.614762 4.660634 6.431743
3.903321e+09 0.362098 5.595269 4.631604 6.411971
3.890223e+09 0.360548 5.575855 4.602812 6.392265
3.877125e+09 0.359002 5.556520 4.574253 6.372624
3.864026e+09 0.357460 5.537264 4.545926 6.353049
3.850928e+09 0.355921 5.518085 4.517830 6.333538
3.837829e+09 0.354386 5.498985 4.489961 6.314091
3.824731e+09 0.352854 5.479963 4.462317 6.294710
3.811633e+09 0.351326 5.461017 4.434897 6.275393
3.798534e+09 0.349801 5.442149 4.407698 6.256140
3.785436e+09 0.348277 5.423323 4.380673 6.236913
3.772337e+09 0.346753 5.404533 4.353812 6.217704
3.759239e+09 0.345233 5.385819 4.327167 6.198560
3.746141e+09 0.343717 5.367182 4.300737 6.179479
3.733042e+09 0.342204 5.348621 4.274520 6.160463
3.719944e+09 0.340694 5.330135 4.248513 6.141511
3.706845e+09 0.339187 5.311725 4.222714 6.122622
3.693747e+09 0.337684 5.293389 4.197122 6.103797
3.680649e+09 0.336185 5.275129 4.171734 6.085035
3.667550e+09 0.334688 5.256942 4.146549 6.066336
3.654452e+09 0.333194 5.238814 4.121544 6.047682
3.641353e+09 0.331699 5.220701 4.096664 6.029025
3.628255e+09 0.330207 5.202662 4.071982 6.010431
3.615157e+09 0.328719 5.184696 4.047497 5.991900
3.602058e+09 0.327234 5.166804 4.023206 5.973433
3.588960e+09 0.325752 5.148985 3.999109 5.955028
3.575861e+09 0.324274 5.131239 3.975202 5.936685
3.562763e+09 0.322798 5.113566 3.951485 5.918405
3.549665e+09 0.321326 5.095964 3.927955 5.900187
3.536566e+09 0.319858 5.078435 3.904611 5.882031
3.523468e+09 0.318392 5.060977 3.881450 5.863937
3.510370e+09 0.316925 5.043522 3.858390 5.845828
3.497271e+09 0.315461 5.026132 3.835503 5.827774
3.484173e+09 0.314000 5.008814 3.812796 5.809781
3.471074e+09 0.312542 4.991566 3.790268 5.791850
3.457976e+09 0.311087 4.974389 3.767916 5.773981
3.444878e+09 0.309635 4.957282 3.745740 5.756173
3.431779e+09 0.308187 4.940245 3.723738 5.738426
3.418681e+09 0.306742 4.923278 3.701907 5.720741
3.405582e+09 0.305300 4.906381 3.680247 5.703116
3.392484e+09 0.303861 4.889552 3.658756 5.685551
3.379386e+09 0.302423 4.872754 3.637387 5.668004
3.366287e+09 0.300984 4.855989 3.616142 5.650477
3.353189e+09 0.299549 4.839292 3.595062 5.633011
3.340090e+09 0.298118 4.822665 3.574147 5.615605
3.326992e+09 0.296689 4.806105 3.553394 5.598259
3.313894e+09 0.295263 4.789613 3.532802 5.580973
3.300795e+09 0.293841 4.773189 3.512369 5.563748
3.287697e+09 0.292422 4.756832 3.492095 5.546582
3.274598e+09 0.291005 4.740542 3.471976 5.529476
3.261500e+09 0.289592 4.724319 3.452013 5.512429
3.248402e+09 0.288182 4.708159 3.432200 5.495437
3.235303e+09 0.286769 4.691995 3.412459 5.478425
3.222205e+09 0.285360 4.675897 3.392870 5.461473
3.209106e+09 0.283953 4.659866 3.373433 5.444579
3.196008e+09 0.282550 4.643900 3.354144 5.427745
3.182910e+09 0.281149 4.628000 3.335003 5.410969
3.169811e+09 0.279752 4.612165 3.316009 5.394252
3.156713e+09 0.278358 4.596395 3.297160 5.377594
3.143615e+09 0.276966 4.580690 3.278455 5.360994
3.130516e+09 0.275578 4.565049 3.259892 5.344452
3.117418e+09 0.274193 4.549473 3.241471 5.327968
3.104319e+09 0.272808 4.533923 3.223149 5.311500
3.091221e+09 0.271423 4.518401 3.204927 5.295049
3.078123e+09 0.270040 4.502943 3.186844 5.278655
3.065024e+09 0.268661 4.487549 3.168898 5.262320
3.051926e+09 0.267285 4.472217 3.151088 5.250119
3.038827e+09 0.265912 4.456949 3.133413 5.242126
3.025729e+09 0.264542 4.441744 3.115872 5.235237
3.012631e+09 0.263175 4.426601 3.098463 5.233867
2.999532e+09 0.261810 4.411520 3.081185 5.232522
2.986434e+09 0.260449 4.396501 3.064037 5.231203
2.973335e+09 0.259091 4.381543 3.047018 5.229909
2.960237e+09 0.257730 4.366584 3.030060 5.228622
2.947139e+09 0.256371 4.351677 3.013220 5.227358
2.934040e+09 0.255016 4.336832 2.996506 5.226119
2.920942e+09 0.253663 4.322047 2.979918 5.224905
2.907843e+09 0.252313 4.307324 2.963454 5.223717
2.894745e+09 0.250966 4.292661 2.947113 5.222553
2.881647e+09 0.249622 4.278059 2.930894 5.218304
2.868548e+09 0.248281 4.263516 2.914796 5.206150
2.855450e+09 0.246943 4.249033 2.898817 5.194041
2.842351e+09 0.245608 4.234609 2.882958 5.181978
2.829253e+09 0.244274 4.220232 2.867203 5.169949
2.816155e+09 0.242938 4.205856 2.851504 5.157908
2.803056e+09 0.241605 4.191538 2.835923 5.145913
2.789958e+09 0.240275 4.177280 2.820457 5.133965
2.776859e+09 0.238948 4.163080 2.805106 5.122063
2.763761e+09 0.237624 4.148939 2.789868 5.110207
2.750663e+09 0.236302 4.134856 2.774742 5.098398
2.737564e+09 0.234984 4.120831 2.759728 5.086634
2.724466e+09 0.233668 4.106863 2.744825 5.074916
2.711368e+09 0.232355 4.092953 2.730031 5.063244
2.698269e+09 0.231044 4.079100 2.715345 5.051617
2.685171e+09 0.229734 4.065275 2.700739 5.042019
2.672072e+09 0.228423 4.051465 2.686199 5.035136
2.658974e+09 0.227115 4.037712 2.671765 5.028294
2.645876e+09 0.225810 4.024016 2.657437 5.021494
2.632777e+09 0.224507 4.010376 2.643213 5.014735
2.619679e+09 0.223208 3.996792 2.629094 5.008018
2.606580e+09 0.221911 3.983264 2.615077 5.001340
2.593482e+09 0.220616 3.969792 2.601163 4.994704
2.580384e+09 0.219325 3.956375 2.587349 4.988107
2.567285e+09 0.218036 3.943013 2.573636 4.981551
2.554187e+09 0.216750 3.929706 2.560022 4.975034
2.541088e+09 0.215463 3.916415 2.546469 4.968532
2.527990e+09 0.214176 3.903148 2.532986 4.962050
2.514892e+09 0.212892 3.889935 2.519600 4.955608
2.501793e+09 0.211611 3.876777 2.506310 4.949205
2.488695e+09 0.210332 3.863673 2.493117 4.942841
2.475596e+09 0.209056 3.850624 2.480019 4.936515
2.462498e+09 0.207782 3.837627 2.467015 4.930229
2.449400e+09 0.206512 3.824685 2.454105 4.923981
2.436301e+09 0.205244 3.811795 2.441287 4.917771
2.423203e+09 0.203978 3.798958 2.428561 4.911599
2.410104e+09 0.202716 3.786174 2.415926 4.905464
2.397006e+09 0.201451 3.773399 2.403341 4.899340
2.383908e+09 0.200188 3.760651 2.390823 4.893237
2.370809e+09 0.198927 3.747956 2.378394 4.887172
2.357711e+09 0.197668 3.735314 2.366055 4.881144
2.344612e+09 0.196412 3.722723 2.353803 4.875153
2.331514e+09 0.195159 3.710184 2.341639 4.869200
2.318416e+09 0.193909 3.697697 2.329561 4.863282
2.305317e+09 0.192661 3.685261 2.317569 4.857402
2.292219e+09 0.191416 3.672877 2.305662 4.851557
2.279121e+09 0.190173 3.660543 2.293839 4.845749
2.266022e+09 0.188933 3.648259 2.282099 4.839977
2.252924e+09 0.187691 3.635982 2.270403 4.834212
2.239825e+09 0.186450 3.623733 2.258769 4.828469
2.226727e+09 0.185211 3.611533 2.247217 4.822761
2.213629e+09 0.183975 3.599384 2.235746 4.817089
2.200530e+09 0.182741 3.587285 2.224356 4.811452
2.187432e+09 0.181510 3.575236 2.213046 4.805850
2.174333e+09 0.180282 3.563236 2.201816 4.800282
2.161235e+09 0.179056 3.551286 2.190664 4.794750
2.148137e+09 0.177833 3.539384 2.179591 4.789252
2.135038e+09 0.176612 3.527532 2.168595 4.783788
2.121940e+09 0.175394 3.515728 2.157675 4.778359
2.108841e+09 0.174174 3.503933 2.146798 4.772939
2.095743e+09 0.172955 3.492160 2.135973 4.767536
2.082645e+09 0.171737 3.480435 2.125223 4.762167
2.069546e+09 0.170523 3.468758 2.114549 4.756832
2.056448e+09 0.169311 3.457130 2.103949 4.751530
2.043349e+09 0.168101 3.445549 2.093422 4.746262
2.030251e+09 0.166894 3.434016 2.082968 4.741027
2.017153e+09 0.165690 3.422530 2.072587 4.735825
2.004054e+09 0.164487 3.411092 2.062278 4.730655
1.990956e+09 0.163288 3.399700 2.052040 4.725519
1.977857e+09 0.162091 3.388355 2.041872 4.720415
1.964759e+09 0.160893 3.377026 2.031749 4.715324
1.951661e+09 0.159694 3.365709 2.021666 4.710244
1.938562e+09 0.158498 3.354439 2.011653 4.705197
1.925464e+09 0.157304 3.343215 2.001709 4.700182
1.912365e+09 0.156113 3.332037 1.991833 4.695199
1.899267e+09 0.154924 3.320905 1.982024 4.690247
1.886169e+09 0.153738 3.309819 1.972283 4.685328
1.873070e+09 0.152554 3.298778 1.962609 4.680439
1.859972e+09 0.151372 3.287782 1.953001 4.675582
1.846874e+09 0.150193 3.276832 1.943458 4.670756
1.833775e+09 0.149016 3.265926 1.933981 4.665961
1.820677e+09 0.147840 3.255049 1.924554 4.661187
1.807578e+09 0.146662 3.244168 1.915152 4.656414
1.794480e+09 0.145486 3.233333 1.905815 4.651673
1.781382e+09 0.144312 3.222542 1.896541 4.646962
1.768283e+09 0.143141 3.211796 1.887330 4.642281
1.755185e+09 0.141972 3.201093 1.878182 4.637631
1.742086e+09 0.140806 3.190435 1.869095 4.633011
1.728988e+09 0.139642 3.179820 1.860070 4.628422
1.715890e+09 0.138480 3.169249 1.851106 4.623862
1.702791e+09 0.137321 3.158721 1.842203 4.619331
1.689693e+09 0.136164 3.148236 1.833359 4.614830
1.676594e+09 0.135009 3.137794 1.824575 4.610359
1.663496e+09 0.133851 3.127333 1.815799 4.605879
1.650398e+09 0.132694 3.116914 1.807083 4.601428
1.637299e+09 0.131540 3.106538 1.798426 4.597007
1.624201e+09 0.130388 3.096205 1.789826 4.592615
1.611102e+09 0.129239 3.085914 1.781285 4.588252
1.598004e+09 0.128092 3.075665 1.772800 4.583917
1.584906e+09 0.126947 3.065458 1.764372 4.579612
1.571807e+09 0.125805 3.055293 1.756000 4.575334
1.558709e+09 0.124665 3.045170 1.747685 4.571086
1.545610e+09 0.123527 3.035088 1.739424 4.566865
1.532512e+09 0.122391 3.025048 1.731218 4.562673
1.519414e+09 0.121254 3.015007 1.723035 4.558483
1.506315e+09 0.120116 3.004987 1.714891 4.554310
1.493217e+09 0.118981 2.995008 1.706800 4.550165
1.480118e+09 0.117848 2.985071 1.698763 4.546047
1.467020e+09 0.116718 2.975174 1.690780 4.541958
1.453922e+09 0.115589 2.965317 1.682849 4.537896
1.440823e+09 0.114463 2.955501 1.674971 4.533861
1.427725e+09 0.113340 2.945726 1.667145 4.529854
1.414627e+09 0.112218 2.935990 1.659370 4.525873
1.401528e+09 0.111099 2.926294 1.651647 4.521920
1.388430e+09 0.109982 2.916637 1.643974 4.517994
1.375331e+09 0.108865 2.907003 1.636339 4.514084
1.362233e+09 0.107746 2.897366 1.628721 4.510176
1.349135e+09 0.106629 2.887768 1.621153 4.506294
1.336036e+09 0.105515 2.878209 1.613635 4.502439
1.322938e+09 0.104402 2.868689 1.606166 4.498610
1.309839e+09 0.103292 2.859209 1.598746 4.494808
1.296741e+09 0.102184 2.849767 1.591374 4.491032
1.283643e+09 0.101078 2.840364 1.584050 4.487282
1.270544e+09 0.099975 2.830999 1.576774 4.483558
1.257446e+09 0.098874 2.821673 1.569546 4.479860
1.244347e+09 0.097775 2.812384 1.562364 4.476188
1.231249e+09 0.096678 2.803134 1.555229 4.472542
1.218151e+09 0.095578 2.793873 1.548104 4.468892
1.205052e+09 0.094478 2.784639 1.541018 4.465262
1.191954e+09 0.093381 2.775443 1.533978 4.461658
1.178855e+09 0.092287 2.766285 1.526984 4.458079
1.165757e+09 0.091194 2.757164 1.520035 4.454526
1.152659e+09 0.090104 2.748081 1.513130 4.450997
1.139560e+09 0.089016 2.739035 1.506271 4.447494
1.126462e+09 0.087930 2.730026 1.499455 4.444015
1.113363e+09 0.086846 2.721053 1.492683 4.440561
1.100265e+09 0.085764 2.712117 1.485955 4.437132
1.087167e+09 0.084684 2.703217 1.479269 4.433728
1.074068e+09 0.083605 2.694337 1.472614 4.430338
1.060970e+09 0.082523 2.685453 1.465973 4.426949
1.047872e+09 0.081443 2.676604 1.459375 4.423585
1.034773e+09 0.080366 2.667793 1.452818 4.420245
1.021675e+09 0.079290 2.659017 1.446304 4.416929
1.008576e+09 0.078217 2.650277 1.439831 4.413637
9.954779e+08 0.077146 2.641572 1.433400 4.410370
9.823795e+08 0.076076 2.632904 1.427009 4.407126
9.692811e+08 0.075009 2.624270 1.420659 4.403906
9.561827e+08 0.073945 2.615672 1.414349 4.400710
9.430844e+08 0.072882 2.607108 1.408080 4.397538
9.299860e+08 0.071821 2.598580 1.401850 4.394389
9.168876e+08 0.070758 2.590046 1.395631 4.391240
9.037892e+08 0.069695 2.581531 1.389440 4.388106
8.906908e+08 0.068634 2.573051 1.383289 4.384995
8.775924e+08 0.067575 2.564605 1.377177 4.381907
8.644940e+08 0.066518 2.556194 1.371103 4.378843
8.513956e+08 0.065463 2.547818 1.365067 4.375801
8.382972e+08 0.064410 2.539475 1.359070 4.372783
8.251988e+08 0.063360 2.531166 1.353110 4.369788
8.121004e+08 0.062311 2.522892 1.347187 4.366815
7.990020e+08 0.061265 2.514651 1.341302 4.363865
7.859036e+08 0.060220 2.506443 1.335454 4.360938
7.728052e+08 0.059177 2.498265 1.329639 4.358030
7.597068e+08 0.058130 2.490069 1.323826 4.355117
7.466084e+08 0.057085 2.481907 1.318049 4.352226
7.335101e+08 0.056042 2.473778 1.312309 4.349357
7.204117e+08 0.055001 2.465682 1.306604 4.346511
7.073133e+08 0.053963 2.457619 1.300935 4.343687
6.942149e+08 0.052926 2.449589 1.295301 4.340885
6.811165e+08 0.051891 2.441592 1.289702 4.338105
6.680181e+08 0.050858 2.433627 1.284139 4.335347
6.549197e+08 0.049828 2.425694 1.278609 4.332611
6.418213e+08 0.048799 2.417794 1.273114 4.329896
6.287229e+08 0.047773 2.409926 1.267652 4.327204
6.156245e+08 0.046745 2.402070 1.262212 4.324521
6.025261e+08 0.045716 2.394212 1.256782 4.321841
5.894277e+08 0.044689 2.386387 1.251386 4.319183
5.763293e+08 0.043663 2.378593 1.246023 4.316547
5.632309e+08 0.042640 2.370831 1.240694 4.313932
5.501325e+08 0.041619 2.363100 1.235397 4.311338
5.370341e+08 0.040599 2.355401 1.230133 4.308765
5.239358e+08 0.039582 2.347734 1.224901 4.306214
5.108374e+08 0.038567 2.340097 1.219701 4.303683
4.977390e+08 0.037553 2.332492 1.214533 4.301174
4.846406e+08 0.036542 2.324917 1.209397 4.298685
4.715422e+08 0.035533 2.317373 1.204292 4.296217
4.584438e+08 0.034521 2.309827 1.199197 4.293752
4.453454e+08 0.033509 2.302292 1.194121 4.291297
4.322470e+08 0.032498 2.294788 1.189075 4.288862
4.191486e+08 0.031490 2.287315 1.184060 4.286448
4.060502e+08 0.030484 2.279871 1.179076 4.284055
3.929518e+08 0.029480 2.272458 1.174122 4.281682
3.798534e+08 0.028477 2.265075 1.169198 4.279330
3.667550e+08 0.027477 2.257722 1.164305 4.276997
3.536566e+08 0.026478 2.250399 1.159440 4.274685
3.405582e+08 0.025482 2.243106 1.154605 4.272393
3.274598e+08 0.024487 2.235842 1.149800 4.270121
3.143615e+08 0.023494 2.228607 1.145023 4.267869
3.012631e+08 0.022498 2.221361 1.140250 4.265615
2.881647e+08 0.021502 2.214135 1.135498 4.263375
2.750663e+08 0.020509 2.206937 1.130776 4.261155
2.619679e+08 0.019517 2.199769 1.126082 4.258955
2.488695e+08 0.018527 2.192630 1.121416 4.256775
2.357711e+08 0.017539 2.185520 1.116778 4.254614
2.226727e+08 0.016553 2.178439 1.112168 4.252473
2.095743e+08 0.015569 2.171387 1.107586 4.250352
1.964759e+08 0.014587 2.164363 1.103031 4.248250
1.833775e+08 0.013607 2.157368 1.098503 4.246167
1.702791e+08 0.012628 2.150400 1.094003 4.244103
1.571807e+08 0.011652 2.143461 1.089529 4.242059
1.440823e+08 0.010671 2.136504 1.085053 4.240009
1.309839e+08 0.009692 2.129572 1.080602 4.237977
1.178855e+08 0.008714 2.122668 1.076177 4.235963
1.047872e+08 0.007738 2.115792 1.071779 4.233969
9.168876e+07 0.006764 2.108944 1.067407 4.231994
7.859036e+07 0.005792 2.102123 1.063061 4.230038
6.549197e+07 0.004822 2.095331 1.058741 4.228101
5.239358e+07 0.003854 2.088565 1.054446 4.226182
3.929518e+07 0.002888 2.081827 1.050177 4.224282
2.619679e+07 0.001923 2.075116 1.045933 4.222401
1.309839e+07 0.000961 2.068433 1.041714 4.220538
