#t0_Mstar=5.011872e+10 (N07Mbar=6.569555e+10) t0_sfr=2.068433e+00	1.00000000000000001988462483866e+30 t0_sfr=4.220538e+00
#tlb ,red_binl[i],Mstar[i],CSFH[i],phi[i],dMLdt[i],massloss_to_t0[i], Mstar_Noeske(tlb,Mbar_Noeske),phi_Noeske(tlb,Mbar_Noeske)FWHM=0.50:Ms,Cs,phi,FWHM=0.75:Ms,Cs,phi,FWHM=1.00:Ms,Cs,phi	1.00000000000000001988462483866e+30 Mstar_Noeske(tlb,Mbar_Noeske),phi_Noeske(tlb,Mbar_Noeske)FWHM=0.50:Ms,Cs,phi,FWHM=0.75:Ms,Cs,phi,FWHM=1.00:Ms,Cs,phi
1.309839e+10 9.000000 0.000000e+00	0.000000e+00 1.280692e+09
1.308530e+10 8.847726 0.000000e+00	0.000000e+00 1.056818e+09
1.307220e+10 8.701050 0.000000e+00	0.000000e+00 1.021668e+09
1.305910e+10 8.559660 0.000000e+00	0.000000e+00 1.002907e+09
1.304600e+10 8.423368 0.000000e+00	0.000000e+00 9.908628e+08
1.303290e+10 8.291842 0.000000e+00	0.000000e+00 9.824863e+08
1.301980e+10 8.164779 0.000000e+00	0.000000e+00 9.764203e+08
1.300671e+10 8.041947 0.000000e+00	0.000000e+00 9.719426e+08
1.299361e+10 7.923131 0.000000e+00	0.000000e+00 9.686231e+08
1.298051e+10 7.808144 0.000000e+00	0.000000e+00 9.661855e+08
1.296741e+10 7.696830 0.000000e+00	0.000000e+00 9.644420e+08
1.295431e+10 7.588952 0.000000e+00	0.000000e+00 9.632590e+08
1.294121e+10 7.484347 0.000000e+00	0.000000e+00 9.625384e+08
1.292811e+10 7.382859 0.000000e+00	0.000000e+00 9.622060e+08
1.291502e+10 7.284344 0.000000e+00	0.000000e+00 9.622043e+08
1.290192e+10 7.188666 0.000000e+00	0.000000e+00 9.624880e+08
1.288882e+10 7.095696 0.000000e+00	0.000000e+00 9.630207e+08
1.287572e+10 7.005312 0.000000e+00	0.000000e+00 9.637727e+08
1.286262e+10 6.917401 0.000000e+00	0.000000e+00 9.647197e+08
1.284952e+10 6.831855 0.000000e+00	0.000000e+00 9.658413e+08
1.283643e+10 6.748572 0.000000e+00	0.000000e+00 9.671203e+08
1.282333e+10 6.667456 0.000000e+00	0.000000e+00 9.685422e+08
1.281023e+10 6.588431 0.000000e+00	0.000000e+00 9.700946e+08
1.279713e+10 6.511436 0.000000e+00	0.000000e+00 9.717666e+08
1.278403e+10 6.436355 0.000000e+00	0.000000e+00 9.735489e+08
1.277093e+10 6.363109 0.000000e+00	0.000000e+00 9.754335e+08
1.275784e+10 6.291625 0.000000e+00	0.000000e+00 9.774131e+08
1.274474e+10 6.221832 0.000000e+00	0.000000e+00 9.794814e+08
1.273164e+10 6.153665 0.000000e+00	0.000000e+00 9.816329e+08
1.271854e+10 6.087102 0.000000e+00	0.000000e+00 9.838627e+08
1.270544e+10 6.022088 0.000000e+00	0.000000e+00 9.861662e+08
1.269234e+10 5.958522 0.000000e+00	0.000000e+00 9.885395e+08
1.267925e+10 5.896348 0.000000e+00	0.000000e+00 9.909791e+08
1.266615e+10 5.835515 0.000000e+00	0.000000e+00 9.934817e+08
1.265305e+10 5.776057 0.000000e+00	0.000000e+00 9.960444e+08
1.263995e+10 5.717866 0.000000e+00	0.000000e+00 9.986645e+08
1.262685e+10 5.660874 0.000000e+00	0.000000e+00 1.001340e+09
1.261375e+10 5.605040 0.000000e+00	0.000000e+00 1.004068e+09
1.260065e+10 5.550427 0.000000e+00	0.000000e+00 1.006847e+09
1.258756e+10 5.496902 0.000000e+00	0.000000e+00 1.009675e+09
1.257446e+10 5.444416 0.000000e+00	0.000000e+00 1.012550e+09
1.256136e+10 5.392990 0.000000e+00	0.000000e+00 1.015472e+09
1.254826e+10 5.342602 0.000000e+00	0.000000e+00 1.018437e+09
1.253516e+10 5.293149 0.000000e+00	0.000000e+00 1.021446e+09
1.252206e+10 5.244640 0.000000e+00	0.000000e+00 1.024497e+09
1.250897e+10 5.197097 0.000000e+00	0.000000e+00 1.027589e+09
1.249587e+10 5.150398 0.000000e+00	0.000000e+00 1.030720e+09
1.248277e+10 5.104567 0.000000e+00	0.000000e+00 1.033890e+09
1.246967e+10 5.059611 0.000000e+00	0.000000e+00 1.037099e+09
1.245657e+10 5.015419 0.000000e+00	0.000000e+00 1.040344e+09
1.244347e+10 4.972050 0.000000e+00	0.000000e+00 1.043626e+09
1.243038e+10 4.929453 0.000000e+00	0.000000e+00 1.046944e+09
1.241728e+10 4.887546 0.000000e+00	0.000000e+00 1.050296e+09
1.240418e+10 4.846450 0.000000e+00	0.000000e+00 1.053684e+09
1.239108e+10 4.806006 0.000000e+00	0.000000e+00 1.057105e+09
1.237798e+10 4.766255 0.000000e+00	0.000000e+00 1.060559e+09
1.236488e+10 4.727194 0.000000e+00	0.000000e+00 1.064047e+09
1.235179e+10 4.688723 0.000000e+00	0.000000e+00 1.067566e+09
1.233869e+10 4.650970 0.000000e+00	0.000000e+00 1.071118e+09
1.232559e+10 4.613770 0.000000e+00	0.000000e+00 1.074702e+09
1.231249e+10 4.577204 0.000000e+00	0.000000e+00 1.078317e+09
1.229939e+10 4.541209 0.000000e+00	0.000000e+00 1.081962e+09
1.228629e+10 4.505773 0.000000e+00	0.000000e+00 1.085639e+09
1.227319e+10 4.470921 0.000000e+00	0.000000e+00 1.089345e+09
1.226010e+10 4.436563 0.000000e+00	0.000000e+00 1.093082e+09
1.224700e+10 4.402796 0.000000e+00	0.000000e+00 1.096848e+09
1.223390e+10 4.369472 0.000000e+00	0.000000e+00 1.100645e+09
1.222080e+10 4.336729 0.000000e+00	0.000000e+00 1.104470e+09
1.220770e+10 4.304408 0.000000e+00	0.000000e+00 1.108325e+09
1.219460e+10 4.272625 0.000000e+00	0.000000e+00 1.112208e+09
1.218151e+10 4.241257 0.000000e+00	0.000000e+00 1.116120e+09
1.216841e+10 4.210391 0.000000e+00	0.000000e+00 1.120061e+09
1.215531e+10 4.179930 0.000000e+00	0.000000e+00 1.124031e+09
1.214221e+10 4.149942 0.000000e+00	0.000000e+00 1.128029e+09
1.212911e+10 4.120344 0.000000e+00	0.000000e+00 1.132055e+09
1.211601e+10 4.091197 0.000000e+00	0.000000e+00 1.136109e+09
1.210292e+10 4.062421 0.000000e+00	0.000000e+00 1.140191e+09
1.208982e+10 4.034080 0.000000e+00	0.000000e+00 1.144301e+09
1.207672e+10 4.006087 0.000000e+00	0.000000e+00 1.148439e+09
1.206362e+10 3.978520 0.000000e+00	0.000000e+00 1.152605e+09
1.205052e+10 3.951272 0.000000e+00	0.000000e+00 1.156798e+09
1.203742e+10 3.924447 0.000000e+00	0.000000e+00 1.161019e+09
1.202433e+10 3.897912 0.000000e+00	0.000000e+00 1.165268e+09
1.201123e+10 3.871800 0.000000e+00	0.000000e+00 1.169545e+09
1.199813e+10 3.845965 0.000000e+00	0.000000e+00 1.173848e+09
1.198503e+10 3.820516 0.000000e+00	0.000000e+00 1.178180e+09
1.197193e+10 3.795355 0.000000e+00	0.000000e+00 1.182539e+09
1.195883e+10 3.770540 0.000000e+00	0.000000e+00 1.186925e+09
1.194574e+10 3.746027 0.000000e+00	0.000000e+00 1.191339e+09
1.193264e+10 3.721816 0.000000e+00	0.000000e+00 1.195780e+09
1.191954e+10 3.697926 0.000000e+00	0.000000e+00 1.200249e+09
1.190644e+10 3.674294 0.000000e+00	0.000000e+00 1.204745e+09
1.189334e+10 3.651005 0.000000e+00	0.000000e+00 1.209269e+09
1.188024e+10 3.627947 0.000000e+00	0.000000e+00 1.213821e+09
1.186714e+10 3.605214 0.000000e+00	0.000000e+00 1.218399e+09
1.185405e+10 3.582725 0.000000e+00	0.000000e+00 1.223006e+09
1.184095e+10 3.560509 0.000000e+00	0.000000e+00 1.227640e+09
1.182785e+10 3.538569 0.000000e+00	0.000000e+00 1.232302e+09
1.181475e+10 3.516848 0.000000e+00	0.000000e+00 1.236991e+09
1.180165e+10 3.495436 0.000000e+00	0.000000e+00 1.241708e+09
1.178855e+10 3.474227 0.000000e+00	0.000000e+00 1.246453e+09
1.177546e+10 3.453288 0.000000e+00	0.000000e+00 1.251226e+09
1.176236e+10 3.432582 0.000000e+00	0.000000e+00 1.256026e+09
1.174926e+10 3.412087 0.000000e+00	0.000000e+00 1.260855e+09
1.173616e+10 3.391866 0.000000e+00	0.000000e+00 1.265711e+09
1.172306e+10 3.371830 0.000000e+00	0.000000e+00 1.270596e+09
1.170996e+10 3.352044 0.000000e+00	0.000000e+00 1.275509e+09
1.169687e+10 3.332470 0.000000e+00	0.000000e+00 1.280450e+09
1.168377e+10 3.313083 0.000000e+00	0.000000e+00 1.285419e+09
1.167067e+10 3.293956 0.000000e+00	0.000000e+00 1.290416e+09
1.165757e+10 3.274998 0.000000e+00	0.000000e+00 1.295442e+09
1.164447e+10 3.256256 0.000000e+00	0.000000e+00 1.300497e+09
1.163137e+10 3.237724 0.000000e+00	0.000000e+00 1.305580e+09
1.161828e+10 3.219353 0.000000e+00	0.000000e+00 1.310692e+09
1.160518e+10 3.201221 0.000000e+00	0.000000e+00 1.315833e+09
1.159208e+10 3.183256 0.000000e+00	0.000000e+00 1.321002e+09
1.157898e+10 3.165461 0.000000e+00	0.000000e+00 1.326201e+09
1.156588e+10 3.147889 0.000000e+00	0.000000e+00 1.331428e+09
1.155278e+10 3.130466 0.000000e+00	0.000000e+00 1.336685e+09
1.153968e+10 3.113227 0.000000e+00	0.000000e+00 1.341971e+09
1.152659e+10 3.096179 0.000000e+00	0.000000e+00 1.347287e+09
1.151349e+10 3.079272 0.000000e+00	0.000000e+00 1.352632e+09
1.150039e+10 3.062561 0.000000e+00	0.000000e+00 1.358006e+09
1.148729e+10 3.046014 0.000000e+00	0.000000e+00 1.363411e+09
1.147419e+10 3.029600 0.000000e+00	0.000000e+00 1.368845e+09
1.146109e+10 3.013389 0.000000e+00	0.000000e+00 1.374309e+09
1.144800e+10 2.997320 0.000000e+00	0.000000e+00 1.379803e+09
1.143490e+10 2.981379 0.000000e+00	0.000000e+00 1.385328e+09
1.142180e+10 2.965641 0.000000e+00	0.000000e+00 1.390883e+09
1.140870e+10 2.950030 0.000000e+00	0.000000e+00 1.396468e+09
1.139560e+10 2.934545 0.000000e+00	0.000000e+00 1.402084e+09
1.138250e+10 2.919253 0.000000e+00	0.000000e+00 1.407730e+09
1.136941e+10 2.904079 0.000000e+00	0.000000e+00 1.413408e+09
1.135631e+10 2.889029 0.000000e+00	0.000000e+00 1.419116e+09
1.134321e+10 2.874162 0.000000e+00	0.000000e+00 1.424856e+09
1.133011e+10 2.859408 0.000000e+00	0.000000e+00 1.430627e+09
1.131701e+10 2.844771 0.000000e+00	0.000000e+00 1.436429e+09
1.130391e+10 2.830311 0.000000e+00	0.000000e+00 1.442262e+09
1.129082e+10 2.815959 0.000000e+00	0.000000e+00 1.448128e+09
1.127772e+10 2.801715 0.000000e+00	0.000000e+00 1.454025e+09
1.126462e+10 2.787645 0.000000e+00	0.000000e+00 1.459954e+09
1.125152e+10 2.773679 0.000000e+00	0.000000e+00 1.465916e+09
1.123842e+10 2.759815 0.000000e+00	0.000000e+00 1.471909e+09
1.122532e+10 2.746113 0.000000e+00	0.000000e+00 1.477935e+09
1.121223e+10 2.732517 0.000000e+00	0.000000e+00 1.483994e+09
1.119913e+10 2.719020 0.000000e+00	0.000000e+00 1.490085e+09
1.118603e+10 2.705666 0.000000e+00	0.000000e+00 1.496209e+09
1.117293e+10 2.692426 0.000000e+00	0.000000e+00 1.502367e+09
1.115983e+10 2.679280 0.000000e+00	0.000000e+00 1.508557e+09
1.114673e+10 2.666259 0.000000e+00	0.000000e+00 1.514781e+09
1.113363e+10 2.653361 0.000000e+00	0.000000e+00 1.521039e+09
1.112054e+10 2.640553 0.000000e+00	0.000000e+00 1.527330e+09
1.110744e+10 2.627848 0.000000e+00	0.000000e+00 1.533655e+09
1.109434e+10 2.615278 0.000000e+00	0.000000e+00 1.540014e+09
1.108124e+10 2.602795 0.000000e+00	0.000000e+00 1.546407e+09
1.106814e+10 2.590398 0.000000e+00	0.000000e+00 1.552835e+09
1.105504e+10 2.578138 0.000000e+00	0.000000e+00 1.559297e+09
1.104195e+10 2.565967 0.000000e+00	0.000000e+00 1.565794e+09
1.102885e+10 2.553879 0.000000e+00	0.000000e+00 1.572326e+09
1.101575e+10 2.541902 0.000000e+00	0.000000e+00 1.578893e+09
1.100265e+10 2.530033 0.000000e+00	0.000000e+00 1.585495e+09
1.098955e+10 2.518242 0.000000e+00	0.000000e+00 1.592133e+09
1.097645e+10 2.506535 0.000000e+00	0.000000e+00 1.598807e+09
1.096336e+10 2.494955 0.000000e+00	0.000000e+00 1.605516e+09
1.095026e+10 2.483451 0.000000e+00	0.000000e+00 1.612261e+09
1.093716e+10 2.472022 0.000000e+00	0.000000e+00 1.619043e+09
1.092406e+10 2.460700 0.000000e+00	0.000000e+00 1.625861e+09
1.091096e+10 2.449472 0.000000e+00	0.000000e+00 1.632715e+09
1.089786e+10 2.438317 0.000000e+00	0.000000e+00 1.639607e+09
1.088477e+10 2.427236 0.000000e+00	0.000000e+00 1.646535e+09
1.087167e+10 2.416275 0.000000e+00	0.000000e+00 1.653501e+09
1.085857e+10 2.405383 0.000000e+00	0.000000e+00 1.660504e+09
1.084547e+10 2.394561 0.000000e+00	0.000000e+00 1.667544e+09
1.083237e+10 2.383828 0.000000e+00	0.000000e+00 1.674623e+09
1.081927e+10 2.373191 0.000000e+00	0.000000e+00 1.681739e+09
1.080617e+10 2.362621 0.000000e+00	0.000000e+00 1.688894e+09
1.079308e+10 2.352116 0.000000e+00	0.000000e+00 1.696087e+09
1.077998e+10 2.341713 0.000000e+00	0.000000e+00 1.703319e+09
1.076688e+10 2.331385 0.000000e+00	0.000000e+00 1.710589e+09
1.075378e+10 2.321121 0.000000e+00	0.000000e+00 1.717899e+09
1.074068e+10 2.310922 0.000000e+00	0.000000e+00 1.725248e+09
1.072758e+10 2.300829 0.000000e+00	0.000000e+00 1.732637e+09
1.071449e+10 2.290797 0.000000e+00	0.000000e+00 1.740065e+09
1.070139e+10 2.280826 0.000000e+00	0.000000e+00 1.747533e+09
1.068829e+10 2.270927 0.000000e+00	0.000000e+00 1.755042e+09
1.067519e+10 2.261119 0.000000e+00	0.000000e+00 1.762590e+09
1.066209e+10 2.251370 0.000000e+00	0.000000e+00 1.770180e+09
1.064899e+10 2.241680 6.780590e+06	0.000000e+00 1.777810e+09
1.063590e+10 2.232064 1.267582e+07	0.000000e+00 1.785481e+09
1.062280e+10 2.222530 2.058833e+07	0.000000e+00 1.793194e+09
1.060970e+10 2.213052 3.062978e+07	0.000000e+00 1.800948e+09
1.059660e+10 2.203629 4.289241e+07	0.000000e+00 1.808744e+09
1.058350e+10 2.194282 5.745275e+07	0.000000e+00 1.816582e+09
1.057040e+10 2.185010 7.437381e+07	0.000000e+00 1.824463e+09
1.055731e+10 2.175791 9.370635e+07	0.000000e+00 1.832386e+09
1.054421e+10 2.166626 1.154909e+08	0.000000e+00 1.840351e+09
1.053111e+10 2.157534 1.397598e+08	0.000000e+00 1.848360e+09
1.051801e+10 2.148512 1.665375e+08	0.000000e+00 1.856412e+09
1.050491e+10 2.139542 1.958407e+08	0.000000e+00 1.864507e+09
1.049181e+10 2.130623 2.276802e+08	0.000000e+00 1.872646e+09
1.047872e+10 2.121773 2.620617e+08	0.000000e+00 1.880829e+09
1.046562e+10 2.112992 2.989865e+08	0.000000e+00 1.889057e+09
1.045252e+10 2.104260 3.384502e+08	0.000000e+00 1.897329e+09
1.043942e+10 2.095577 3.804444e+08	0.000000e+00 1.905646e+09
1.042632e+10 2.086957 4.249581e+08	0.000000e+00 1.914007e+09
1.041322e+10 2.078407 4.719779e+08	0.000000e+00 1.922414e+09
1.040012e+10 2.069904 5.214855e+08	0.000000e+00 1.930867e+09
1.038703e+10 2.061447 5.734604e+08	0.000000e+00 1.939366e+09
1.037393e+10 2.053045 6.278803e+08	0.000000e+00 1.950475e+09
1.036083e+10 2.044717 6.847226e+08	0.000000e+00 2.010720e+09
1.034773e+10 2.036433 7.439600e+08	0.000000e+00 2.072514e+09
1.033463e+10 2.028194 8.055642e+08	1.463912e+06 2.135890e+09
1.032153e+10 2.020000 8.695048e+08	2.380472e+06 2.200880e+09
1.030844e+10 2.011884 9.357543e+08	3.728731e+06 2.267517e+09
1.029534e+10 2.003811 1.004280e+09	5.657428e+06 2.335834e+09
1.028224e+10 1.995781 1.075047e+09	8.286389e+06 2.405369e+09
1.026914e+10 1.987794 1.148023e+09	1.171710e+07 2.475753e+09
1.025604e+10 1.979872 1.223173e+09	1.609443e+07 2.547062e+09
1.024294e+10 1.972002 1.300464e+09	2.156286e+07 2.619305e+09
1.022985e+10 1.964173 1.379859e+09	2.826925e+07 2.692480e+09
1.021675e+10 1.956386 1.461320e+09	3.636151e+07 2.766583e+09
1.020365e+10 1.948649 1.544811e+09	4.598764e+07 2.841609e+09
1.019055e+10 1.940974 1.630299e+09	5.729452e+07 2.917554e+09
1.017745e+10 1.933338 1.717743e+09	7.042521e+07 2.994411e+09
1.016435e+10 1.925742 1.807106e+09	8.551864e+07 3.072170e+09
1.015126e+10 1.918185 1.898350e+09	1.027085e+08 3.150823e+09
1.013816e+10 1.910694 1.991441e+09	1.221249e+08 3.230365e+09
1.012506e+10 1.903244 2.086339e+09	1.438894e+08 3.310785e+09
1.011196e+10 1.895832 2.183007e+09	1.681161e+08 3.392074e+09
1.009886e+10 1.888458 2.281406e+09	1.949115e+08 3.474222e+09
1.008576e+10 1.881133 2.381499e+09	2.243752e+08 3.557221e+09
1.007266e+10 1.873862 2.483252e+09	2.565995e+08 3.641061e+09
1.005957e+10 1.866627 2.586627e+09	2.916660e+08 3.725733e+09
1.004647e+10 1.859429 2.691584e+09	3.296479e+08 3.811225e+09
1.003337e+10 1.852267 2.798087e+09	3.706096e+08 3.897527e+09
1.002027e+10 1.845164 2.906103e+09	4.146112e+08 3.984632e+09
1.000717e+10 1.838100 3.015595e+09	4.617011e+08 4.072527e+09
9.994074e+09 1.831072 3.126526e+09	5.119187e+08 4.161203e+09
9.980976e+09 1.824078 3.238860e+09	5.652956e+08 4.250648e+09
9.967878e+09 1.817123 3.352562e+09	6.218563e+08 4.340850e+09
9.954779e+09 1.810224 3.467600e+09	6.816223e+08 4.431804e+09
9.941681e+09 1.803359 3.583939e+09	7.446023e+08 4.523496e+09
9.928582e+09 1.796527 3.701543e+09	8.107982e+08 4.615915e+09
9.915484e+09 1.789728 3.820378e+09	8.802057e+08 4.709049e+09
9.902386e+09 1.782974 3.940412e+09	9.528175e+08 4.802890e+09
9.889287e+09 1.776267 4.061615e+09	1.028621e+09 4.897427e+09
9.876189e+09 1.769591 4.183951e+09	1.107593e+09 4.992649e+09
9.863091e+09 1.762947 4.307389e+09	1.189707e+09 5.088544e+09
9.849992e+09 1.756335 4.431896e+09	1.274931e+09 5.185100e+09
9.836894e+09 1.749772 4.557443e+09	1.363234e+09 5.282310e+09
9.823795e+09 1.743247 4.684001e+09	1.454577e+09 5.380161e+09
9.810697e+09 1.736752 4.811537e+09	1.548915e+09 5.478644e+09
9.797599e+09 1.730289 4.940020e+09	1.646200e+09 5.577745e+09
9.784500e+09 1.723856 5.069421e+09	1.746381e+09 5.677453e+09
9.771402e+09 1.717472 5.199715e+09	1.849411e+09 5.777762e+09
9.758303e+09 1.711122 5.330872e+09	1.955235e+09 5.878658e+09
9.745205e+09 1.704802 5.462862e+09	2.063792e+09 5.980132e+09
9.732107e+09 1.698511 5.595658e+09	2.175021e+09 6.082171e+09
9.719008e+09 1.692249 5.729231e+09	2.288859e+09 6.184763e+09
9.705910e+09 1.686036 5.863559e+09	2.405251e+09 6.287903e+09
9.692811e+09 1.679854 5.998615e+09	2.501294e+09 6.391577e+09
9.679713e+09 1.673700 6.134370e+09	2.520032e+09 6.495775e+09
9.666615e+09 1.667575 6.270800e+09	2.539582e+09 6.600486e+09
9.653516e+09 1.661477 6.407877e+09	2.559978e+09 6.705698e+09
9.640418e+09 1.655426 6.545583e+09	2.581248e+09 6.811405e+09
9.627319e+09 1.649405 6.683890e+09	2.603426e+09 6.917594e+09
9.614221e+09 1.643411 6.822776e+09	2.626547e+09 7.024256e+09
9.601123e+09 1.637444 6.962215e+09	2.650648e+09 7.131379e+09
9.588024e+09 1.631504 7.102183e+09	2.675768e+09 7.238952e+09
9.574926e+09 1.625607 7.242662e+09	2.701944e+09 7.346967e+09
9.561827e+09 1.619740 7.383630e+09	2.729217e+09 7.455416e+09
9.548729e+09 1.613899 7.525063e+09	2.757631e+09 7.564286e+09
9.535631e+09 1.608084 7.666940e+09	2.787231e+09 7.673568e+09
9.522532e+09 1.602295 7.809238e+09	2.818065e+09 7.809238e+09
9.509434e+09 1.596544 7.951939e+09	2.850180e+09 7.951939e+09
9.496335e+09 1.590825 8.095025e+09	2.883625e+09 8.095025e+09
9.483237e+09 1.585132 8.238475e+09	2.918454e+09 8.238475e+09
9.470139e+09 1.579463 8.382267e+09	2.954723e+09 8.382267e+09
9.457040e+09 1.573819 8.526383e+09	2.992490e+09 8.526383e+09
9.443942e+09 1.568207 8.670805e+09	3.031813e+09 8.670805e+09
9.430844e+09 1.562630 8.815517e+09	3.072752e+09 8.815517e+09
9.417745e+09 1.557078 8.960499e+09	3.115372e+09 8.960499e+09
9.404647e+09 1.551549 9.105734e+09	3.159742e+09 9.105734e+09
9.391548e+09 1.546045 9.251203e+09	3.205931e+09 9.251203e+09
9.378450e+09 1.540565 9.396888e+09	3.254013e+09 9.396888e+09
9.365352e+09 1.535125 9.542779e+09	3.304058e+09 9.542779e+09
9.352253e+09 1.529709 9.688856e+09	3.356145e+09 9.688856e+09
9.339155e+09 1.524315 9.835104e+09	3.410357e+09 9.835104e+09
9.326056e+09 1.518944 9.981505e+09	3.466778e+09 9.981505e+09
9.312958e+09 1.513596 1.012804e+10	3.525496e+09 1.012804e+10
9.299860e+09 1.508282 1.027471e+10	3.586598e+09 1.027471e+10
9.286761e+09 1.502996 1.042148e+10	3.650177e+09 1.042148e+10
9.273663e+09 1.497732 1.056836e+10	3.716330e+09 1.056836e+10
9.260564e+09 1.492490 1.071531e+10	3.785159e+09 1.071531e+10
9.247466e+09 1.487270 1.086233e+10	3.856769e+09 1.086233e+10
9.234368e+09 1.482075 1.100940e+10	3.931265e+09 1.100940e+10
9.221269e+09 1.476914 1.115652e+10	4.008753e+09 1.115652e+10
9.208171e+09 1.471775 1.130367e+10	4.089351e+09 1.130367e+10
9.195072e+09 1.466656 1.145083e+10	4.173175e+09 1.145083e+10
9.181974e+09 1.461559 1.159800e+10	4.260349e+09 1.159800e+10
9.168876e+09 1.456483 1.174516e+10	4.350999e+09 1.174516e+10
9.155777e+09 1.451438 1.189230e+10	4.445250e+09 1.189230e+10
9.142679e+09 1.446418 1.203941e+10	4.543231e+09 1.203941e+10
9.129580e+09 1.441419 1.218647e+10	4.645081e+09 1.218647e+10
9.116482e+09 1.436441 1.233349e+10	4.750940e+09 1.233349e+10
9.103384e+09 1.431482 1.248044e+10	4.860953e+09 1.248044e+10
9.090285e+09 1.426544 1.262731e+10	4.975268e+09 1.262731e+10
9.077187e+09 1.421640 1.277410e+10	5.094026e+09 1.277410e+10
9.064088e+09 1.416755 1.292079e+10	5.217384e+09 1.292079e+10
9.050990e+09 1.411891 1.306739e+10	5.345499e+09 1.306739e+10
9.037892e+09 1.407045 1.321386e+10	5.478534e+09 1.321386e+10
9.024793e+09 1.402220 1.336021e+10	5.616652e+09 1.336021e+10
9.011695e+09 1.397417 1.350643e+10	5.760019e+09 1.350643e+10
8.998597e+09 1.392643 1.365251e+10	5.908798e+09 1.365251e+10
8.985498e+09 1.387888 1.379844e+10	6.063163e+09 1.379844e+10
8.972400e+09 1.383152 1.394421e+10	6.223289e+09 1.394421e+10
8.959301e+09 1.378435 1.408982e+10	6.387095e+09 1.408982e+10
8.946203e+09 1.373736 1.423524e+10	6.550440e+09 1.423524e+10
8.933105e+09 1.369062 1.438049e+10	6.714077e+09 1.438049e+10
8.920006e+09 1.364413 1.452554e+10	6.878102e+09 1.452554e+10
8.906908e+09 1.359782 1.467040e+10	7.042546e+09 1.467040e+10
8.893809e+09 1.355169 1.481505e+10	7.207416e+09 1.481505e+10
8.880711e+09 1.350574 1.495949e+10	7.372706e+09 1.495949e+10
8.867613e+09 1.345997 1.510370e+10	7.538404e+09 1.510370e+10
8.854514e+09 1.341445 1.524770e+10	7.704495e+09 1.524770e+10
8.841416e+09 1.336915 1.539145e+10	7.870963e+09 1.539145e+10
8.828317e+09 1.332403 1.553497e+10	8.037783e+09 1.553497e+10
8.815219e+09 1.327908 1.567825e+10	8.204932e+09 1.567825e+10
8.802121e+09 1.323430 1.582127e+10	8.372385e+09 1.582127e+10
8.789022e+09 1.318970 1.596403e+10	8.540117e+09 1.596403e+10
8.775924e+09 1.314534 1.610653e+10	8.708106e+09 1.610653e+10
8.762825e+09 1.310118 1.624876e+10	8.876328e+09 1.624876e+10
8.749727e+09 1.305720 1.639071e+10	9.044758e+09 1.639071e+10
8.736629e+09 1.301338 1.653239e+10	9.213370e+09 1.653239e+10
8.723530e+09 1.296973 1.667378e+10	9.382138e+09 1.667378e+10
8.710432e+09 1.292625 1.681487e+10	9.551038e+09 1.681487e+10
8.697333e+09 1.288299 1.695567e+10	9.720049e+09 1.695567e+10
8.684235e+09 1.283994 1.709617e+10	9.889149e+09 1.709617e+10
8.671137e+09 1.279704 1.723637e+10	1.005831e+10 1.723637e+10
8.658038e+09 1.275431 1.737626e+10	1.022752e+10 1.737626e+10
8.644940e+09 1.271174 1.751583e+10	1.039674e+10 1.751583e+10
8.631841e+09 1.266933 1.765508e+10	1.056596e+10 1.765508e+10
8.618743e+09 1.262712 1.779401e+10	1.073516e+10 1.779401e+10
8.605645e+09 1.258512 1.793261e+10	1.090431e+10 1.793261e+10
8.592546e+09 1.254328 1.807088e+10	1.107340e+10 1.807088e+10
8.579448e+09 1.250159 1.820882e+10	1.124241e+10 1.820882e+10
8.566350e+09 1.246006 1.834642e+10	1.141131e+10 1.834642e+10
8.553251e+09 1.241868 1.848368e+10	1.158009e+10 1.848368e+10
8.540153e+09 1.237747 1.862059e+10	1.174873e+10 1.862059e+10
8.527054e+09 1.233648 1.875715e+10	1.191721e+10 1.875715e+10
8.513956e+09 1.229565 1.889336e+10	1.208552e+10 1.889336e+10
8.500858e+09 1.225496 1.902922e+10	1.225364e+10 1.902922e+10
8.487759e+09 1.221442 1.916472e+10	1.242155e+10 1.916472e+10
8.474661e+09 1.217403 1.929985e+10	1.258924e+10 1.929985e+10
8.461562e+09 1.213378 1.943462e+10	1.275668e+10 1.943462e+10
8.448464e+09 1.209376 1.956903e+10	1.292388e+10 1.956903e+10
8.435366e+09 1.205390 1.970307e+10	1.309081e+10 1.970307e+10
8.422267e+09 1.201417 1.983673e+10	1.325745e+10 1.983673e+10
8.409169e+09 1.197459 1.997002e+10	1.342380e+10 1.997002e+10
8.396070e+09 1.193515 2.010293e+10	1.358984e+10 2.010293e+10
8.382972e+09 1.189585 2.023546e+10	1.375556e+10 2.023546e+10
8.369874e+09 1.185673 2.036761e+10	1.392094e+10 2.036761e+10
8.356775e+09 1.181779 2.049937e+10	1.408599e+10 2.049937e+10
8.343677e+09 1.177899 2.063075e+10	1.425067e+10 2.063075e+10
8.330578e+09 1.174033 2.076174e+10	1.441499e+10 2.076174e+10
8.317480e+09 1.170180 2.089234e+10	1.457892e+10 2.089234e+10
8.304382e+09 1.166341 2.102255e+10	1.474247e+10 2.102255e+10
8.291283e+09 1.162516 2.115237e+10	1.490561e+10 2.115237e+10
8.278185e+09 1.158712 2.128179e+10	1.506835e+10 2.128179e+10
8.265086e+09 1.154921 2.141081e+10	1.523067e+10 2.141081e+10
8.251988e+09 1.151143 2.153944e+10	1.539256e+10 2.153944e+10
8.238890e+09 1.147378 2.166766e+10	1.555402e+10 2.166766e+10
8.225791e+09 1.143627 2.179548e+10	1.571503e+10 2.179548e+10
8.212693e+09 1.139888 2.192290e+10	1.587559e+10 2.192290e+10
8.199594e+09 1.136166 2.204992e+10	1.603569e+10 2.206513e+10
8.186496e+09 1.132460 2.217653e+10	1.619532e+10 2.221575e+10
8.173398e+09 1.128768 2.230273e+10	1.635450e+10 2.236614e+10
8.160299e+09 1.125088 2.242853e+10	1.651329e+10 2.251630e+10
8.147201e+09 1.121420 2.255391e+10	1.667166e+10 2.266623e+10
8.134103e+09 1.117766 2.267889e+10	1.682962e+10 2.281592e+10
8.121004e+09 1.114123 2.280345e+10	1.698715e+10 2.296536e+10
8.107906e+09 1.110499 2.292761e+10	1.714425e+10 2.311456e+10
8.094807e+09 1.106888 2.305135e+10	1.730091e+10 2.326349e+10
8.081709e+09 1.103289 2.317468e+10	1.745714e+10 2.341217e+10
8.068611e+09 1.099703 2.329759e+10	1.761293e+10 2.356054e+10
8.055512e+09 1.096129 2.342009e+10	1.776827e+10 2.370820e+10
8.042414e+09 1.092567 2.354217e+10	1.792316e+10 2.385523e+10
8.029315e+09 1.089017 2.366384e+10	1.807760e+10 2.400164e+10
8.016217e+09 1.085485 2.378509e+10	1.823158e+10 2.414746e+10
8.003119e+09 1.081965 2.390592e+10	1.838511e+10 2.429269e+10
7.990020e+09 1.078456 2.402634e+10	1.853818e+10 2.443734e+10
7.976922e+09 1.074960 2.414634e+10	1.869078e+10 2.458141e+10
7.963823e+09 1.071475 2.426592e+10	1.884292e+10 2.472493e+10
7.950725e+09 1.068002 2.438508e+10	1.899459e+10 2.486788e+10
7.937627e+09 1.064542 2.450382e+10	1.914579e+10 2.501027e+10
7.924528e+09 1.061097 2.462215e+10	1.929652e+10 2.515213e+10
7.911430e+09 1.057664 2.474005e+10	1.944677e+10 2.529344e+10
7.898331e+09 1.054242 2.485754e+10	1.959655e+10 2.543422e+10
7.885233e+09 1.050831 2.497460e+10	1.974585e+10 2.557446e+10
7.872135e+09 1.047432 2.509125e+10	1.989467e+10 2.571418e+10
7.859036e+09 1.044044 2.520747e+10	2.004301e+10 2.585338e+10
7.845938e+09 1.040669 2.532328e+10	2.019087e+10 2.599206e+10
7.832839e+09 1.037308 2.543867e+10	2.033825e+10 2.613024e+10
7.819741e+09 1.033958 2.555363e+10	2.048514e+10 2.626790e+10
7.806643e+09 1.030619 2.566818e+10	2.063155e+10 2.640507e+10
7.793544e+09 1.027292 2.578231e+10	2.077748e+10 2.654174e+10
7.780446e+09 1.023975 2.589602e+10	2.092291e+10 2.667791e+10
7.767348e+09 1.020668 2.600931e+10	2.106786e+10 2.681359e+10
7.754249e+09 1.017374 2.612218e+10	2.121232e+10 2.694879e+10
7.741151e+09 1.014094 2.623463e+10	2.135629e+10 2.708351e+10
7.728052e+09 1.010824 2.634666e+10	2.149977e+10 2.721775e+10
7.714954e+09 1.007565 2.645828e+10	2.164277e+10 2.735152e+10
7.701856e+09 1.004316 2.656948e+10	2.178527e+10 2.748482e+10
7.688757e+09 1.001078 2.668026e+10	2.192729e+10 2.761765e+10
7.675659e+09 0.997850 2.679062e+10	2.206881e+10 2.775002e+10
7.662560e+09 0.994634 2.690057e+10	2.220984e+10 2.788193e+10
7.649462e+09 0.991431 2.701010e+10	2.235038e+10 2.801339e+10
7.636364e+09 0.988238 2.711921e+10	2.249044e+10 2.814440e+10
7.623265e+09 0.985055 2.722791e+10	2.263000e+10 2.827496e+10
7.610167e+09 0.981883 2.733620e+10	2.276907e+10 2.840507e+10
7.597068e+09 0.978720 2.744407e+10	2.290765e+10 2.853474e+10
7.583970e+09 0.975568 2.755153e+10	2.304575e+10 2.866398e+10
7.570872e+09 0.972426 2.765857e+10	2.318335e+10 2.879278e+10
7.557773e+09 0.969296 2.776520e+10	2.332046e+10 2.892115e+10
7.544675e+09 0.966177 2.787142e+10	2.345709e+10 2.904910e+10
7.531576e+09 0.963068 2.797723e+10	2.359323e+10 2.917662e+10
7.518478e+09 0.959969 2.808263e+10	2.372888e+10 2.930371e+10
7.505380e+09 0.956879 2.818761e+10	2.386404e+10 2.943039e+10
7.492281e+09 0.953799 2.829219e+10	2.399872e+10 2.955666e+10
7.479183e+09 0.950729 2.839636e+10	2.413291e+10 2.968251e+10
7.466084e+09 0.947670 2.850012e+10	2.426662e+10 2.980795e+10
7.452986e+09 0.944622 2.860348e+10	2.439984e+10 2.993299e+10
7.439888e+09 0.941584 2.870643e+10	2.453258e+10 3.005763e+10
7.426789e+09 0.938554 2.880897e+10	2.466484e+10 3.018186e+10
7.413691e+09 0.935535 2.891111e+10	2.479661e+10 3.030570e+10
7.400592e+09 0.932524 2.901284e+10	2.492791e+10 3.042914e+10
7.387494e+09 0.929523 2.911417e+10	2.505872e+10 3.055219e+10
7.374396e+09 0.926532 2.921510e+10	2.518906e+10 3.067486e+10
7.361297e+09 0.923552 2.931563e+10	2.531891e+10 3.079713e+10
7.348199e+09 0.920582 2.941575e+10	2.544829e+10 3.091903e+10
7.335101e+09 0.917620 2.951548e+10	2.557720e+10 3.104054e+10
7.322002e+09 0.914668 2.961481e+10	2.570563e+10 3.116168e+10
7.308904e+09 0.911724 2.971374e+10	2.583359e+10 3.128244e+10
7.295805e+09 0.908790 2.981227e+10	2.596107e+10 3.140282e+10
7.282707e+09 0.905864 2.991041e+10	2.608809e+10 3.152284e+10
7.269609e+09 0.902950 3.000815e+10	2.621463e+10 3.164249e+10
7.256510e+09 0.900044 3.010550e+10	2.634070e+10 3.176178e+10
7.243412e+09 0.897147 3.020245e+10	2.646574e+10 3.188042e+10
7.230313e+09 0.894260 3.029901e+10	2.658983e+10 3.199846e+10
7.217215e+09 0.891381 3.039518e+10	2.671301e+10 3.211592e+10
7.204117e+09 0.888510 3.049096e+10	2.683529e+10 3.223280e+10
7.191018e+09 0.885649 3.058635e+10	2.695669e+10 3.234911e+10
7.177920e+09 0.882796 3.068135e+10	2.707720e+10 3.246485e+10
7.164821e+09 0.879953 3.077596e+10	2.719685e+10 3.258003e+10
7.151723e+09 0.877119 3.087019e+10	2.731565e+10 3.269465e+10
7.138625e+09 0.874294 3.096404e+10	2.743359e+10 3.280872e+10
7.125526e+09 0.871476 3.105749e+10	2.755070e+10 3.292223e+10
7.112428e+09 0.868668 3.115057e+10	2.766697e+10 3.303520e+10
7.099329e+09 0.865867 3.124326e+10	2.778242e+10 3.314763e+10
7.086231e+09 0.863076 3.133557e+10	2.789705e+10 3.325952e+10
7.073133e+09 0.860293 3.142750e+10	2.801087e+10 3.337087e+10
7.060034e+09 0.857519 3.151906e+10	2.812388e+10 3.348169e+10
7.046936e+09 0.854753 3.161023e+10	2.823610e+10 3.359198e+10
7.033837e+09 0.851996 3.170103e+10	2.834753e+10 3.370174e+10
7.020739e+09 0.849246 3.179145e+10	2.845818e+10 3.381098e+10
7.007641e+09 0.846505 3.188150e+10	2.856805e+10 3.391970e+10
6.994542e+09 0.843772 3.197117e+10	2.867715e+10 3.402790e+10
6.981444e+09 0.841047 3.206047e+10	2.878548e+10 3.413558e+10
6.968345e+09 0.838331 3.214940e+10	2.889306e+10 3.424275e+10
6.955247e+09 0.835623 3.223796e+10	2.899988e+10 3.434942e+10
6.942149e+09 0.832923 3.232615e+10	2.910596e+10 3.445558e+10
6.929050e+09 0.830230 3.241397e+10	2.921129e+10 3.456123e+10
6.915952e+09 0.827546 3.250143e+10	2.931589e+10 3.466639e+10
6.902854e+09 0.824870 3.258852e+10	2.941977e+10 3.477105e+10
6.889755e+09 0.822201 3.267525e+10	2.952292e+10 3.487521e+10
6.876657e+09 0.819540 3.276161e+10	2.962535e+10 3.497889e+10
6.863558e+09 0.816888 3.284761e+10	2.972707e+10 3.508207e+10
6.850460e+09 0.814243 3.293325e+10	2.982809e+10 3.518477e+10
6.837362e+09 0.811606 3.301852e+10	2.992840e+10 3.528698e+10
6.824263e+09 0.808976 3.310344e+10	3.002802e+10 3.538871e+10
6.811165e+09 0.806354 3.318801e+10	3.012695e+10 3.548997e+10
6.798066e+09 0.803740 3.327221e+10	3.022520e+10 3.559075e+10
6.784968e+09 0.801133 3.335606e+10	3.032277e+10 3.569105e+10
6.771870e+09 0.798534 3.343956e+10	3.041966e+10 3.579089e+10
6.758771e+09 0.795942 3.352270e+10	3.051589e+10 3.589026e+10
6.745673e+09 0.793358 3.360550e+10	3.061145e+10 3.598916e+10
6.732574e+09 0.790782 3.368794e+10	3.070636e+10 3.608760e+10
6.719476e+09 0.788212 3.377003e+10	3.080061e+10 3.618559e+10
6.706378e+09 0.785650 3.385177e+10	3.089422e+10 3.628311e+10
6.693279e+09 0.783096 3.393317e+10	3.098718e+10 3.638018e+10
6.680181e+09 0.780548 3.401422e+10	3.107950e+10 3.647680e+10
6.667082e+09 0.778008 3.409493e+10	3.117120e+10 3.657297e+10
6.653984e+09 0.775475 3.417529e+10	3.126226e+10 3.666869e+10
6.640886e+09 0.772950 3.425531e+10	3.135270e+10 3.676396e+10
6.627787e+09 0.770431 3.433499e+10	3.144159e+10 3.685880e+10
6.614689e+09 0.767919 3.441433e+10	3.152427e+10 3.695319e+10
6.601590e+09 0.765415 3.449333e+10	3.160669e+10 3.704715e+10
6.588492e+09 0.762918 3.457199e+10	3.168884e+10 3.714068e+10
6.575394e+09 0.760428 3.465032e+10	3.177071e+10 3.723377e+10
6.562295e+09 0.757944 3.472831e+10	3.185232e+10 3.732643e+10
6.549197e+09 0.755468 3.480597e+10	3.193366e+10 3.741866e+10
6.536098e+09 0.752998 3.488329e+10	3.201473e+10 3.751047e+10
6.523000e+09 0.750535 3.496028e+10	3.209553e+10 3.760186e+10
6.509902e+09 0.748079 3.503694e+10	3.217606e+10 3.769282e+10
6.496803e+09 0.745630 3.511328e+10	3.225632e+10 3.778337e+10
6.483705e+09 0.743188 3.518928e+10	3.233632e+10 3.787351e+10
6.470607e+09 0.740753 3.526496e+10	3.241605e+10 3.796322e+10
6.457508e+09 0.738324 3.534031e+10	3.249551e+10 3.805253e+10
6.444410e+09 0.735902 3.541534e+10	3.257471e+10 3.814143e+10
6.431311e+09 0.733486 3.549005e+10	3.265364e+10 3.822993e+10
6.418213e+09 0.731076 3.556443e+10	3.273231e+10 3.831802e+10
6.405115e+09 0.728674 3.563849e+10	3.279980e+10 3.840570e+10
6.392016e+09 0.726278 3.571223e+10	3.286554e+10 3.849299e+10
6.378918e+09 0.723889 3.578566e+10	3.293100e+10 3.857988e+10
6.365819e+09 0.721506 3.585876e+10	3.299617e+10 3.866638e+10
6.352721e+09 0.719130 3.593156e+10	3.306105e+10 3.875248e+10
6.339623e+09 0.716760 3.600403e+10	3.312566e+10 3.883820e+10
6.326524e+09 0.714396 3.607619e+10	3.318998e+10 3.892352e+10
6.313426e+09 0.712039 3.614804e+10	3.325403e+10 3.900846e+10
6.300327e+09 0.709688 3.621958e+10	3.331780e+10 3.909301e+10
6.287229e+09 0.707343 3.629081e+10	3.338130e+10 3.917718e+10
6.274131e+09 0.705005 3.636172e+10	3.344452e+10 3.926098e+10
6.261032e+09 0.702673 3.643233e+10	3.350748e+10 3.934439e+10
6.247934e+09 0.700347 3.650264e+10	3.357017e+10 3.942743e+10
6.234835e+09 0.698028 3.657264e+10	3.363259e+10 3.950995e+10
6.221737e+09 0.695714 3.664233e+10	3.369475e+10 3.959196e+10
6.208639e+09 0.693406 3.671172e+10	3.375664e+10 3.967346e+10
6.195540e+09 0.691104 3.678081e+10	3.381828e+10 3.975447e+10
6.182442e+09 0.688809 3.684959e+10	3.387966e+10 3.983498e+10
6.169343e+09 0.686519 3.691808e+10	3.394078e+10 3.991502e+10
6.156245e+09 0.684236 3.698627e+10	3.400164e+10 3.999457e+10
6.143147e+09 0.681960 3.705416e+10	3.406225e+10 4.007365e+10
6.130048e+09 0.679689 3.712176e+10	3.412261e+10 4.015225e+10
6.116950e+09 0.677423 3.718906e+10	3.418273e+10 4.023039e+10
6.103851e+09 0.675163 3.725606e+10	3.424259e+10 4.030806e+10
6.090753e+09 0.672909 3.732278e+10	3.430221e+10 4.038527e+10
6.077655e+09 0.670661 3.738920e+10	3.436158e+10 4.046203e+10
6.064556e+09 0.668419 3.745533e+10	3.442071e+10 4.053834e+10
6.051458e+09 0.666183 3.752117e+10	3.447960e+10 4.061419e+10
6.038360e+09 0.663953 3.758672e+10	3.453825e+10 4.068960e+10
6.025261e+09 0.661729 3.765199e+10	3.459666e+10 4.076457e+10
6.012163e+09 0.659510 3.771697e+10	3.465484e+10 4.083910e+10
5.999064e+09 0.657296 3.778167e+10	3.471278e+10 4.091319e+10
5.985966e+09 0.655088 3.784608e+10	3.477049e+10 4.098685e+10
5.972868e+09 0.652885 3.791021e+10	3.482797e+10 4.106008e+10
5.959769e+09 0.650689 3.797405e+10	3.488522e+10 4.113288e+10
5.946671e+09 0.648498 3.803762e+10	3.494224e+10 4.120527e+10
5.933572e+09 0.646313 3.810091e+10	3.499904e+10 4.127723e+10
5.920474e+09 0.644134 3.816392e+10	3.505561e+10 4.134878e+10
5.907376e+09 0.641961 3.822665e+10	3.511195e+10 4.141991e+10
5.894277e+09 0.639792 3.828911e+10	3.516808e+10 4.149063e+10
5.881179e+09 0.637628 3.835129e+10	3.522399e+10 4.156095e+10
5.868080e+09 0.635469 3.841320e+10	3.527968e+10 4.163086e+10
5.854982e+09 0.633317 3.847484e+10	3.533515e+10 4.170037e+10
5.841884e+09 0.631169 3.853620e+10	3.539040e+10 4.176948e+10
5.828785e+09 0.629028 3.859729e+10	3.544544e+10 4.183819e+10
5.815687e+09 0.626892 3.865812e+10	3.550027e+10 4.190651e+10
5.802588e+09 0.624762 3.871867e+10	3.555489e+10 4.197444e+10
5.789490e+09 0.622637 3.877896e+10	3.560930e+10 4.204198e+10
5.776392e+09 0.620516 3.883899e+10	3.566350e+10 4.210914e+10
5.763293e+09 0.618400 3.889875e+10	3.571750e+10 4.217592e+10
5.750195e+09 0.616289 3.895824e+10	3.577129e+10 4.224231e+10
5.737096e+09 0.614184 3.901747e+10	3.582487e+10 4.230833e+10
5.723998e+09 0.612084 3.907644e+10	3.587826e+10 4.237398e+10
5.710900e+09 0.609990 3.913515e+10	3.593144e+10 4.243925e+10
5.697801e+09 0.607901 3.919360e+10	3.598442e+10 4.250416e+10
5.684703e+09 0.605818 3.925179e+10	3.603720e+10 4.256870e+10
5.671604e+09 0.603740 3.930973e+10	3.608979e+10 4.263287e+10
5.658506e+09 0.601665 3.936740e+10	3.614218e+10 4.269669e+10
5.645408e+09 0.599595 3.942482e+10	3.619438e+10 4.276014e+10
5.632309e+09 0.597531 3.948199e+10	3.624639e+10 4.282324e+10
5.619211e+09 0.595471 3.953890e+10	3.629820e+10 4.288599e+10
5.606113e+09 0.593417 3.959557e+10	3.634982e+10 4.294838e+10
5.593014e+09 0.591369 3.965198e+10	3.640126e+10 4.301043e+10
5.579916e+09 0.589325 3.970814e+10	3.645250e+10 4.307213e+10
5.566817e+09 0.587287 3.976405e+10	3.650356e+10 4.313348e+10
5.553719e+09 0.585254 3.981971e+10	3.655444e+10 4.319450e+10
5.540621e+09 0.583223 3.987513e+10	3.660513e+10 4.325517e+10
5.527522e+09 0.581198 3.993030e+10	3.665564e+10 4.331551e+10
5.514424e+09 0.579177 3.998522e+10	3.670597e+10 4.337551e+10
5.501325e+09 0.577162 4.003990e+10	3.675611e+10 4.343518e+10
5.488227e+09 0.575152 4.009434e+10	3.680608e+10 4.349452e+10
5.475129e+09 0.573147 4.014854e+10	3.685587e+10 4.355353e+10
5.462030e+09 0.571147 4.020249e+10	3.690549e+10 4.361221e+10
5.448932e+09 0.569152 4.025621e+10	3.695492e+10 4.367058e+10
5.435833e+09 0.567162 4.030968e+10	3.700419e+10 4.372862e+10
5.422735e+09 0.565175 4.036292e+10	3.705328e+10 4.378634e+10
5.409637e+09 0.563192 4.041592e+10	3.710220e+10 4.384375e+10
5.396538e+09 0.561214 4.046868e+10	3.715095e+10 4.390084e+10
5.383440e+09 0.559241 4.052121e+10	3.719953e+10 4.395761e+10
5.370341e+09 0.557273 4.057351e+10	3.724794e+10 4.401408e+10
5.357243e+09 0.555310 4.062557e+10	3.729619e+10 4.407024e+10
5.344145e+09 0.553352 4.067740e+10	3.734426e+10 4.412609e+10
5.331046e+09 0.551399 4.072900e+10	3.739218e+10 4.418164e+10
5.317948e+09 0.549450 4.078037e+10	3.743993e+10 4.423689e+10
5.304849e+09 0.547505 4.083151e+10	3.748751e+10 4.429183e+10
5.291751e+09 0.545563 4.088242e+10	3.753494e+10 4.434648e+10
5.278653e+09 0.543626 4.093310e+10	3.758220e+10 4.440083e+10
5.265554e+09 0.541694 4.098356e+10	3.762931e+10 4.445488e+10
5.252456e+09 0.539766 4.103379e+10	3.767625e+10 4.450865e+10
5.239358e+09 0.537844 4.108380e+10	3.772304e+10 4.456212e+10
5.226259e+09 0.535926 4.113358e+10	3.776967e+10 4.461531e+10
5.213161e+09 0.534013 4.118315e+10	3.781615e+10 4.466821e+10
5.200062e+09 0.532105 4.123249e+10	3.786247e+10 4.472082e+10
5.186964e+09 0.530200 4.128161e+10	3.790864e+10 4.477315e+10
5.173866e+09 0.528297 4.133051e+10	3.795466e+10 4.482520e+10
5.160767e+09 0.526400 4.137919e+10	3.800053e+10 4.487697e+10
5.147669e+09 0.524507 4.142765e+10	3.804624e+10 4.492847e+10
5.134570e+09 0.522618 4.147589e+10	3.809181e+10 4.497969e+10
5.121472e+09 0.520735 4.152392e+10	3.813722e+10 4.503063e+10
5.108374e+09 0.518856 4.157174e+10	3.818250e+10 4.508130e+10
5.095275e+09 0.516981 4.161934e+10	3.822762e+10 4.513171e+10
5.082177e+09 0.515112 4.166672e+10	3.827260e+10 4.518184e+10
5.069078e+09 0.513246 4.171390e+10	3.831743e+10 4.523171e+10
5.055980e+09 0.511382 4.176086e+10	3.836212e+10 4.528132e+10
5.042882e+09 0.509522 4.180761e+10	3.840667e+10 4.533066e+10
5.029783e+09 0.507667 4.185415e+10	3.845108e+10 4.537974e+10
5.016685e+09 0.505816 4.190049e+10	3.849535e+10 4.542856e+10
5.003586e+09 0.503970 4.194661e+10	3.853947e+10 4.547712e+10
4.990488e+09 0.502129 4.199253e+10	3.858346e+10 4.552543e+10
4.977390e+09 0.500291 4.203824e+10	3.862731e+10 4.557348e+10
4.964291e+09 0.498459 4.208375e+10	3.867102e+10 4.562102e+10
4.951193e+09 0.496631 4.212905e+10	3.871460e+10 4.566805e+10
4.938094e+09 0.494804 4.217415e+10	3.875804e+10 4.571460e+10
4.924996e+09 0.492981 4.221905e+10	3.880135e+10 4.576066e+10
4.911898e+09 0.491162 4.226374e+10	3.884452e+10 4.580626e+10
4.898799e+09 0.489348 4.230823e+10	3.888756e+10 4.585140e+10
4.885701e+09 0.487538 4.235252e+10	3.893047e+10 4.589608e+10
4.872602e+09 0.485732 4.239662e+10	3.897325e+10 4.594032e+10
4.859504e+09 0.483931 4.244051e+10	3.901589e+10 4.598411e+10
4.846406e+09 0.482134 4.248421e+10	3.905841e+10 4.602747e+10
4.833307e+09 0.480342 4.252771e+10	3.910080e+10 4.607041e+10
4.820209e+09 0.478552 4.257101e+10	3.914307e+10 4.611291e+10
4.807111e+09 0.476764 4.261412e+10	3.918520e+10 4.615500e+10
4.794012e+09 0.474980 4.265703e+10	3.922721e+10 4.619667e+10
4.780914e+09 0.473201 4.269975e+10	3.926910e+10 4.623793e+10
4.767815e+09 0.471426 4.274228e+10	3.931086e+10 4.627879e+10
4.754717e+09 0.469655 4.278462e+10	3.935250e+10 4.631925e+10
4.741619e+09 0.467888 4.282676e+10	3.939401e+10 4.635931e+10
4.728520e+09 0.466126 4.286872e+10	3.943540e+10 4.639898e+10
4.715422e+09 0.464368 4.291048e+10	3.947667e+10 4.643827e+10
4.702323e+09 0.462614 4.295206e+10	3.951782e+10 4.647717e+10
4.689225e+09 0.460861 4.299345e+10	3.955886e+10 4.651569e+10
4.676127e+09 0.459111 4.303465e+10	3.959977e+10 4.655384e+10
4.663028e+09 0.457365 4.307567e+10	3.964056e+10 4.659162e+10
4.649930e+09 0.455624 4.311650e+10	3.968124e+10 4.662903e+10
4.636831e+09 0.453886 4.315714e+10	3.972180e+10 4.666608e+10
4.623733e+09 0.452153 4.319761e+10	3.976225e+10 4.670277e+10
4.610635e+09 0.450424 4.323789e+10	3.980258e+10 4.673911e+10
4.597536e+09 0.448699 4.327798e+10	3.984279e+10 4.677509e+10
4.584438e+09 0.446978 4.331790e+10	3.988289e+10 4.681073e+10
4.571339e+09 0.445261 4.335763e+10	3.992288e+10 4.684603e+10
4.558241e+09 0.443544 4.339719e+10	3.996276e+10 4.688098e+10
4.545143e+09 0.441830 4.343656e+10	4.000252e+10 4.691560e+10
4.532044e+09 0.440121 4.347576e+10	4.004218e+10 4.694988e+10
4.518946e+09 0.438416 4.351478e+10	4.008172e+10 4.698383e+10
4.505847e+09 0.436715 4.355362e+10	4.012116e+10 4.701746e+10
4.492749e+09 0.435018 4.359229e+10	4.016048e+10 4.705076e+10
4.479651e+09 0.433325 4.363078e+10	4.019970e+10 4.708375e+10
4.466552e+09 0.431636 4.366909e+10	4.023881e+10 4.711641e+10
4.453454e+09 0.429951 4.370724e+10	4.027782e+10 4.714877e+10
4.440355e+09 0.428268 4.374521e+10	4.031672e+10 4.718081e+10
4.427257e+09 0.426586 4.378300e+10	4.035551e+10 4.721255e+10
4.414159e+09 0.424908 4.382063e+10	4.039420e+10 4.724398e+10
4.401060e+09 0.423234 4.385808e+10	4.043278e+10 4.727511e+10
4.387962e+09 0.421564 4.389537e+10	4.047127e+10 4.730594e+10
4.374864e+09 0.419898 4.393248e+10	4.050964e+10 4.733647e+10
4.361765e+09 0.418235 4.396943e+10	4.054792e+10 4.736672e+10
4.348667e+09 0.416577 4.400620e+10	4.058610e+10 4.739667e+10
4.335568e+09 0.414922 4.404281e+10	4.062417e+10 4.742634e+10
4.322470e+09 0.413272 4.407926e+10	4.066215e+10 4.745572e+10
4.309372e+09 0.411622 4.411554e+10	4.070002e+10 4.748483e+10
4.296273e+09 0.409974 4.415165e+10	4.073780e+10 4.751365e+10
4.283175e+09 0.408330 4.418760e+10	4.077548e+10 4.754220e+10
4.270076e+09 0.406690 4.422338e+10	4.081306e+10 4.757047e+10
4.256978e+09 0.405054 4.425900e+10	4.085054e+10 4.759848e+10
4.243880e+09 0.403421 4.429446e+10	4.088793e+10 4.762622e+10
4.230781e+09 0.401793 4.432976e+10	4.092522e+10 4.765369e+10
4.217683e+09 0.400168 4.436489e+10	4.096241e+10 4.768090e+10
4.204584e+09 0.398547 4.439987e+10	4.099952e+10 4.770785e+10
4.191486e+09 0.396929 4.443469e+10	4.103652e+10 4.773455e+10
4.178388e+09 0.395312 4.446935e+10	4.107344e+10 4.776098e+10
4.165289e+09 0.393697 4.450384e+10	4.111026e+10 4.778717e+10
4.152191e+09 0.392086 4.453819e+10	4.114699e+10 4.781310e+10
4.139092e+09 0.390478 4.457237e+10	4.118363e+10 4.783879e+10
4.125994e+09 0.388874 4.460640e+10	4.122017e+10 4.786423e+10
4.112896e+09 0.387274 4.464027e+10	4.125663e+10 4.788943e+10
4.099797e+09 0.385678 4.467399e+10	4.129299e+10 4.791439e+10
4.086699e+09 0.384085 4.470755e+10	4.132927e+10 4.793911e+10
4.073600e+09 0.382496 4.474096e+10	4.136546e+10 4.796359e+10
4.060502e+09 0.380911 4.477422e+10	4.140156e+10 4.798784e+10
4.047404e+09 0.379325 4.480733e+10	4.143757e+10 4.801186e+10
4.034305e+09 0.377742 4.484028e+10	4.147349e+10 4.803565e+10
4.021207e+09 0.376162 4.487308e+10	4.150933e+10 4.805921e+10
4.008108e+09 0.374586 4.490573e+10	4.154508e+10 4.808255e+10
3.995010e+09 0.373014 4.493824e+10	4.158075e+10 4.810566e+10
3.981912e+09 0.371445 4.497059e+10	4.161633e+10 4.812855e+10
3.968813e+09 0.369879 4.500279e+10	4.165182e+10 4.815122e+10
3.955715e+09 0.368318 4.503485e+10	4.168723e+10 4.817368e+10
3.942617e+09 0.366759 4.506676e+10	4.172256e+10 4.819592e+10
3.929518e+09 0.365205 4.509853e+10	4.175781e+10 4.821795e+10
3.916420e+09 0.363650 4.513015e+10	4.179297e+10 4.823976e+10
3.903321e+09 0.362098 4.516162e+10	4.182805e+10 4.826137e+10
3.890223e+09 0.360548 4.519295e+10	4.186305e+10 4.828277e+10
3.877125e+09 0.359002 4.522413e+10	4.189797e+10 4.830397e+10
3.864026e+09 0.357460 4.525517e+10	4.193281e+10 4.832496e+10
3.850928e+09 0.355921 4.528607e+10	4.196757e+10 4.834575e+10
3.837829e+09 0.354386 4.531682e+10	4.200224e+10 4.836634e+10
3.824731e+09 0.352854 4.534744e+10	4.203684e+10 4.838674e+10
3.811633e+09 0.351326 4.537791e+10	4.207136e+10 4.840693e+10
3.798534e+09 0.349801 4.540824e+10	4.210581e+10 4.842694e+10
3.785436e+09 0.348277 4.543844e+10	4.214017e+10 4.844675e+10
3.772337e+09 0.346753 4.546849e+10	4.217446e+10 4.846637e+10
3.759239e+09 0.345233 4.549840e+10	4.220867e+10 4.848580e+10
3.746141e+09 0.343717 4.552818e+10	4.224281e+10 4.850505e+10
3.733042e+09 0.342204 4.555782e+10	4.227687e+10 4.852411e+10
3.719944e+09 0.340694 4.558732e+10	4.231085e+10 4.854298e+10
3.706845e+09 0.339187 4.561669e+10	4.234476e+10 4.856168e+10
3.693747e+09 0.337684 4.564592e+10	4.237860e+10 4.858019e+10
3.680649e+09 0.336185 4.567502e+10	4.241236e+10 4.859853e+10
3.667550e+09 0.334688 4.570398e+10	4.244605e+10 4.861668e+10
3.654452e+09 0.333194 4.573281e+10	4.247966e+10 4.863467e+10
3.641353e+09 0.331699 4.576150e+10	4.251321e+10 4.865248e+10
3.628255e+09 0.330207 4.579006e+10	4.254668e+10 4.867011e+10
3.615157e+09 0.328719 4.581849e+10	4.258007e+10 4.868758e+10
3.602058e+09 0.327234 4.584679e+10	4.261340e+10 4.870487e+10
3.588960e+09 0.325752 4.587496e+10	4.264666e+10 4.872200e+10
3.575861e+09 0.324274 4.590299e+10	4.267985e+10 4.873896e+10
3.562763e+09 0.322798 4.593090e+10	4.271296e+10 4.875576e+10
3.549665e+09 0.321326 4.595867e+10	4.274601e+10 4.877240e+10
3.536566e+09 0.319858 4.598632e+10	4.277899e+10 4.878887e+10
3.523468e+09 0.318392 4.601384e+10	4.281190e+10 4.880518e+10
3.510370e+09 0.316925 4.604123e+10	4.284474e+10 4.882134e+10
3.497271e+09 0.315461 4.606850e+10	4.287751e+10 4.883733e+10
3.484173e+09 0.314000 4.609564e+10	4.291022e+10 4.885317e+10
3.471074e+09 0.312542 4.612265e+10	4.294286e+10 4.886886e+10
3.457976e+09 0.311087 4.614953e+10	4.297543e+10 4.888439e+10
3.444878e+09 0.309635 4.617629e+10	4.300794e+10 4.889977e+10
3.431779e+09 0.308187 4.620293e+10	4.304038e+10 4.891500e+10
3.418681e+09 0.306742 4.622944e+10	4.307276e+10 4.893008e+10
3.405582e+09 0.305300 4.625583e+10	4.310507e+10 4.894501e+10
3.392484e+09 0.303861 4.628210e+10	4.313731e+10 4.895980e+10
3.379386e+09 0.302423 4.630824e+10	4.316950e+10 4.897444e+10
3.366287e+09 0.300984 4.633426e+10	4.320161e+10 4.898893e+10
3.353189e+09 0.299549 4.636016e+10	4.323367e+10 4.900329e+10
3.340090e+09 0.298118 4.638594e+10	4.326566e+10 4.901750e+10
3.326992e+09 0.296689 4.641160e+10	4.329759e+10 4.903157e+10
3.313894e+09 0.295263 4.643714e+10	4.332946e+10 4.904550e+10
3.300795e+09 0.293841 4.646256e+10	4.336126e+10 4.905930e+10
3.287697e+09 0.292422 4.648786e+10	4.339300e+10 4.907295e+10
3.274598e+09 0.291005 4.651304e+10	4.342469e+10 4.908648e+10
3.261500e+09 0.289592 4.653811e+10	4.345631e+10 4.909986e+10
3.248402e+09 0.288182 4.656306e+10	4.348787e+10 4.911312e+10
3.235303e+09 0.286769 4.658789e+10	4.351937e+10 4.912624e+10
3.222205e+09 0.285360 4.661260e+10	4.355081e+10 4.913924e+10
3.209106e+09 0.283953 4.663720e+10	4.358220e+10 4.915210e+10
3.196008e+09 0.282550 4.666169e+10	4.361352e+10 4.916483e+10
3.182910e+09 0.281149 4.668605e+10	4.364479e+10 4.917744e+10
3.169811e+09 0.279752 4.671031e+10	4.367599e+10 4.918992e+10
3.156713e+09 0.278358 4.673445e+10	4.370714e+10 4.920227e+10
3.143615e+09 0.276966 4.675847e+10	4.373823e+10 4.921450e+10
3.130516e+09 0.275578 4.678239e+10	4.376927e+10 4.922661e+10
3.117418e+09 0.274193 4.680619e+10	4.380025e+10 4.923860e+10
3.104319e+09 0.272808 4.682988e+10	4.383117e+10 4.925046e+10
3.091221e+09 0.271423 4.685346e+10	4.386203e+10 4.926221e+10
3.078123e+09 0.270040 4.687693e+10	4.389284e+10 4.927383e+10
3.065024e+09 0.268661 4.690028e+10	4.392360e+10 4.928534e+10
3.051926e+09 0.267285 4.692353e+10	4.395429e+10 4.929673e+10
3.038827e+09 0.265912 4.694666e+10	4.398494e+10 4.930801e+10
3.025729e+09 0.264542 4.696969e+10	4.401553e+10 4.931917e+10
3.012631e+09 0.263175 4.699261e+10	4.404606e+10 4.933022e+10
2.999532e+09 0.261810 4.701542e+10	4.407655e+10 4.934115e+10
2.986434e+09 0.260449 4.703812e+10	4.410697e+10 4.935197e+10
2.973335e+09 0.259091 4.706072e+10	4.413735e+10 4.936268e+10
2.960237e+09 0.257730 4.708321e+10	4.416767e+10 4.937329e+10
2.947139e+09 0.256371 4.710559e+10	4.419794e+10 4.938378e+10
2.934040e+09 0.255016 4.712787e+10	4.422816e+10 4.939416e+10
2.920942e+09 0.253663 4.715004e+10	4.425833e+10 4.940444e+10
2.907843e+09 0.252313 4.717210e+10	4.428844e+10 4.941461e+10
2.894745e+09 0.250966 4.719407e+10	4.431851e+10 4.942467e+10
2.881647e+09 0.249622 4.721592e+10	4.434852e+10 4.943463e+10
2.868548e+09 0.248281 4.723768e+10	4.437848e+10 4.944449e+10
2.855450e+09 0.246943 4.725933e+10	4.440839e+10 4.945424e+10
2.842351e+09 0.245608 4.728087e+10	4.443826e+10 4.946389e+10
2.829253e+09 0.244274 4.730232e+10	4.446807e+10 4.947344e+10
2.816155e+09 0.242938 4.732366e+10	4.449783e+10 4.948290e+10
2.803056e+09 0.241605 4.734490e+10	4.452755e+10 4.949225e+10
2.789958e+09 0.240275 4.736604e+10	4.455721e+10 4.950150e+10
2.776859e+09 0.238948 4.738708e+10	4.458683e+10 4.951065e+10
2.763761e+09 0.237624 4.740802e+10	4.461640e+10 4.951971e+10
2.750663e+09 0.236302 4.742886e+10	4.464592e+10 4.952867e+10
2.737564e+09 0.234984 4.744960e+10	4.467539e+10 4.953754e+10
2.724466e+09 0.233668 4.747024e+10	4.470482e+10 4.954631e+10
2.711368e+09 0.232355 4.749079e+10	4.473420e+10 4.955499e+10
2.698269e+09 0.231044 4.751123e+10	4.476353e+10 4.956358e+10
2.685171e+09 0.229734 4.753158e+10	4.479281e+10 4.957207e+10
2.672072e+09 0.228423 4.755183e+10	4.482205e+10 4.958047e+10
2.658974e+09 0.227115 4.757198e+10	4.485125e+10 4.958878e+10
2.645876e+09 0.225810 4.759203e+10	4.488040e+10 4.959700e+10
2.632777e+09 0.224507 4.761199e+10	4.490950e+10 4.960514e+10
2.619679e+09 0.223208 4.763186e+10	4.493856e+10 4.961318e+10
2.606580e+09 0.221911 4.765162e+10	4.496757e+10 4.962114e+10
2.593482e+09 0.220616 4.767130e+10	4.499654e+10 4.962901e+10
2.580384e+09 0.219325 4.769088e+10	4.502547e+10 4.963679e+10
2.567285e+09 0.218036 4.771036e+10	4.505435e+10 4.964449e+10
2.554187e+09 0.216750 4.772975e+10	4.508319e+10 4.965210e+10
2.541088e+09 0.215463 4.774905e+10	4.511198e+10 4.965963e+10
2.527990e+09 0.214176 4.776826e+10	4.514073e+10 4.966708e+10
2.514892e+09 0.212892 4.778737e+10	4.516944e+10 4.967444e+10
2.501793e+09 0.211611 4.780639e+10	4.519811e+10 4.968172e+10
2.488695e+09 0.210332 4.782532e+10	4.522673e+10 4.968892e+10
2.475596e+09 0.209056 4.784416e+10	4.525531e+10 4.969604e+10
2.462498e+09 0.207782 4.786290e+10	4.528385e+10 4.970308e+10
2.449400e+09 0.206512 4.788156e+10	4.531235e+10 4.971004e+10
2.436301e+09 0.205244 4.790012e+10	4.534081e+10 4.971692e+10
2.423203e+09 0.203978 4.791860e+10	4.536922e+10 4.972372e+10
2.410104e+09 0.202716 4.793698e+10	4.539760e+10 4.973045e+10
2.397006e+09 0.201451 4.795528e+10	4.542594e+10 4.973710e+10
2.383908e+09 0.200188 4.797349e+10	4.545423e+10 4.974367e+10
2.370809e+09 0.198927 4.799161e+10	4.548249e+10 4.975017e+10
2.357711e+09 0.197668 4.800964e+10	4.551070e+10 4.975659e+10
2.344612e+09 0.196412 4.802759e+10	4.553888e+10 4.976294e+10
2.331514e+09 0.195159 4.804544e+10	4.556701e+10 4.976921e+10
2.318416e+09 0.193909 4.806321e+10	4.559511e+10 4.977541e+10
2.305317e+09 0.192661 4.808090e+10	4.562317e+10 4.978154e+10
2.292219e+09 0.191416 4.809849e+10	4.565119e+10 4.978760e+10
2.279121e+09 0.190173 4.811601e+10	4.567917e+10 4.979358e+10
2.266022e+09 0.188933 4.813343e+10	4.570712e+10 4.979950e+10
2.252924e+09 0.187691 4.815077e+10	4.573502e+10 4.980534e+10
2.239825e+09 0.186450 4.816803e+10	4.576289e+10 4.981112e+10
2.226727e+09 0.185211 4.818520e+10	4.579073e+10 4.981682e+10
2.213629e+09 0.183975 4.820229e+10	4.581852e+10 4.982246e+10
2.200530e+09 0.182741 4.821929e+10	4.584628e+10 4.982803e+10
2.187432e+09 0.181510 4.823621e+10	4.587400e+10 4.983353e+10
2.174333e+09 0.180282 4.825305e+10	4.590168e+10 4.983897e+10
2.161235e+09 0.179056 4.826981e+10	4.592933e+10 4.984433e+10
2.148137e+09 0.177833 4.828648e+10	4.595695e+10 4.984964e+10
2.135038e+09 0.176612 4.830307e+10	4.598452e+10 4.985488e+10
2.121940e+09 0.175394 4.831958e+10	4.601207e+10 4.986005e+10
2.108841e+09 0.174174 4.833601e+10	4.603957e+10 4.986516e+10
2.095743e+09 0.172955 4.835236e+10	4.606705e+10 4.987020e+10
2.082645e+09 0.171737 4.836863e+10	4.609448e+10 4.987519e+10
2.069546e+09 0.170523 4.838481e+10	4.612189e+10 4.988010e+10
2.056448e+09 0.169311 4.840092e+10	4.614925e+10 4.988496e+10
2.043349e+09 0.168101 4.841695e+10	4.617659e+10 4.988976e+10
2.030251e+09 0.166894 4.843290e+10	4.620389e+10 4.989449e+10
2.017153e+09 0.165690 4.844876e+10	4.623115e+10 4.989916e+10
2.004054e+09 0.164487 4.846456e+10	4.625839e+10 4.990378e+10
1.990956e+09 0.163288 4.848027e+10	4.628559e+10 4.990833e+10
1.977857e+09 0.162091 4.849590e+10	4.631276e+10 4.991283e+10
1.964759e+09 0.160893 4.851146e+10	4.633989e+10 4.991726e+10
1.951661e+09 0.159694 4.852694e+10	4.636699e+10 4.992164e+10
1.938562e+09 0.158498 4.854234e+10	4.639406e+10 4.992596e+10
1.925464e+09 0.157304 4.855767e+10	4.642110e+10 4.993022e+10
1.912365e+09 0.156113 4.857292e+10	4.644811e+10 4.993443e+10
1.899267e+09 0.154924 4.858809e+10	4.647508e+10 4.993858e+10
1.886169e+09 0.153738 4.860319e+10	4.650202e+10 4.994267e+10
1.873070e+09 0.152554 4.861821e+10	4.652893e+10 4.994670e+10
1.859972e+09 0.151372 4.863316e+10	4.655581e+10 4.995069e+10
1.846874e+09 0.150193 4.864804e+10	4.658266e+10 4.995461e+10
1.833775e+09 0.149016 4.866283e+10	4.660948e+10 4.995849e+10
1.820677e+09 0.147840 4.867756e+10	4.663627e+10 4.996231e+10
1.807578e+09 0.146662 4.869221e+10	4.666303e+10 4.996607e+10
1.794480e+09 0.145486 4.870679e+10	4.668975e+10 4.996979e+10
1.781382e+09 0.144312 4.872129e+10	4.671645e+10 4.997345e+10
1.768283e+09 0.143141 4.873572e+10	4.674312e+10 4.997705e+10
1.755185e+09 0.141972 4.875008e+10	4.676976e+10 4.998061e+10
1.742086e+09 0.140806 4.876437e+10	4.679637e+10 4.998411e+10
1.728988e+09 0.139642 4.877858e+10	4.682295e+10 4.998757e+10
1.715890e+09 0.138480 4.879273e+10	4.684950e+10 4.999097e+10
1.702791e+09 0.137321 4.880680e+10	4.687602e+10 4.999432e+10
1.689693e+09 0.136164 4.882080e+10	4.690252e+10 4.999763e+10
1.676594e+09 0.135009 4.883473e+10	4.692898e+10 5.000088e+10
1.663496e+09 0.133851 4.884859e+10	4.695542e+10 5.000409e+10
1.650398e+09 0.132694 4.886238e+10	4.698183e+10 5.000724e+10
1.637299e+09 0.131540 4.887610e+10	4.700821e+10 5.001035e+10
1.624201e+09 0.130388 4.888975e+10	4.703457e+10 5.001341e+10
1.611102e+09 0.129239 4.890333e+10	4.706089e+10 5.001642e+10
1.598004e+09 0.128092 4.891684e+10	4.708719e+10 5.001939e+10
1.584906e+09 0.126947 4.893028e+10	4.711347e+10 5.002231e+10
1.571807e+09 0.125805 4.894365e+10	4.713971e+10 5.002518e+10
1.558709e+09 0.124665 4.895696e+10	4.716593e+10 5.002801e+10
1.545610e+09 0.123527 4.897020e+10	4.719212e+10 5.003079e+10
1.532512e+09 0.122391 4.898337e+10	4.721829e+10 5.003352e+10
1.519414e+09 0.121254 4.899647e+10	4.724443e+10 5.003621e+10
1.506315e+09 0.120116 4.900951e+10	4.727055e+10 5.003886e+10
1.493217e+09 0.118981 4.902248e+10	4.729664e+10 5.004146e+10
1.480118e+09 0.117848 4.903538e+10	4.732270e+10 5.004402e+10
1.467020e+09 0.116718 4.904821e+10	4.734874e+10 5.004653e+10
1.453922e+09 0.115589 4.906098e+10	4.737475e+10 5.004900e+10
1.440823e+09 0.114463 4.907369e+10	4.740074e+10 5.005143e+10
1.427725e+09 0.113340 4.908633e+10	4.742670e+10 5.005382e+10
1.414627e+09 0.112218 4.909890e+10	4.745264e+10 5.005616e+10
1.401528e+09 0.111099 4.911141e+10	4.747856e+10 5.005846e+10
1.388430e+09 0.109982 4.912386e+10	4.750445e+10 5.006072e+10
1.375331e+09 0.108865 4.913624e+10	4.753031e+10 5.006294e+10
1.362233e+09 0.107746 4.914855e+10	4.755616e+10 5.006512e+10
1.349135e+09 0.106629 4.916081e+10	4.758197e+10 5.006725e+10
1.336036e+09 0.105515 4.917300e+10	4.760777e+10 5.006935e+10
1.322938e+09 0.104402 4.918512e+10	4.763354e+10 5.007141e+10
1.309839e+09 0.103292 4.919718e+10	4.765929e+10 5.007342e+10
1.296741e+09 0.102184 4.920918e+10	4.768501e+10 5.007540e+10
1.283643e+09 0.101078 4.922112e+10	4.771071e+10 5.007734e+10
1.270544e+09 0.099975 4.923300e+10	4.773639e+10 5.007924e+10
1.257446e+09 0.098874 4.924481e+10	4.776205e+10 5.008110e+10
1.244347e+09 0.097775 4.925656e+10	4.778768e+10 5.008292e+10
1.231249e+09 0.096678 4.926825e+10	4.781330e+10 5.008471e+10
1.218151e+09 0.095578 4.927988e+10	4.783889e+10 5.008645e+10
1.205052e+09 0.094478 4.929145e+10	4.786446e+10 5.008816e+10
1.191954e+09 0.093381 4.930296e+10	4.789000e+10 5.008984e+10
1.178855e+09 0.092287 4.931440e+10	4.791553e+10 5.009147e+10
1.165757e+09 0.091194 4.932579e+10	4.794103e+10 5.009307e+10
1.152659e+09 0.090104 4.933712e+10	4.796651e+10 5.009464e+10
1.139560e+09 0.089016 4.934838e+10	4.799197e+10 5.009616e+10
1.126462e+09 0.087930 4.935959e+10	4.801741e+10 5.009765e+10
1.113363e+09 0.086846 4.937074e+10	4.804283e+10 5.009911e+10
1.100265e+09 0.085764 4.938183e+10	4.806823e+10 5.010053e+10
1.087167e+09 0.084684 4.939286e+10	4.809361e+10 5.010192e+10
1.074068e+09 0.083605 4.940383e+10	4.811896e+10 5.010327e+10
1.060970e+09 0.082523 4.941475e+10	4.814430e+10 5.010459e+10
1.047872e+09 0.081443 4.942560e+10	4.816962e+10 5.010587e+10
1.034773e+09 0.080366 4.943640e+10	4.819492e+10 5.010712e+10
1.021675e+09 0.079290 4.944714e+10	4.822019e+10 5.010834e+10
1.008576e+09 0.078217 4.945782e+10	4.824545e+10 5.010952e+10
9.954779e+08 0.077146 4.946845e+10	4.827069e+10 5.011067e+10
9.823795e+08 0.076076 4.947902e+10	4.829591e+10 5.011179e+10
9.692811e+08 0.075009 4.948953e+10	4.832111e+10 5.011287e+10
9.561827e+08 0.073945 4.949999e+10	4.834629e+10 5.011393e+10
9.430844e+08 0.072882 4.951039e+10	4.837146e+10 5.011495e+10
9.299860e+08 0.071821 4.952073e+10	4.839660e+10 5.011593e+10
9.168876e+08 0.070758 4.953102e+10	4.842173e+10 5.011689e+10
9.037892e+08 0.069695 4.954126e+10	4.844683e+10 5.011782e+10
8.906908e+08 0.068634 4.955143e+10	4.847192e+10 5.011871e+10
8.775924e+08 0.067575 4.956156e+10	4.849699e+10 5.011958e+10
8.644940e+08 0.066518 4.957163e+10	4.852205e+10 5.012041e+10
8.513956e+08 0.065463 4.958164e+10	4.854708e+10 5.012121e+10
8.382972e+08 0.064410 4.959160e+10	4.857210e+10 5.012198e+10
8.251988e+08 0.063360 4.960150e+10	4.859710e+10 5.012273e+10
8.121004e+08 0.062311 4.961136e+10	4.862208e+10 5.012344e+10
7.990020e+08 0.061265 4.962115e+10	4.864705e+10 5.012412e+10
7.859036e+08 0.060220 4.963090e+10	4.867200e+10 5.012478e+10
7.728052e+08 0.059177 4.964059e+10	4.869693e+10 5.012540e+10
7.597068e+08 0.058130 4.965023e+10	4.872185e+10 5.012600e+10
7.466084e+08 0.057085 4.965982e+10	4.874674e+10 5.012657e+10
7.335101e+08 0.056042 4.966935e+10	4.877163e+10 5.012711e+10
7.204117e+08 0.055001 4.967883e+10	4.879649e+10 5.012762e+10
7.073133e+08 0.053963 4.968826e+10	4.882134e+10 5.012810e+10
6.942149e+08 0.052926 4.969763e+10	4.884618e+10 5.012856e+10
6.811165e+08 0.051891 4.970696e+10	4.887099e+10 5.012898e+10
6.680181e+08 0.050858 4.971623e+10	4.889579e+10 5.012938e+10
6.549197e+08 0.049828 4.972546e+10	4.892058e+10 5.012976e+10
6.418213e+08 0.048799 4.973463e+10	4.894535e+10 5.013011e+10
6.287229e+08 0.047773 4.974375e+10	4.897011e+10 5.013043e+10
6.156245e+08 0.046745 4.975282e+10	4.899485e+10 5.013072e+10
6.025261e+08 0.045716 4.976184e+10	4.901957e+10 5.013099e+10
5.894277e+08 0.044689 4.977081e+10	4.904428e+10 5.013123e+10
5.763293e+08 0.043663 4.977973e+10	4.906898e+10 5.013144e+10
5.632309e+08 0.042640 4.978860e+10	4.909366e+10 5.013163e+10
5.501325e+08 0.041619 4.979741e+10	4.911833e+10 5.013180e+10
5.370341e+08 0.040599 4.980618e+10	4.914298e+10 5.013193e+10
5.239358e+08 0.039582 4.981491e+10	4.916762e+10 5.013205e+10
5.108374e+08 0.038567 4.982358e+10	4.919224e+10 5.013214e+10
4.977390e+08 0.037553 4.983220e+10	4.921685e+10 5.013220e+10
4.846406e+08 0.036542 4.984078e+10	4.924144e+10 5.013224e+10
4.715422e+08 0.035533 4.984930e+10	4.926603e+10 5.013225e+10
4.584438e+08 0.034521 4.985778e+10	4.929060e+10 5.013224e+10
4.453454e+08 0.033509 4.986621e+10	4.931515e+10 5.013221e+10
4.322470e+08 0.032498 4.987459e+10	4.933969e+10 5.013215e+10
4.191486e+08 0.031490 4.988293e+10	4.936422e+10 5.013207e+10
4.060502e+08 0.030484 4.989122e+10	4.938873e+10 5.013197e+10
3.929518e+08 0.029480 4.989946e+10	4.941324e+10 5.013184e+10
3.798534e+08 0.028477 4.990765e+10	4.943773e+10 5.013169e+10
3.667550e+08 0.027477 4.991580e+10	4.946220e+10 5.013151e+10
3.536566e+08 0.026478 4.992389e+10	4.948667e+10 5.013132e+10
3.405582e+08 0.025482 4.993195e+10	4.951112e+10 5.013110e+10
3.274598e+08 0.024487 4.993996e+10	4.953556e+10 5.013086e+10
3.143615e+08 0.023494 4.994792e+10	4.955998e+10 5.013059e+10
3.012631e+08 0.022498 4.995583e+10	4.958440e+10 5.013031e+10
2.881647e+08 0.021502 4.996370e+10	4.960880e+10 5.013000e+10
2.750663e+08 0.020509 4.997153e+10	4.963319e+10 5.012967e+10
2.619679e+08 0.019517 4.997930e+10	4.965757e+10 5.012931e+10
2.488695e+08 0.018527 4.998704e+10	4.968194e+10 5.012894e+10
2.357711e+08 0.017539 4.999472e+10	4.970630e+10 5.012855e+10
2.226727e+08 0.016553 5.000237e+10	4.973064e+10 5.012813e+10
2.095743e+08 0.015569 5.000997e+10	4.975498e+10 5.012769e+10
1.964759e+08 0.014587 5.001752e+10	4.977930e+10 5.012724e+10
1.833775e+08 0.013607 5.002503e+10	4.980361e+10 5.012676e+10
1.702791e+08 0.012628 5.003250e+10	4.982791e+10 5.012626e+10
1.571807e+08 0.011652 5.003992e+10	4.985220e+10 5.012574e+10
1.440823e+08 0.010671 5.004730e+10	4.987648e+10 5.012520e+10
1.309839e+08 0.009692 5.005464e+10	4.990075e+10 5.012464e+10
1.178855e+08 0.008714 5.006193e+10	4.992501e+10 5.012406e+10
1.047872e+08 0.007738 5.006918e+10	4.994926e+10 5.012346e+10
9.168876e+07 0.006764 5.007638e+10	4.997350e+10 5.012284e+10
7.859036e+07 0.005792 5.008354e+10	4.999773e+10 5.012220e+10
6.549197e+07 0.004822 5.009066e+10	5.002195e+10 5.012155e+10
5.239358e+07 0.003854 5.009774e+10	5.004615e+10 5.012087e+10
3.929518e+07 0.002888 5.010478e+10	5.007035e+10 5.012017e+10
2.619679e+07 0.001923 5.011177e+10	5.009454e+10 5.011946e+10
1.309839e+07 0.000961 5.011872e+10	5.011872e+10 5.011872e+10
