#t0_Mstar=6.309573e+10 (N07Mbar=7.696200e+10) t0_sfr=2.402378e+00	1.00000000000000001988462483866e+30 t0_sfr=5.248075e+00
#tlb ,red_binl[i],Mstar[i],CSFH[i],phi[i],dMLdt[i],massloss_to_t0[i], Mstar_Noeske(tlb,Mbar_Noeske),phi_Noeske(tlb,Mbar_Noeske)FWHM=0.50:Ms,Cs,phi,FWHM=0.75:Ms,Cs,phi,FWHM=1.00:Ms,Cs,phi	1.00000000000000001988462483866e+30 Mstar_Noeske(tlb,Mbar_Noeske),phi_Noeske(tlb,Mbar_Noeske)FWHM=0.50:Ms,Cs,phi,FWHM=0.75:Ms,Cs,phi,FWHM=1.00:Ms,Cs,phi
1.309839e+10 9.000000 0.000000e+00	0.000000e+00 1.884587e+09
1.308530e+10 8.847726 0.000000e+00	0.000000e+00 1.557039e+09
1.307220e+10 8.701050 0.000000e+00	0.000000e+00 1.506094e+09
1.305910e+10 8.559660 0.000000e+00	0.000000e+00 1.479153e+09
1.304600e+10 8.423368 0.000000e+00	0.000000e+00 1.462045e+09
1.303290e+10 8.291842 0.000000e+00	0.000000e+00 1.450306e+09
1.301980e+10 8.164779 0.000000e+00	0.000000e+00 1.441948e+09
1.300671e+10 8.041947 0.000000e+00	0.000000e+00 1.435915e+09
1.299361e+10 7.923131 0.000000e+00	0.000000e+00 1.431577e+09
1.298051e+10 7.808144 0.000000e+00	0.000000e+00 1.428530e+09
1.296741e+10 7.696830 0.000000e+00	0.000000e+00 1.426499e+09
1.295431e+10 7.588952 0.000000e+00	0.000000e+00 1.425290e+09
1.294121e+10 7.484347 0.000000e+00	0.000000e+00 1.424759e+09
1.292811e+10 7.382859 0.000000e+00	0.000000e+00 1.424797e+09
1.291502e+10 7.284344 0.000000e+00	0.000000e+00 1.425321e+09
1.290192e+10 7.188666 0.000000e+00	0.000000e+00 1.426265e+09
1.288882e+10 7.095696 0.000000e+00	0.000000e+00 1.427575e+09
1.287572e+10 7.005312 0.000000e+00	0.000000e+00 1.429208e+09
1.286262e+10 6.917401 0.000000e+00	0.000000e+00 1.431129e+09
1.284952e+10 6.831855 0.000000e+00	0.000000e+00 1.433308e+09
1.283643e+10 6.748572 0.000000e+00	0.000000e+00 1.435720e+09
1.282333e+10 6.667456 0.000000e+00	0.000000e+00 1.438344e+09
1.281023e+10 6.588431 0.000000e+00	0.000000e+00 1.441162e+09
1.279713e+10 6.511436 0.000000e+00	0.000000e+00 1.444158e+09
1.278403e+10 6.436355 0.000000e+00	0.000000e+00 1.447318e+09
1.277093e+10 6.363109 0.000000e+00	0.000000e+00 1.450631e+09
1.275784e+10 6.291625 0.000000e+00	0.000000e+00 1.454087e+09
1.274474e+10 6.221832 0.000000e+00	0.000000e+00 1.457675e+09
1.273164e+10 6.153665 0.000000e+00	0.000000e+00 1.461389e+09
1.271854e+10 6.087102 0.000000e+00	0.000000e+00 1.465221e+09
1.270544e+10 6.022088 0.000000e+00	0.000000e+00 1.469165e+09
1.269234e+10 5.958522 0.000000e+00	0.000000e+00 1.473214e+09
1.267925e+10 5.896348 0.000000e+00	0.000000e+00 1.477364e+09
1.266615e+10 5.835515 0.000000e+00	0.000000e+00 1.481611e+09
1.265305e+10 5.776057 0.000000e+00	0.000000e+00 1.485949e+09
1.263995e+10 5.717866 0.000000e+00	0.000000e+00 1.490375e+09
1.262685e+10 5.660874 0.000000e+00	0.000000e+00 1.494885e+09
1.261375e+10 5.605040 0.000000e+00	0.000000e+00 1.499477e+09
1.260065e+10 5.550427 0.000000e+00	0.000000e+00 1.504148e+09
1.258756e+10 5.496902 0.000000e+00	0.000000e+00 1.508895e+09
1.257446e+10 5.444416 0.000000e+00	0.000000e+00 1.513715e+09
1.256136e+10 5.392990 0.000000e+00	0.000000e+00 1.518607e+09
1.254826e+10 5.342602 0.000000e+00	0.000000e+00 1.523568e+09
1.253516e+10 5.293149 0.000000e+00	0.000000e+00 1.528597e+09
1.252206e+10 5.244640 0.000000e+00	0.000000e+00 1.533692e+09
1.250897e+10 5.197097 0.000000e+00	0.000000e+00 1.538851e+09
1.249587e+10 5.150398 0.000000e+00	0.000000e+00 1.544073e+09
1.248277e+10 5.104567 0.000000e+00	0.000000e+00 1.549356e+09
1.246967e+10 5.059611 0.000000e+00	0.000000e+00 1.554700e+09
1.245657e+10 5.015419 0.000000e+00	0.000000e+00 1.560103e+09
1.244347e+10 4.972050 0.000000e+00	0.000000e+00 1.565564e+09
1.243038e+10 4.929453 0.000000e+00	0.000000e+00 1.571083e+09
1.241728e+10 4.887546 0.000000e+00	0.000000e+00 1.576657e+09
1.240418e+10 4.846450 0.000000e+00	0.000000e+00 1.582287e+09
1.239108e+10 4.806006 0.000000e+00	0.000000e+00 1.587972e+09
1.237798e+10 4.766255 0.000000e+00	0.000000e+00 1.593711e+09
1.236488e+10 4.727194 0.000000e+00	0.000000e+00 1.599503e+09
1.235179e+10 4.688723 0.000000e+00	0.000000e+00 1.605348e+09
1.233869e+10 4.650970 0.000000e+00	0.000000e+00 1.611245e+09
1.232559e+10 4.613770 0.000000e+00	0.000000e+00 1.617193e+09
1.231249e+10 4.577204 0.000000e+00	0.000000e+00 1.623193e+09
1.229939e+10 4.541209 0.000000e+00	0.000000e+00 1.629244e+09
1.228629e+10 4.505773 0.000000e+00	0.000000e+00 1.635344e+09
1.227319e+10 4.470921 0.000000e+00	0.000000e+00 1.641495e+09
1.226010e+10 4.436563 0.000000e+00	0.000000e+00 1.647695e+09
1.224700e+10 4.402796 0.000000e+00	0.000000e+00 1.653945e+09
1.223390e+10 4.369472 0.000000e+00	0.000000e+00 1.660244e+09
1.222080e+10 4.336729 0.000000e+00	0.000000e+00 1.666591e+09
1.220770e+10 4.304408 0.000000e+00	0.000000e+00 1.672987e+09
1.219460e+10 4.272625 0.000000e+00	0.000000e+00 1.679431e+09
1.218151e+10 4.241257 0.000000e+00	0.000000e+00 1.685923e+09
1.216841e+10 4.210391 0.000000e+00	0.000000e+00 1.692463e+09
1.215531e+10 4.179930 0.000000e+00	0.000000e+00 1.699050e+09
1.214221e+10 4.149942 0.000000e+00	0.000000e+00 1.705686e+09
1.212911e+10 4.120344 0.000000e+00	0.000000e+00 1.712369e+09
1.211601e+10 4.091197 0.000000e+00	0.000000e+00 1.719099e+09
1.210292e+10 4.062421 0.000000e+00	0.000000e+00 1.725876e+09
1.208982e+10 4.034080 0.000000e+00	0.000000e+00 1.732701e+09
1.207672e+10 4.006087 0.000000e+00	0.000000e+00 1.739573e+09
1.206362e+10 3.978520 0.000000e+00	0.000000e+00 1.746492e+09
1.205052e+10 3.951272 0.000000e+00	0.000000e+00 1.753458e+09
1.203742e+10 3.924447 0.000000e+00	0.000000e+00 1.760471e+09
1.202433e+10 3.897912 0.000000e+00	0.000000e+00 1.767531e+09
1.201123e+10 3.871800 0.000000e+00	0.000000e+00 1.774638e+09
1.199813e+10 3.845965 0.000000e+00	0.000000e+00 1.781792e+09
1.198503e+10 3.820516 0.000000e+00	0.000000e+00 1.788993e+09
1.197193e+10 3.795355 0.000000e+00	0.000000e+00 1.796242e+09
1.195883e+10 3.770540 0.000000e+00	0.000000e+00 1.803537e+09
1.194574e+10 3.746027 0.000000e+00	0.000000e+00 1.810880e+09
1.193264e+10 3.721816 0.000000e+00	0.000000e+00 1.818270e+09
1.191954e+10 3.697926 0.000000e+00	0.000000e+00 1.825707e+09
1.190644e+10 3.674294 0.000000e+00	0.000000e+00 1.833192e+09
1.189334e+10 3.651005 0.000000e+00	0.000000e+00 1.840724e+09
1.188024e+10 3.627947 0.000000e+00	0.000000e+00 1.848304e+09
1.186714e+10 3.605214 0.000000e+00	0.000000e+00 1.855931e+09
1.185405e+10 3.582725 0.000000e+00	0.000000e+00 1.863606e+09
1.184095e+10 3.560509 0.000000e+00	0.000000e+00 1.871329e+09
1.182785e+10 3.538569 0.000000e+00	0.000000e+00 1.879100e+09
1.181475e+10 3.516848 0.000000e+00	0.000000e+00 1.886920e+09
1.180165e+10 3.495436 0.000000e+00	0.000000e+00 1.894787e+09
1.178855e+10 3.474227 0.000000e+00	0.000000e+00 1.902703e+09
1.177546e+10 3.453288 0.000000e+00	0.000000e+00 1.910667e+09
1.176236e+10 3.432582 0.000000e+00	0.000000e+00 1.918680e+09
1.174926e+10 3.412087 0.000000e+00	0.000000e+00 1.926742e+09
1.173616e+10 3.391866 0.000000e+00	0.000000e+00 1.934853e+09
1.172306e+10 3.371830 0.000000e+00	0.000000e+00 1.943013e+09
1.170996e+10 3.352044 0.000000e+00	0.000000e+00 1.951222e+09
1.169687e+10 3.332470 0.000000e+00	0.000000e+00 1.959481e+09
1.168377e+10 3.313083 0.000000e+00	0.000000e+00 1.967789e+09
1.167067e+10 3.293956 0.000000e+00	0.000000e+00 1.976148e+09
1.165757e+10 3.274998 0.000000e+00	0.000000e+00 1.984556e+09
1.164447e+10 3.256256 0.000000e+00	0.000000e+00 1.993015e+09
1.163137e+10 3.237724 0.000000e+00	0.000000e+00 2.001524e+09
1.161828e+10 3.219353 0.000000e+00	0.000000e+00 2.010084e+09
1.160518e+10 3.201221 0.000000e+00	0.000000e+00 2.018694e+09
1.159208e+10 3.183256 0.000000e+00	0.000000e+00 2.027356e+09
1.157898e+10 3.165461 0.000000e+00	0.000000e+00 2.036069e+09
1.156588e+10 3.147889 0.000000e+00	0.000000e+00 2.044834e+09
1.155278e+10 3.130466 0.000000e+00	0.000000e+00 2.053650e+09
1.153968e+10 3.113227 0.000000e+00	0.000000e+00 2.062518e+09
1.152659e+10 3.096179 0.000000e+00	0.000000e+00 2.071439e+09
1.151349e+10 3.079272 0.000000e+00	0.000000e+00 2.080412e+09
1.150039e+10 3.062561 0.000000e+00	0.000000e+00 2.089437e+09
1.148729e+10 3.046014 0.000000e+00	0.000000e+00 2.098516e+09
1.147419e+10 3.029600 0.000000e+00	0.000000e+00 2.107648e+09
1.146109e+10 3.013389 0.000000e+00	0.000000e+00 2.116833e+09
1.144800e+10 2.997320 0.000000e+00	0.000000e+00 2.126071e+09
1.143490e+10 2.981379 0.000000e+00	0.000000e+00 2.135364e+09
1.142180e+10 2.965641 0.000000e+00	0.000000e+00 2.144711e+09
1.140870e+10 2.950030 0.000000e+00	0.000000e+00 2.154113e+09
1.139560e+10 2.934545 0.000000e+00	0.000000e+00 2.163569e+09
1.138250e+10 2.919253 0.000000e+00	0.000000e+00 2.173080e+09
1.136941e+10 2.904079 0.000000e+00	0.000000e+00 2.182646e+09
1.135631e+10 2.889029 0.000000e+00	0.000000e+00 2.192268e+09
1.134321e+10 2.874162 0.000000e+00	0.000000e+00 2.201946e+09
1.133011e+10 2.859408 0.000000e+00	0.000000e+00 2.211680e+09
1.131701e+10 2.844771 0.000000e+00	0.000000e+00 2.221471e+09
1.130391e+10 2.830311 0.000000e+00	0.000000e+00 2.231318e+09
1.129082e+10 2.815959 0.000000e+00	0.000000e+00 2.241223e+09
1.127772e+10 2.801715 0.000000e+00	0.000000e+00 2.251184e+09
1.126462e+10 2.787645 0.000000e+00	0.000000e+00 2.261204e+09
1.125152e+10 2.773679 0.000000e+00	0.000000e+00 2.271281e+09
1.123842e+10 2.759815 0.000000e+00	0.000000e+00 2.281416e+09
1.122532e+10 2.746113 0.000000e+00	0.000000e+00 2.291610e+09
1.121223e+10 2.732517 0.000000e+00	0.000000e+00 2.301863e+09
1.119913e+10 2.719020 0.000000e+00	0.000000e+00 2.312176e+09
1.118603e+10 2.705666 0.000000e+00	0.000000e+00 2.322548e+09
1.117293e+10 2.692426 0.000000e+00	0.000000e+00 2.332979e+09
1.115983e+10 2.679280 0.000000e+00	0.000000e+00 2.343471e+09
1.114673e+10 2.666259 0.000000e+00	0.000000e+00 2.354024e+09
1.113363e+10 2.653361 0.000000e+00	0.000000e+00 2.364637e+09
1.112054e+10 2.640553 0.000000e+00	0.000000e+00 2.375312e+09
1.110744e+10 2.627848 0.000000e+00	0.000000e+00 2.386048e+09
1.109434e+10 2.615278 0.000000e+00	0.000000e+00 2.396846e+09
1.108124e+10 2.602795 0.000000e+00	0.000000e+00 2.407707e+09
1.106814e+10 2.590398 0.000000e+00	0.000000e+00 2.418630e+09
1.105504e+10 2.578138 0.000000e+00	0.000000e+00 2.429616e+09
1.104195e+10 2.565967 0.000000e+00	0.000000e+00 2.440665e+09
1.102885e+10 2.553879 0.000000e+00	0.000000e+00 2.451778e+09
1.101575e+10 2.541902 0.000000e+00	0.000000e+00 2.462956e+09
1.100265e+10 2.530033 0.000000e+00	0.000000e+00 2.474198e+09
1.098955e+10 2.518242 0.000000e+00	0.000000e+00 2.485504e+09
1.097645e+10 2.506535 0.000000e+00	0.000000e+00 2.496876e+09
1.096336e+10 2.494955 0.000000e+00	0.000000e+00 2.508314e+09
1.095026e+10 2.483451 0.000000e+00	0.000000e+00 2.519817e+09
1.093716e+10 2.472022 0.000000e+00	0.000000e+00 2.531387e+09
1.092406e+10 2.460700 0.000000e+00	0.000000e+00 2.543024e+09
1.091096e+10 2.449472 0.000000e+00	0.000000e+00 2.554728e+09
1.089786e+10 2.438317 0.000000e+00	0.000000e+00 2.566500e+09
1.088477e+10 2.427236 0.000000e+00	0.000000e+00 2.578339e+09
1.087167e+10 2.416275 0.000000e+00	0.000000e+00 2.590247e+09
1.085857e+10 2.405383 0.000000e+00	0.000000e+00 2.602224e+09
1.084547e+10 2.394561 0.000000e+00	0.000000e+00 2.614270e+09
1.083237e+10 2.383828 0.000000e+00	0.000000e+00 2.626386e+09
1.081927e+10 2.373191 0.000000e+00	0.000000e+00 2.638572e+09
1.080617e+10 2.362621 0.000000e+00	0.000000e+00 2.650828e+09
1.079308e+10 2.352116 8.185320e+06	0.000000e+00 2.663156e+09
1.077998e+10 2.341713 1.596127e+07	0.000000e+00 2.675554e+09
1.076688e+10 2.331385 2.650421e+07	0.000000e+00 2.688025e+09
1.075378e+10 2.321121 3.996873e+07	0.000000e+00 2.700568e+09
1.074068e+10 2.310922 5.648018e+07	0.000000e+00 2.713183e+09
1.072758e+10 2.300829 7.614175e+07	0.000000e+00 2.725872e+09
1.071449e+10 2.290797 9.903596e+07	0.000000e+00 2.738634e+09
1.070139e+10 2.280826 1.252286e+08	0.000000e+00 2.751470e+09
1.068829e+10 2.270927 1.547715e+08	0.000000e+00 2.764381e+09
1.067519e+10 2.261119 1.877051e+08	0.000000e+00 2.777367e+09
1.066209e+10 2.251370 2.240573e+08	0.000000e+00 2.790428e+09
1.064899e+10 2.241680 2.638462e+08	0.000000e+00 2.803565e+09
1.063590e+10 2.232064 3.070824e+08	0.000000e+00 2.816779e+09
1.062280e+10 2.222530 3.537698e+08	0.000000e+00 2.830069e+09
1.060970e+10 2.213052 4.039032e+08	0.000000e+00 2.843437e+09
1.059660e+10 2.203629 4.574718e+08	0.000000e+00 2.856883e+09
1.058350e+10 2.194282 5.144610e+08	0.000000e+00 2.870407e+09
1.057040e+10 2.185010 5.748513e+08	0.000000e+00 2.884010e+09
1.055731e+10 2.175791 6.386172e+08	0.000000e+00 2.897692e+09
1.054421e+10 2.166626 7.057293e+08	0.000000e+00 2.911454e+09
1.053111e+10 2.157534 7.761569e+08	0.000000e+00 2.925296e+09
1.051801e+10 2.148512 8.498661e+08	0.000000e+00 2.939220e+09
1.050491e+10 2.139542 9.268180e+08	0.000000e+00 2.953224e+09
1.049181e+10 2.130623 1.006972e+09	0.000000e+00 2.967311e+09
1.047872e+10 2.121773 1.090286e+09	0.000000e+00 2.981480e+09
1.046562e+10 2.112992 1.176719e+09	0.000000e+00 2.995732e+09
1.045252e+10 2.104260 1.266223e+09	0.000000e+00 3.010067e+09
1.043942e+10 2.095577 1.358749e+09	0.000000e+00 3.024486e+09
1.042632e+10 2.086957 1.454251e+09	0.000000e+00 3.038990e+09
1.041322e+10 2.078407 1.552682e+09	0.000000e+00 3.053579e+09
1.040012e+10 2.069904 1.653988e+09	0.000000e+00 3.068254e+09
1.038703e+10 2.061447 1.758118e+09	0.000000e+00 3.083015e+09
1.037393e+10 2.053045 1.865020e+09	1.350349e+06 3.097862e+09
1.036083e+10 2.044717 1.974646e+09	2.192786e+06 3.112797e+09
1.034773e+10 2.036433 2.086941e+09	3.435600e+06 3.127820e+09
1.033463e+10 2.028194 2.201850e+09	5.219371e+06 3.148905e+09
1.032153e+10 2.020000 2.319320e+09	7.717393e+06 3.238762e+09
1.030844e+10 2.011884 2.439302e+09	1.114023e+07 3.330754e+09
1.029534e+10 2.003811 2.561741e+09	1.574047e+07 3.424922e+09
1.028224e+10 1.995781 2.686582e+09	2.168466e+07 3.520621e+09
1.026914e+10 1.987794 2.813771e+09	2.909595e+07 3.617345e+09
1.025604e+10 1.979872 2.943259e+09	3.818511e+07 3.715196e+09
1.024294e+10 1.972002 3.074992e+09	4.915296e+07 3.814185e+09
1.022985e+10 1.964173 3.208918e+09	6.219834e+07 3.914309e+09
1.021675e+10 1.956386 3.344981e+09	7.751698e+07 4.015563e+09
1.020365e+10 1.948649 3.483132e+09	9.530071e+07 4.117939e+09
1.019055e+10 1.940974 3.623323e+09	1.157364e+08 4.221432e+09
1.017745e+10 1.933338 3.765499e+09	1.390018e+08 4.326029e+09
1.016435e+10 1.925742 3.909610e+09	1.652663e+08 4.431719e+09
1.015126e+10 1.918185 4.055604e+09	1.946896e+08 4.538489e+09
1.013816e+10 1.910694 4.203436e+09	2.274251e+08 4.646331e+09
1.012506e+10 1.903244 4.353057e+09	2.636120e+08 4.755232e+09
1.011196e+10 1.895832 4.504416e+09	3.033783e+08 4.865178e+09
1.009886e+10 1.888458 4.657464e+09	3.468403e+08 4.976156e+09
1.008576e+10 1.881133 4.812156e+09	3.941046e+08 5.088153e+09
1.007266e+10 1.873862 4.968447e+09	4.452677e+08 5.201158e+09
1.005957e+10 1.866627 5.126289e+09	5.004106e+08 5.315156e+09
1.004647e+10 1.859429 5.285636e+09	5.596031e+08 5.430132e+09
1.003337e+10 1.852267 5.446442e+09	6.229031e+08 5.546072e+09
1.002027e+10 1.845164 5.608666e+09	6.903640e+08 5.662966e+09
1.000717e+10 1.838100 5.772266e+09	7.620231e+08 5.780798e+09
9.994074e+09 1.831072 5.937195e+09	8.379062e+08 5.937195e+09
9.980976e+09 1.824078 6.103412e+09	9.180290e+08 6.103412e+09
9.967878e+09 1.817123 6.270873e+09	1.002399e+09 6.270873e+09
9.954779e+09 1.810224 6.439543e+09	1.091022e+09 6.439543e+09
9.941681e+09 1.803359 6.609380e+09	1.183884e+09 6.609380e+09
9.928582e+09 1.796527 6.780343e+09	1.280965e+09 6.780343e+09
9.915484e+09 1.789728 6.952390e+09	1.382239e+09 6.952390e+09
9.902386e+09 1.782974 7.125487e+09	1.487674e+09 7.125487e+09
9.889287e+09 1.776267 7.299598e+09	1.597235e+09 7.299598e+09
9.876189e+09 1.769591 7.474683e+09	1.710873e+09 7.474683e+09
9.863091e+09 1.762947 7.650706e+09	1.828535e+09 7.650706e+09
9.849992e+09 1.756335 7.827629e+09	1.950159e+09 7.827629e+09
9.836894e+09 1.749772 8.005420e+09	2.075692e+09 8.005420e+09
9.823795e+09 1.743247 8.184047e+09	2.205066e+09 8.184047e+09
9.810697e+09 1.736752 8.363473e+09	2.338210e+09 8.363473e+09
9.797599e+09 1.730289 8.543665e+09	2.475046e+09 8.543665e+09
9.784500e+09 1.723856 8.724587e+09	2.615494e+09 8.724587e+09
9.771402e+09 1.717472 8.906213e+09	2.759483e+09 8.906213e+09
9.758303e+09 1.711122 9.088511e+09	2.906930e+09 9.088511e+09
9.745205e+09 1.704802 9.271449e+09	3.057745e+09 9.271449e+09
9.732107e+09 1.698511 9.454996e+09	3.211840e+09 9.454996e+09
9.719008e+09 1.692249 9.639119e+09	3.369124e+09 9.639119e+09
9.705910e+09 1.686036 9.823797e+09	3.529517e+09 9.823797e+09
9.692811e+09 1.679854 1.000900e+10	3.692926e+09 1.000900e+10
9.679713e+09 1.673700 1.019469e+10	3.859257e+09 1.019469e+10
9.666615e+09 1.667575 1.038086e+10	4.028415e+09 1.038086e+10
9.653516e+09 1.661477 1.056746e+10	4.161145e+09 1.056746e+10
9.640418e+09 1.655426 1.075448e+10	4.196402e+09 1.075448e+10
9.627319e+09 1.649405 1.094189e+10	4.233019e+09 1.094189e+10
9.614221e+09 1.643411 1.112966e+10	4.271046e+09 1.112966e+10
9.601123e+09 1.637444 1.131777e+10	4.310531e+09 1.131777e+10
9.588024e+09 1.631504 1.150619e+10	4.351524e+09 1.150619e+10
9.574926e+09 1.625607 1.169491e+10	4.394074e+09 1.169491e+10
9.561827e+09 1.619740 1.188390e+10	4.438236e+09 1.188390e+10
9.548729e+09 1.613899 1.207313e+10	4.484066e+09 1.207313e+10
9.535631e+09 1.608084 1.226259e+10	4.531623e+09 1.226259e+10
9.522532e+09 1.602295 1.245224e+10	4.580968e+09 1.245224e+10
9.509434e+09 1.596544 1.264208e+10	4.632160e+09 1.264208e+10
9.496335e+09 1.590825 1.283208e+10	4.685263e+09 1.283208e+10
9.483237e+09 1.585132 1.302223e+10	4.740345e+09 1.302223e+10
9.470139e+09 1.579463 1.321249e+10	4.797475e+09 1.321249e+10
9.457040e+09 1.573819 1.340285e+10	4.856726e+09 1.340285e+10
9.443942e+09 1.568207 1.359329e+10	4.918169e+09 1.359329e+10
9.430844e+09 1.562630 1.378380e+10	4.981880e+09 1.378380e+10
9.417745e+09 1.557078 1.397435e+10	5.047936e+09 1.397435e+10
9.404647e+09 1.551549 1.416493e+10	5.116422e+09 1.416493e+10
9.391548e+09 1.546045 1.435552e+10	5.187421e+09 1.435552e+10
9.378450e+09 1.540565 1.454610e+10	5.261021e+09 1.454610e+10
9.365352e+09 1.535125 1.473666e+10	5.337306e+09 1.473666e+10
9.352253e+09 1.529709 1.492718e+10	5.416369e+09 1.492718e+10
9.339155e+09 1.524315 1.511764e+10	5.498307e+09 1.511764e+10
9.326056e+09 1.518944 1.530804e+10	5.583218e+09 1.530804e+10
9.312958e+09 1.513596 1.549835e+10	5.671205e+09 1.549835e+10
9.299860e+09 1.508282 1.568855e+10	5.762365e+09 1.568855e+10
9.286761e+09 1.502996 1.587865e+10	5.856805e+09 1.587865e+10
9.273663e+09 1.497732 1.606862e+10	5.954635e+09 1.606862e+10
9.260564e+09 1.492490 1.625844e+10	6.055969e+09 1.625844e+10
9.247466e+09 1.487270 1.644811e+10	6.160924e+09 1.644811e+10
9.234368e+09 1.482075 1.663760e+10	6.269617e+09 1.663760e+10
9.221269e+09 1.476914 1.682692e+10	6.382163e+09 1.682692e+10
9.208171e+09 1.471775 1.701604e+10	6.498688e+09 1.701604e+10
9.195072e+09 1.466656 1.720496e+10	6.619321e+09 1.720496e+10
9.181974e+09 1.461559 1.739366e+10	6.744193e+09 1.739366e+10
9.168876e+09 1.456483 1.758213e+10	6.873438e+09 1.758213e+10
9.155777e+09 1.451438 1.777036e+10	7.007186e+09 1.777036e+10
9.142679e+09 1.446418 1.795834e+10	7.145574e+09 1.795834e+10
9.129580e+09 1.441419 1.814606e+10	7.288745e+09 1.814606e+10
9.116482e+09 1.436441 1.833351e+10	7.436843e+09 1.833351e+10
9.103384e+09 1.431482 1.852067e+10	7.590016e+09 1.852067e+10
9.090285e+09 1.426544 1.870754e+10	7.748415e+09 1.870754e+10
9.077187e+09 1.421640 1.889411e+10	7.912178e+09 1.889411e+10
9.064088e+09 1.416755 1.908036e+10	8.081463e+09 1.908036e+10
9.050990e+09 1.411891 1.926630e+10	8.256426e+09 1.926630e+10
9.037892e+09 1.407045 1.945191e+10	8.437225e+09 1.945191e+10
9.024793e+09 1.402220 1.963718e+10	8.624020e+09 1.963718e+10
9.011695e+09 1.397417 1.982210e+10	8.816970e+09 1.982210e+10
8.998597e+09 1.392643 2.000667e+10	9.016229e+09 2.000667e+10
8.985498e+09 1.387888 2.019088e+10	9.221963e+09 2.019088e+10
8.972400e+09 1.383152 2.037472e+10	9.434337e+09 2.037472e+10
8.959301e+09 1.378435 2.055818e+10	9.650758e+09 2.055818e+10
8.946203e+09 1.373736 2.074125e+10	9.866162e+09 2.074125e+10
8.933105e+09 1.369062 2.092394e+10	1.008149e+10 2.092394e+10
8.920006e+09 1.364413 2.110622e+10	1.029685e+10 2.110622e+10
8.906908e+09 1.359782 2.128810e+10	1.051232e+10 2.128810e+10
8.893809e+09 1.355169 2.146957e+10	1.072789e+10 2.146957e+10
8.880711e+09 1.350574 2.165062e+10	1.094357e+10 2.165062e+10
8.867613e+09 1.345997 2.183124e+10	1.115934e+10 2.183124e+10
8.854514e+09 1.341445 2.201144e+10	1.137521e+10 2.201144e+10
8.841416e+09 1.336915 2.219120e+10	1.159115e+10 2.219120e+10
8.828317e+09 1.332403 2.237051e+10	1.180715e+10 2.237051e+10
8.815219e+09 1.327908 2.254939e+10	1.202317e+10 2.254939e+10
8.802121e+09 1.323430 2.272780e+10	1.223919e+10 2.272780e+10
8.789022e+09 1.318970 2.290576e+10	1.245519e+10 2.290576e+10
8.775924e+09 1.314534 2.308326e+10	1.267116e+10 2.308326e+10
8.762825e+09 1.310118 2.326029e+10	1.288705e+10 2.326029e+10
8.749727e+09 1.305720 2.343685e+10	1.310286e+10 2.343685e+10
8.736629e+09 1.301338 2.361294e+10	1.331854e+10 2.361294e+10
8.723530e+09 1.296973 2.378854e+10	1.353409e+10 2.378854e+10
8.710432e+09 1.292625 2.396366e+10	1.374946e+10 2.396366e+10
8.697333e+09 1.288299 2.413829e+10	1.396465e+10 2.413829e+10
8.684235e+09 1.283994 2.431243e+10	1.417963e+10 2.431243e+10
8.671137e+09 1.279704 2.448607e+10	1.439437e+10 2.448607e+10
8.658038e+09 1.275431 2.465921e+10	1.460886e+10 2.465921e+10
8.644940e+09 1.271174 2.483185e+10	1.482307e+10 2.483185e+10
8.631841e+09 1.266933 2.500398e+10	1.503697e+10 2.500398e+10
8.618743e+09 1.262712 2.517560e+10	1.525055e+10 2.517560e+10
8.605645e+09 1.258512 2.534671e+10	1.546379e+10 2.534671e+10
8.592546e+09 1.254328 2.551730e+10	1.567668e+10 2.551730e+10
8.579448e+09 1.250159 2.568738e+10	1.588918e+10 2.568738e+10
8.566350e+09 1.246006 2.585693e+10	1.610128e+10 2.585891e+10
8.553251e+09 1.241868 2.602596e+10	1.631297e+10 2.604889e+10
8.540153e+09 1.237747 2.619446e+10	1.652422e+10 2.623855e+10
8.527054e+09 1.233648 2.636243e+10	1.673502e+10 2.642788e+10
8.513956e+09 1.229565 2.652987e+10	1.694535e+10 2.661689e+10
8.500858e+09 1.225496 2.669678e+10	1.715520e+10 2.680554e+10
8.487759e+09 1.221442 2.686315e+10	1.736456e+10 2.699385e+10
8.474661e+09 1.217403 2.702898e+10	1.757339e+10 2.718179e+10
8.461562e+09 1.213378 2.719427e+10	1.778170e+10 2.736935e+10
8.448464e+09 1.209376 2.735902e+10	1.798947e+10 2.755655e+10
8.435366e+09 1.205390 2.752323e+10	1.819668e+10 2.774335e+10
8.422267e+09 1.201417 2.768689e+10	1.840333e+10 2.792976e+10
8.409169e+09 1.197459 2.785001e+10	1.860939e+10 2.811577e+10
8.396070e+09 1.193515 2.801257e+10	1.881486e+10 2.830138e+10
8.382972e+09 1.189585 2.817459e+10	1.901973e+10 2.848656e+10
8.369874e+09 1.185673 2.833606e+10	1.922398e+10 2.867132e+10
8.356775e+09 1.181779 2.849697e+10	1.942761e+10 2.885566e+10
8.343677e+09 1.177899 2.865733e+10	1.963060e+10 2.903956e+10
8.330578e+09 1.174033 2.881714e+10	1.983295e+10 2.922302e+10
8.317480e+09 1.170180 2.897639e+10	2.003464e+10 2.940603e+10
8.304382e+09 1.166341 2.913509e+10	2.023567e+10 2.958859e+10
8.291283e+09 1.162516 2.929322e+10	2.043602e+10 2.977069e+10
8.278185e+09 1.158712 2.945080e+10	2.063570e+10 2.995232e+10
8.265086e+09 1.154921 2.960782e+10	2.083468e+10 3.013349e+10
8.251988e+09 1.151143 2.976429e+10	2.103298e+10 3.031418e+10
8.238890e+09 1.147378 2.992019e+10	2.123056e+10 3.049440e+10
8.225791e+09 1.143627 3.007553e+10	2.142744e+10 3.067413e+10
8.212693e+09 1.139888 3.023031e+10	2.162360e+10 3.085337e+10
8.199594e+09 1.136166 3.038453e+10	2.181904e+10 3.103211e+10
8.186496e+09 1.132460 3.053818e+10	2.201375e+10 3.121036e+10
8.173398e+09 1.128768 3.069128e+10	2.220778e+10 3.138811e+10
8.160299e+09 1.125088 3.084381e+10	2.240123e+10 3.156535e+10
8.147201e+09 1.121420 3.099578e+10	2.259408e+10 3.174209e+10
8.134103e+09 1.117766 3.114719e+10	2.278631e+10 3.191831e+10
8.121004e+09 1.114123 3.129804e+10	2.297793e+10 3.209401e+10
8.107906e+09 1.110499 3.144832e+10	2.316893e+10 3.226920e+10
8.094807e+09 1.106888 3.159804e+10	2.335931e+10 3.244386e+10
8.081709e+09 1.103289 3.174720e+10	2.354906e+10 3.261800e+10
8.068611e+09 1.099703 3.189579e+10	2.373818e+10 3.279159e+10
8.055512e+09 1.096129 3.204383e+10	2.392667e+10 3.296445e+10
8.042414e+09 1.092567 3.219130e+10	2.411453e+10 3.313661e+10
8.029315e+09 1.089017 3.233821e+10	2.430174e+10 3.330810e+10
8.016217e+09 1.085485 3.248455e+10	2.448832e+10 3.347892e+10
8.003119e+09 1.081965 3.263034e+10	2.467426e+10 3.364908e+10
7.990020e+09 1.078456 3.277557e+10	2.485956e+10 3.381859e+10
7.976922e+09 1.074960 3.292024e+10	2.504422e+10 3.398746e+10
7.963823e+09 1.071475 3.306434e+10	2.522823e+10 3.415569e+10
7.950725e+09 1.068002 3.320789e+10	2.541159e+10 3.432328e+10
7.937627e+09 1.064542 3.335088e+10	2.559431e+10 3.449025e+10
7.924528e+09 1.061097 3.349331e+10	2.577639e+10 3.465661e+10
7.911430e+09 1.057664 3.363518e+10	2.595781e+10 3.482235e+10
7.898331e+09 1.054242 3.377650e+10	2.613859e+10 3.498748e+10
7.885233e+09 1.050831 3.391726e+10	2.631872e+10 3.515202e+10
7.872135e+09 1.047432 3.405747e+10	2.649820e+10 3.531596e+10
7.859036e+09 1.044044 3.419712e+10	2.667702e+10 3.547930e+10
7.845938e+09 1.040669 3.433621e+10	2.685520e+10 3.564206e+10
7.832839e+09 1.037308 3.447476e+10	2.703273e+10 3.580425e+10
7.819741e+09 1.033958 3.461275e+10	2.720961e+10 3.596585e+10
7.806643e+09 1.030619 3.475019e+10	2.738585e+10 3.612689e+10
7.793544e+09 1.027292 3.488708e+10	2.756143e+10 3.628736e+10
7.780446e+09 1.023975 3.502342e+10	2.773636e+10 3.644727e+10
7.767348e+09 1.020668 3.515921e+10	2.791065e+10 3.660663e+10
7.754249e+09 1.017374 3.529446e+10	2.808428e+10 3.676543e+10
7.741151e+09 1.014094 3.542915e+10	2.825727e+10 3.692369e+10
7.728052e+09 1.010824 3.556331e+10	2.842962e+10 3.708141e+10
7.714954e+09 1.007565 3.569692e+10	2.860131e+10 3.723859e+10
7.701856e+09 1.004316 3.582998e+10	2.877237e+10 3.739524e+10
7.688757e+09 1.001078 3.596251e+10	2.894277e+10 3.755135e+10
7.675659e+09 0.997850 3.609449e+10	2.911254e+10 3.770694e+10
7.662560e+09 0.994634 3.622593e+10	2.928166e+10 3.786202e+10
7.649462e+09 0.991431 3.635683e+10	2.945014e+10 3.801657e+10
7.636364e+09 0.988238 3.648720e+10	2.961798e+10 3.817062e+10
7.623265e+09 0.985055 3.661703e+10	2.978518e+10 3.832415e+10
7.610167e+09 0.981883 3.674632e+10	2.995175e+10 3.847719e+10
7.597068e+09 0.978720 3.687508e+10	3.011768e+10 3.862972e+10
7.583970e+09 0.975568 3.700331e+10	3.028297e+10 3.878175e+10
7.570872e+09 0.972426 3.713101e+10	3.044762e+10 3.893330e+10
7.557773e+09 0.969296 3.725817e+10	3.061165e+10 3.908435e+10
7.544675e+09 0.966177 3.738481e+10	3.077504e+10 3.923492e+10
7.531576e+09 0.963068 3.751092e+10	3.093781e+10 3.938501e+10
7.518478e+09 0.959969 3.763651e+10	3.109995e+10 3.953462e+10
7.505380e+09 0.956879 3.776157e+10	3.126146e+10 3.968376e+10
7.492281e+09 0.953799 3.788611e+10	3.142234e+10 3.983243e+10
7.479183e+09 0.950729 3.801012e+10	3.158260e+10 3.998063e+10
7.466084e+09 0.947670 3.813361e+10	3.174224e+10 4.012836e+10
7.452986e+09 0.944622 3.825659e+10	3.190126e+10 4.027564e+10
7.439888e+09 0.941584 3.837905e+10	3.205967e+10 4.042246e+10
7.426789e+09 0.938554 3.850099e+10	3.221745e+10 4.056883e+10
7.413691e+09 0.935535 3.862242e+10	3.237463e+10 4.071475e+10
7.400592e+09 0.932524 3.874333e+10	3.253119e+10 4.086022e+10
7.387494e+09 0.929523 3.886373e+10	3.268713e+10 4.100525e+10
7.374396e+09 0.926532 3.898362e+10	3.284247e+10 4.114984e+10
7.361297e+09 0.923552 3.910300e+10	3.299721e+10 4.129399e+10
7.348199e+09 0.920582 3.922188e+10	3.315133e+10 4.143771e+10
7.335101e+09 0.917620 3.934025e+10	3.330486e+10 4.158100e+10
7.322002e+09 0.914668 3.945811e+10	3.345778e+10 4.172386e+10
7.308904e+09 0.911724 3.957547e+10	3.361011e+10 4.186630e+10
7.295805e+09 0.908790 3.969233e+10	3.376184e+10 4.200832e+10
7.282707e+09 0.905864 3.980869e+10	3.391297e+10 4.214991e+10
7.269609e+09 0.902950 3.992456e+10	3.406351e+10 4.229110e+10
7.256510e+09 0.900044 4.003992e+10	3.421346e+10 4.243187e+10
7.243412e+09 0.897147 4.015479e+10	3.436216e+10 4.257179e+10
7.230313e+09 0.894260 4.026917e+10	3.450972e+10 4.271093e+10
7.217215e+09 0.891381 4.038306e+10	3.465617e+10 4.284931e+10
7.204117e+09 0.888510 4.049645e+10	3.480153e+10 4.298695e+10
7.191018e+09 0.885649 4.060936e+10	3.494583e+10 4.312385e+10
7.177920e+09 0.882796 4.072178e+10	3.508906e+10 4.326002e+10
7.164821e+09 0.879953 4.083371e+10	3.523125e+10 4.339547e+10
7.151723e+09 0.877119 4.094516e+10	3.537241e+10 4.353020e+10
7.138625e+09 0.874294 4.105613e+10	3.551254e+10 4.366422e+10
7.125526e+09 0.871476 4.116662e+10	3.565165e+10 4.379754e+10
7.112428e+09 0.868668 4.127663e+10	3.578977e+10 4.393017e+10
7.099329e+09 0.865867 4.138616e+10	3.592689e+10 4.406210e+10
7.086231e+09 0.863076 4.149521e+10	3.606302e+10 4.419334e+10
7.073133e+09 0.860293 4.160379e+10	3.619818e+10 4.432390e+10
7.060034e+09 0.857519 4.171190e+10	3.633237e+10 4.445378e+10
7.046936e+09 0.854753 4.181954e+10	3.646560e+10 4.458299e+10
7.033837e+09 0.851996 4.192671e+10	3.659788e+10 4.471153e+10
7.020739e+09 0.849246 4.203341e+10	3.672922e+10 4.483941e+10
7.007641e+09 0.846505 4.213964e+10	3.685962e+10 4.496663e+10
6.994542e+09 0.843772 4.224541e+10	3.698910e+10 4.509319e+10
6.981444e+09 0.841047 4.235072e+10	3.711766e+10 4.521911e+10
6.968345e+09 0.838331 4.245556e+10	3.724531e+10 4.534437e+10
6.955247e+09 0.835623 4.255995e+10	3.737206e+10 4.546900e+10
6.942149e+09 0.832923 4.266388e+10	3.749791e+10 4.559299e+10
6.929050e+09 0.830230 4.276735e+10	3.762287e+10 4.571635e+10
6.915952e+09 0.827546 4.287037e+10	3.774695e+10 4.583908e+10
6.902854e+09 0.824870 4.297294e+10	3.787016e+10 4.596118e+10
6.889755e+09 0.822201 4.307506e+10	3.799250e+10 4.608266e+10
6.876657e+09 0.819540 4.317672e+10	3.811398e+10 4.620353e+10
6.863558e+09 0.816888 4.327794e+10	3.823461e+10 4.632378e+10
6.850460e+09 0.814243 4.337871e+10	3.835439e+10 4.644343e+10
6.837362e+09 0.811606 4.347904e+10	3.847333e+10 4.656247e+10
6.824263e+09 0.808976 4.357892e+10	3.859145e+10 4.668090e+10
6.811165e+09 0.806354 4.367837e+10	3.870874e+10 4.679874e+10
6.798066e+09 0.803740 4.377737e+10	3.882521e+10 4.691599e+10
6.784968e+09 0.801133 4.387594e+10	3.894086e+10 4.703265e+10
6.771870e+09 0.798534 4.397407e+10	3.905572e+10 4.714872e+10
6.758771e+09 0.795942 4.407176e+10	3.916977e+10 4.726421e+10
6.745673e+09 0.793358 4.416902e+10	3.928303e+10 4.737912e+10
6.732574e+09 0.790782 4.426586e+10	3.939551e+10 4.749345e+10
6.719476e+09 0.788212 4.436226e+10	3.950721e+10 4.760721e+10
6.706378e+09 0.785650 4.445823e+10	3.961813e+10 4.772041e+10
6.693279e+09 0.783096 4.455378e+10	3.972829e+10 4.783304e+10
6.680181e+09 0.780548 4.464890e+10	3.983768e+10 4.794511e+10
6.667082e+09 0.778008 4.474360e+10	3.994632e+10 4.805662e+10
6.653984e+09 0.775475 4.483788e+10	4.005421e+10 4.816758e+10
6.640886e+09 0.772950 4.493174e+10	4.016136e+10 4.827799e+10
6.627787e+09 0.770431 4.502518e+10	4.026777e+10 4.838785e+10
6.614689e+09 0.767919 4.511821e+10	4.037345e+10 4.849717e+10
6.601590e+09 0.765415 4.521082e+10	4.047841e+10 4.860595e+10
6.588492e+09 0.762918 4.530301e+10	4.058265e+10 4.871419e+10
6.575394e+09 0.760428 4.539480e+10	4.068617e+10 4.882190e+10
6.562295e+09 0.757944 4.548618e+10	4.078898e+10 4.892907e+10
6.549197e+09 0.755468 4.557714e+10	4.089110e+10 4.903572e+10
6.536098e+09 0.752998 4.566770e+10	4.099251e+10 4.914185e+10
6.523000e+09 0.750535 4.575786e+10	4.109323e+10 4.924746e+10
6.509902e+09 0.748079 4.584761e+10	4.119327e+10 4.935255e+10
6.496803e+09 0.745630 4.593696e+10	4.129263e+10 4.945712e+10
6.483705e+09 0.743188 4.602591e+10	4.139131e+10 4.956119e+10
6.470607e+09 0.740753 4.611447e+10	4.148933e+10 4.966474e+10
6.457508e+09 0.738324 4.620262e+10	4.158668e+10 4.976779e+10
6.444410e+09 0.735902 4.629038e+10	4.168337e+10 4.987034e+10
6.431311e+09 0.733486 4.637775e+10	4.177940e+10 4.997240e+10
6.418213e+09 0.731076 4.646472e+10	4.187479e+10 5.007395e+10
6.405115e+09 0.728674 4.655131e+10	4.196953e+10 5.017502e+10
6.392016e+09 0.726278 4.663750e+10	4.206364e+10 5.027559e+10
6.378918e+09 0.723889 4.672331e+10	4.215711e+10 5.037568e+10
6.365819e+09 0.721506 4.680873e+10	4.224995e+10 5.047529e+10
6.352721e+09 0.719130 4.689377e+10	4.234217e+10 5.057442e+10
6.339623e+09 0.716760 4.697842e+10	4.243377e+10 5.067306e+10
6.326524e+09 0.714396 4.706270e+10	4.252476e+10 5.077124e+10
6.313426e+09 0.712039 4.714659e+10	4.261514e+10 5.086894e+10
6.300327e+09 0.709688 4.723011e+10	4.270491e+10 5.096617e+10
6.287229e+09 0.707343 4.731325e+10	4.279408e+10 5.106294e+10
6.274131e+09 0.705005 4.739601e+10	4.287278e+10 5.115925e+10
6.261032e+09 0.702673 4.747841e+10	4.294990e+10 5.125509e+10
6.247934e+09 0.700347 4.756043e+10	4.302669e+10 5.135048e+10
6.234835e+09 0.698028 4.764208e+10	4.310314e+10 5.144524e+10
6.221737e+09 0.695714 4.772336e+10	4.317926e+10 5.153939e+10
6.208639e+09 0.693406 4.780427e+10	4.325505e+10 5.163292e+10
6.195540e+09 0.691104 4.788482e+10	4.333052e+10 5.172587e+10
6.182442e+09 0.688809 4.796501e+10	4.340566e+10 5.181822e+10
6.169343e+09 0.686519 4.804483e+10	4.348049e+10 5.190999e+10
6.156245e+09 0.684236 4.812429e+10	4.355499e+10 5.200118e+10
6.143147e+09 0.681960 4.820339e+10	4.362918e+10 5.209180e+10
6.130048e+09 0.679689 4.828214e+10	4.370306e+10 5.218185e+10
6.116950e+09 0.677423 4.836053e+10	4.377662e+10 5.227135e+10
6.103851e+09 0.675163 4.843856e+10	4.384988e+10 5.236028e+10
6.090753e+09 0.672909 4.851624e+10	4.392283e+10 5.244866e+10
6.077655e+09 0.670661 4.859357e+10	4.399547e+10 5.253650e+10
6.064556e+09 0.668419 4.867054e+10	4.406781e+10 5.262379e+10
6.051458e+09 0.666183 4.874717e+10	4.413985e+10 5.271055e+10
6.038360e+09 0.663953 4.882345e+10	4.421160e+10 5.279677e+10
6.025261e+09 0.661729 4.889939e+10	4.428304e+10 5.288246e+10
6.012163e+09 0.659510 4.897498e+10	4.435420e+10 5.296762e+10
5.999064e+09 0.657296 4.905022e+10	4.442506e+10 5.305227e+10
5.985966e+09 0.655088 4.912513e+10	4.449563e+10 5.313640e+10
5.972868e+09 0.652885 4.919970e+10	4.456591e+10 5.322001e+10
5.959769e+09 0.650689 4.927392e+10	4.463590e+10 5.330312e+10
5.946671e+09 0.648498 4.934781e+10	4.470562e+10 5.338572e+10
5.933572e+09 0.646313 4.942136e+10	4.477505e+10 5.346781e+10
5.920474e+09 0.644134 4.949458e+10	4.484420e+10 5.354942e+10
5.907376e+09 0.641961 4.956747e+10	4.491307e+10 5.363053e+10
5.894277e+09 0.639792 4.964002e+10	4.498167e+10 5.371114e+10
5.881179e+09 0.637628 4.971225e+10	4.504999e+10 5.379128e+10
5.868080e+09 0.635469 4.978414e+10	4.511804e+10 5.387093e+10
5.854982e+09 0.633317 4.985571e+10	4.518583e+10 5.395010e+10
5.841884e+09 0.631169 4.992695e+10	4.525334e+10 5.402879e+10
5.828785e+09 0.629028 4.999787e+10	4.532059e+10 5.410702e+10
5.815687e+09 0.626892 5.006847e+10	4.538757e+10 5.418478e+10
5.802588e+09 0.624762 5.013874e+10	4.545429e+10 5.426207e+10
5.789490e+09 0.622637 5.020869e+10	4.552075e+10 5.433890e+10
5.776392e+09 0.620516 5.027832e+10	4.558695e+10 5.441527e+10
5.763293e+09 0.618400 5.034764e+10	4.565289e+10 5.449119e+10
5.750195e+09 0.616289 5.041664e+10	4.571858e+10 5.456666e+10
5.737096e+09 0.614184 5.048533e+10	4.578401e+10 5.464168e+10
5.723998e+09 0.612084 5.055370e+10	4.584920e+10 5.471626e+10
5.710900e+09 0.609990 5.062176e+10	4.591413e+10 5.479040e+10
5.697801e+09 0.607901 5.068950e+10	4.597881e+10 5.486409e+10
5.684703e+09 0.605818 5.075694e+10	4.604325e+10 5.493736e+10
5.671604e+09 0.603740 5.082408e+10	4.610745e+10 5.501019e+10
5.658506e+09 0.601665 5.089090e+10	4.617140e+10 5.508259e+10
5.645408e+09 0.599595 5.095742e+10	4.623511e+10 5.515457e+10
5.632309e+09 0.597531 5.102363e+10	4.629858e+10 5.522613e+10
5.619211e+09 0.595471 5.108955e+10	4.636181e+10 5.529727e+10
5.606113e+09 0.593417 5.115516e+10	4.642480e+10 5.536799e+10
5.593014e+09 0.591369 5.122047e+10	4.648756e+10 5.543830e+10
5.579916e+09 0.589325 5.128548e+10	4.655009e+10 5.550820e+10
5.566817e+09 0.587287 5.135019e+10	4.661238e+10 5.557769e+10
5.553719e+09 0.585254 5.141461e+10	4.667445e+10 5.564678e+10
5.540621e+09 0.583223 5.147873e+10	4.673629e+10 5.571546e+10
5.527522e+09 0.581198 5.154256e+10	4.679790e+10 5.578375e+10
5.514424e+09 0.579177 5.160610e+10	4.685928e+10 5.585164e+10
5.501325e+09 0.577162 5.166934e+10	4.692044e+10 5.591914e+10
5.488227e+09 0.575152 5.173230e+10	4.698138e+10 5.598625e+10
5.475129e+09 0.573147 5.179497e+10	4.704210e+10 5.605297e+10
5.462030e+09 0.571147 5.185735e+10	4.710260e+10 5.611931e+10
5.448932e+09 0.569152 5.191944e+10	4.716288e+10 5.618527e+10
5.435833e+09 0.567162 5.198125e+10	4.722295e+10 5.625085e+10
5.422735e+09 0.565175 5.204278e+10	4.728280e+10 5.631605e+10
5.409637e+09 0.563192 5.210402e+10	4.734244e+10 5.638088e+10
5.396538e+09 0.561214 5.216498e+10	4.740186e+10 5.644533e+10
5.383440e+09 0.559241 5.222566e+10	4.746108e+10 5.650942e+10
5.370341e+09 0.557273 5.228607e+10	4.752008e+10 5.657314e+10
5.357243e+09 0.555310 5.234619e+10	4.757888e+10 5.663650e+10
5.344145e+09 0.553352 5.240604e+10	4.763748e+10 5.669950e+10
5.331046e+09 0.551399 5.246562e+10	4.769586e+10 5.676214e+10
5.317948e+09 0.549450 5.252492e+10	4.775405e+10 5.682443e+10
5.304849e+09 0.547505 5.258395e+10	4.781203e+10 5.688636e+10
5.291751e+09 0.545563 5.264271e+10	4.786982e+10 5.694794e+10
5.278653e+09 0.543626 5.270119e+10	4.792740e+10 5.700917e+10
5.265554e+09 0.541694 5.275941e+10	4.798479e+10 5.707006e+10
5.252456e+09 0.539766 5.281736e+10	4.804197e+10 5.713060e+10
5.239358e+09 0.537844 5.287505e+10	4.809897e+10 5.719081e+10
5.226259e+09 0.535926 5.293246e+10	4.815577e+10 5.725067e+10
5.213161e+09 0.534013 5.298962e+10	4.821238e+10 5.731020e+10
5.200062e+09 0.532105 5.304651e+10	4.826879e+10 5.736939e+10
5.186964e+09 0.530200 5.310314e+10	4.832502e+10 5.742825e+10
5.173866e+09 0.528297 5.315951e+10	4.838106e+10 5.748679e+10
5.160767e+09 0.526400 5.321562e+10	4.843691e+10 5.754499e+10
5.147669e+09 0.524507 5.327147e+10	4.849257e+10 5.760287e+10
5.134570e+09 0.522618 5.332706e+10	4.854805e+10 5.766043e+10
5.121472e+09 0.520735 5.338239e+10	4.860334e+10 5.771766e+10
5.108374e+09 0.518856 5.343747e+10	4.865846e+10 5.777458e+10
5.095275e+09 0.516981 5.349230e+10	4.871339e+10 5.783118e+10
5.082177e+09 0.515112 5.354688e+10	4.876814e+10 5.788747e+10
5.069078e+09 0.513246 5.360120e+10	4.882271e+10 5.794345e+10
5.055980e+09 0.511382 5.365527e+10	4.887711e+10 5.799912e+10
5.042882e+09 0.509522 5.370909e+10	4.893133e+10 5.805447e+10
5.029783e+09 0.507667 5.376267e+10	4.898537e+10 5.810953e+10
5.016685e+09 0.505816 5.381599e+10	4.903924e+10 5.816428e+10
5.003586e+09 0.503970 5.386907e+10	4.909293e+10 5.821872e+10
4.990488e+09 0.502129 5.392191e+10	4.914646e+10 5.827287e+10
4.977390e+09 0.500291 5.397450e+10	4.919981e+10 5.832672e+10
4.964291e+09 0.498459 5.402685e+10	4.925299e+10 5.837998e+10
4.951193e+09 0.496631 5.407895e+10	4.930601e+10 5.843265e+10
4.938094e+09 0.494804 5.413082e+10	4.935885e+10 5.848475e+10
4.924996e+09 0.492981 5.418244e+10	4.941154e+10 5.853630e+10
4.911898e+09 0.491162 5.423383e+10	4.946405e+10 5.858730e+10
4.898799e+09 0.489348 5.428498e+10	4.951640e+10 5.863777e+10
4.885701e+09 0.487538 5.433589e+10	4.956859e+10 5.868771e+10
4.872602e+09 0.485732 5.438656e+10	4.962062e+10 5.873713e+10
4.859504e+09 0.483931 5.443701e+10	4.967248e+10 5.878605e+10
4.846406e+09 0.482134 5.448721e+10	4.972419e+10 5.883446e+10
4.833307e+09 0.480342 5.453719e+10	4.977574e+10 5.888237e+10
4.820209e+09 0.478552 5.458694e+10	4.982713e+10 5.892979e+10
4.807111e+09 0.476764 5.463645e+10	4.987836e+10 5.897673e+10
4.794012e+09 0.474980 5.468573e+10	4.992943e+10 5.902318e+10
4.780914e+09 0.473201 5.473479e+10	4.998036e+10 5.906916e+10
4.767815e+09 0.471426 5.478362e+10	5.003112e+10 5.911467e+10
4.754717e+09 0.469655 5.483222e+10	5.008174e+10 5.915972e+10
4.741619e+09 0.467888 5.488059e+10	5.013220e+10 5.920432e+10
4.728520e+09 0.466126 5.492875e+10	5.018251e+10 5.924846e+10
4.715422e+09 0.464368 5.497668e+10	5.023268e+10 5.929215e+10
4.702323e+09 0.462614 5.502438e+10	5.028269e+10 5.933540e+10
4.689225e+09 0.460861 5.507187e+10	5.033256e+10 5.937822e+10
4.676127e+09 0.459111 5.511913e+10	5.038228e+10 5.942060e+10
4.663028e+09 0.457365 5.516618e+10	5.043185e+10 5.946255e+10
4.649930e+09 0.455624 5.521300e+10	5.048128e+10 5.950408e+10
4.636831e+09 0.453886 5.525961e+10	5.053056e+10 5.954519e+10
4.623733e+09 0.452153 5.530600e+10	5.057970e+10 5.958589e+10
4.610635e+09 0.450424 5.535218e+10	5.062870e+10 5.962618e+10
4.597536e+09 0.448699 5.539814e+10	5.067756e+10 5.966606e+10
4.584438e+09 0.446978 5.544389e+10	5.072628e+10 5.970554e+10
4.571339e+09 0.445261 5.548942e+10	5.077486e+10 5.974463e+10
4.558241e+09 0.443544 5.553475e+10	5.082330e+10 5.978332e+10
4.545143e+09 0.441830 5.557986e+10	5.087160e+10 5.982163e+10
4.532044e+09 0.440121 5.562476e+10	5.091976e+10 5.985955e+10
4.518946e+09 0.438416 5.566945e+10	5.096779e+10 5.989709e+10
4.505847e+09 0.436715 5.571394e+10	5.101568e+10 5.993425e+10
4.492749e+09 0.435018 5.575821e+10	5.106344e+10 5.997105e+10
4.479651e+09 0.433325 5.580228e+10	5.111107e+10 6.000747e+10
4.466552e+09 0.431636 5.584615e+10	5.115856e+10 6.004353e+10
4.453454e+09 0.429951 5.588981e+10	5.120593e+10 6.007923e+10
4.440355e+09 0.428268 5.593327e+10	5.125316e+10 6.011457e+10
4.427257e+09 0.426586 5.597653e+10	5.130026e+10 6.014956e+10
4.414159e+09 0.424908 5.601958e+10	5.134723e+10 6.018420e+10
4.401060e+09 0.423234 5.606243e+10	5.139407e+10 6.021849e+10
4.387962e+09 0.421564 5.610508e+10	5.144079e+10 6.025244e+10
4.374864e+09 0.419898 5.614753e+10	5.148738e+10 6.028604e+10
4.361765e+09 0.418235 5.618979e+10	5.153384e+10 6.031932e+10
4.348667e+09 0.416577 5.623185e+10	5.158018e+10 6.035226e+10
4.335568e+09 0.414922 5.627371e+10	5.162639e+10 6.038487e+10
4.322470e+09 0.413272 5.631537e+10	5.167248e+10 6.041715e+10
4.309372e+09 0.411622 5.635684e+10	5.171845e+10 6.044912e+10
4.296273e+09 0.409974 5.639812e+10	5.176430e+10 6.048076e+10
4.283175e+09 0.408330 5.643920e+10	5.181002e+10 6.051209e+10
4.270076e+09 0.406690 5.648009e+10	5.185562e+10 6.054310e+10
4.256978e+09 0.405054 5.652079e+10	5.190111e+10 6.057380e+10
4.243880e+09 0.403421 5.656130e+10	5.194647e+10 6.060420e+10
4.230781e+09 0.401793 5.660162e+10	5.199172e+10 6.063429e+10
4.217683e+09 0.400168 5.664175e+10	5.203685e+10 6.066408e+10
4.204584e+09 0.398547 5.668169e+10	5.208186e+10 6.069357e+10
4.191486e+09 0.396929 5.672145e+10	5.212676e+10 6.072277e+10
4.178388e+09 0.395312 5.676102e+10	5.217154e+10 6.075168e+10
4.165289e+09 0.393697 5.680040e+10	5.221621e+10 6.078029e+10
4.152191e+09 0.392086 5.683960e+10	5.226076e+10 6.080862e+10
4.139092e+09 0.390478 5.687861e+10	5.230520e+10 6.083667e+10
4.125994e+09 0.388874 5.691744e+10	5.234953e+10 6.086443e+10
4.112896e+09 0.387274 5.695609e+10	5.239374e+10 6.089192e+10
4.099797e+09 0.385678 5.699456e+10	5.243785e+10 6.091913e+10
4.086699e+09 0.384085 5.703284e+10	5.248184e+10 6.094607e+10
4.073600e+09 0.382496 5.707095e+10	5.252573e+10 6.097274e+10
4.060502e+09 0.380911 5.710888e+10	5.256951e+10 6.099914e+10
4.047404e+09 0.379325 5.714663e+10	5.261317e+10 6.102527e+10
4.034305e+09 0.377742 5.718420e+10	5.265673e+10 6.105114e+10
4.021207e+09 0.376162 5.722159e+10	5.270019e+10 6.107676e+10
4.008108e+09 0.374586 5.725881e+10	5.274353e+10 6.110211e+10
3.995010e+09 0.373014 5.729585e+10	5.278677e+10 6.112721e+10
3.981912e+09 0.371445 5.733272e+10	5.282991e+10 6.115206e+10
3.968813e+09 0.369879 5.736942e+10	5.287294e+10 6.117665e+10
3.955715e+09 0.368318 5.740594e+10	5.291587e+10 6.120100e+10
3.942617e+09 0.366759 5.744229e+10	5.295870e+10 6.122511e+10
3.929518e+09 0.365205 5.747847e+10	5.300142e+10 6.124897e+10
3.916420e+09 0.363650 5.751448e+10	5.304404e+10 6.127259e+10
3.903321e+09 0.362098 5.755032e+10	5.308656e+10 6.129597e+10
3.890223e+09 0.360548 5.758599e+10	5.312898e+10 6.131911e+10
3.877125e+09 0.359002 5.762149e+10	5.317130e+10 6.134202e+10
3.864026e+09 0.357460 5.765682e+10	5.321352e+10 6.136470e+10
3.850928e+09 0.355921 5.769198e+10	5.325565e+10 6.138715e+10
3.837829e+09 0.354386 5.772698e+10	5.329767e+10 6.140937e+10
3.824731e+09 0.352854 5.776182e+10	5.333960e+10 6.143137e+10
3.811633e+09 0.351326 5.779648e+10	5.338143e+10 6.145314e+10
3.798534e+09 0.349801 5.783099e+10	5.342316e+10 6.147469e+10
3.785436e+09 0.348277 5.786533e+10	5.346480e+10 6.149603e+10
3.772337e+09 0.346753 5.789951e+10	5.350635e+10 6.151714e+10
3.759239e+09 0.345233 5.793353e+10	5.354779e+10 6.153804e+10
3.746141e+09 0.343717 5.796738e+10	5.358915e+10 6.155873e+10
3.733042e+09 0.342204 5.800108e+10	5.363041e+10 6.157920e+10
3.719944e+09 0.340694 5.803461e+10	5.367158e+10 6.159947e+10
3.706845e+09 0.339187 5.806799e+10	5.371266e+10 6.161953e+10
3.693747e+09 0.337684 5.810121e+10	5.375364e+10 6.163938e+10
3.680649e+09 0.336185 5.813427e+10	5.379454e+10 6.165904e+10
3.667550e+09 0.334688 5.816717e+10	5.383534e+10 6.167849e+10
3.654452e+09 0.333194 5.819992e+10	5.387606e+10 6.169774e+10
3.641353e+09 0.331699 5.823251e+10	5.391668e+10 6.171679e+10
3.628255e+09 0.330207 5.826495e+10	5.395722e+10 6.173565e+10
3.615157e+09 0.328719 5.829723e+10	5.399767e+10 6.175431e+10
3.602058e+09 0.327234 5.832936e+10	5.403803e+10 6.177278e+10
3.588960e+09 0.325752 5.836133e+10	5.407830e+10 6.179106e+10
3.575861e+09 0.324274 5.839316e+10	5.411849e+10 6.180915e+10
3.562763e+09 0.322798 5.842483e+10	5.415859e+10 6.182705e+10
3.549665e+09 0.321326 5.845635e+10	5.419860e+10 6.184477e+10
3.536566e+09 0.319858 5.848772e+10	5.423853e+10 6.186230e+10
3.523468e+09 0.318392 5.851894e+10	5.427838e+10 6.187965e+10
3.510370e+09 0.316925 5.855001e+10	5.431814e+10 6.189683e+10
3.497271e+09 0.315461 5.858094e+10	5.435782e+10 6.191382e+10
3.484173e+09 0.314000 5.861171e+10	5.439741e+10 6.193063e+10
3.471074e+09 0.312542 5.864234e+10	5.443693e+10 6.194727e+10
3.457976e+09 0.311087 5.867282e+10	5.447636e+10 6.196374e+10
3.444878e+09 0.309635 5.870316e+10	5.451571e+10 6.198003e+10
3.431779e+09 0.308187 5.873335e+10	5.455498e+10 6.199616e+10
3.418681e+09 0.306742 5.876340e+10	5.459416e+10 6.201211e+10
3.405582e+09 0.305300 5.879330e+10	5.463327e+10 6.202790e+10
3.392484e+09 0.303861 5.882306e+10	5.467230e+10 6.204352e+10
3.379386e+09 0.302423 5.885268e+10	5.471125e+10 6.205897e+10
3.366287e+09 0.300984 5.888215e+10	5.475012e+10 6.207426e+10
3.353189e+09 0.299549 5.891149e+10	5.478891e+10 6.208939e+10
3.340090e+09 0.298118 5.894068e+10	5.482763e+10 6.210436e+10
3.326992e+09 0.296689 5.896973e+10	5.486627e+10 6.211917e+10
3.313894e+09 0.295263 5.899864e+10	5.490483e+10 6.213383e+10
3.300795e+09 0.293841 5.902742e+10	5.494332e+10 6.214832e+10
3.287697e+09 0.292422 5.905605e+10	5.498173e+10 6.216266e+10
3.274598e+09 0.291005 5.908455e+10	5.502006e+10 6.217685e+10
3.261500e+09 0.289592 5.911291e+10	5.505832e+10 6.219089e+10
3.248402e+09 0.288182 5.914114e+10	5.509651e+10 6.220478e+10
3.235303e+09 0.286769 5.916923e+10	5.513462e+10 6.221852e+10
3.222205e+09 0.285360 5.919718e+10	5.517266e+10 6.223211e+10
3.209106e+09 0.283953 5.922500e+10	5.521062e+10 6.224555e+10
3.196008e+09 0.282550 5.925268e+10	5.524852e+10 6.225885e+10
3.182910e+09 0.281149 5.928023e+10	5.528634e+10 6.227200e+10
3.169811e+09 0.279752 5.930765e+10	5.532409e+10 6.228501e+10
3.156713e+09 0.278358 5.933493e+10	5.536177e+10 6.229788e+10
3.143615e+09 0.276966 5.936209e+10	5.539937e+10 6.231061e+10
3.130516e+09 0.275578 5.938911e+10	5.543691e+10 6.232320e+10
3.117418e+09 0.274193 5.941600e+10	5.547438e+10 6.233565e+10
3.104319e+09 0.272808 5.944276e+10	5.551178e+10 6.234796e+10
3.091221e+09 0.271423 5.946939e+10	5.554911e+10 6.236014e+10
3.078123e+09 0.270040 5.949590e+10	5.558637e+10 6.237219e+10
3.065024e+09 0.268661 5.952227e+10	5.562356e+10 6.238410e+10
3.051926e+09 0.267285 5.954851e+10	5.566068e+10 6.239588e+10
3.038827e+09 0.265912 5.957463e+10	5.569774e+10 6.240753e+10
3.025729e+09 0.264542 5.960062e+10	5.573473e+10 6.241905e+10
3.012631e+09 0.263175 5.962649e+10	5.577165e+10 6.243044e+10
2.999532e+09 0.261810 5.965223e+10	5.580851e+10 6.244171e+10
2.986434e+09 0.260449 5.967784e+10	5.584530e+10 6.245285e+10
2.973335e+09 0.259091 5.970333e+10	5.588203e+10 6.246386e+10
2.960237e+09 0.257730 5.972870e+10	5.591869e+10 6.247475e+10
2.947139e+09 0.256371 5.975394e+10	5.595529e+10 6.248552e+10
2.934040e+09 0.255016 5.977906e+10	5.599182e+10 6.249616e+10
2.920942e+09 0.253663 5.980406e+10	5.602829e+10 6.250669e+10
2.907843e+09 0.252313 5.982893e+10	5.606470e+10 6.251709e+10
2.894745e+09 0.250966 5.985368e+10	5.610104e+10 6.252738e+10
2.881647e+09 0.249622 5.987832e+10	5.613732e+10 6.253754e+10
2.868548e+09 0.248281 5.990283e+10	5.617354e+10 6.254759e+10
2.855450e+09 0.246943 5.992722e+10	5.620970e+10 6.255753e+10
2.842351e+09 0.245608 5.995149e+10	5.624579e+10 6.256735e+10
2.829253e+09 0.244274 5.997565e+10	5.628183e+10 6.257706e+10
2.816155e+09 0.242938 5.999968e+10	5.631780e+10 6.258665e+10
2.803056e+09 0.241605 6.002360e+10	5.635371e+10 6.259613e+10
2.789958e+09 0.240275 6.004740e+10	5.638957e+10 6.260551e+10
2.776859e+09 0.238948 6.007108e+10	5.642536e+10 6.261477e+10
2.763761e+09 0.237624 6.009465e+10	5.646109e+10 6.262392e+10
2.750663e+09 0.236302 6.011810e+10	5.649677e+10 6.263296e+10
2.737564e+09 0.234984 6.014143e+10	5.653239e+10 6.264190e+10
2.724466e+09 0.233668 6.016466e+10	5.656795e+10 6.265073e+10
2.711368e+09 0.232355 6.018776e+10	5.660345e+10 6.265946e+10
2.698269e+09 0.231044 6.021076e+10	5.663889e+10 6.266808e+10
2.685171e+09 0.229734 6.023364e+10	5.667428e+10 6.267660e+10
2.672072e+09 0.228423 6.025640e+10	5.670961e+10 6.268502e+10
2.658974e+09 0.227115 6.027906e+10	5.674488e+10 6.269333e+10
2.645876e+09 0.225810 6.030160e+10	5.678010e+10 6.270154e+10
2.632777e+09 0.224507 6.032403e+10	5.681526e+10 6.270966e+10
2.619679e+09 0.223208 6.034635e+10	5.685037e+10 6.271767e+10
2.606580e+09 0.221911 6.036856e+10	5.688542e+10 6.272559e+10
2.593482e+09 0.220616 6.039066e+10	5.692042e+10 6.273340e+10
2.580384e+09 0.219325 6.041265e+10	5.695536e+10 6.274113e+10
2.567285e+09 0.218036 6.043453e+10	5.699025e+10 6.274875e+10
2.554187e+09 0.216750 6.045630e+10	5.702509e+10 6.275628e+10
2.541088e+09 0.215463 6.047796e+10	5.705987e+10 6.276372e+10
2.527990e+09 0.214176 6.049952e+10	5.709460e+10 6.277106e+10
2.514892e+09 0.212892 6.052097e+10	5.712928e+10 6.277831e+10
2.501793e+09 0.211611 6.054231e+10	5.716390e+10 6.278547e+10
2.488695e+09 0.210332 6.056355e+10	5.719847e+10 6.279254e+10
2.475596e+09 0.209056 6.058468e+10	5.723299e+10 6.279952e+10
2.462498e+09 0.207782 6.060570e+10	5.726746e+10 6.280640e+10
2.449400e+09 0.206512 6.062662e+10	5.730188e+10 6.281320e+10
2.436301e+09 0.205244 6.064744e+10	5.733625e+10 6.281991e+10
2.423203e+09 0.203978 6.066815e+10	5.737057e+10 6.282654e+10
2.410104e+09 0.202716 6.068876e+10	5.740484e+10 6.283308e+10
2.397006e+09 0.201451 6.070927e+10	5.743906e+10 6.283953e+10
2.383908e+09 0.200188 6.072967e+10	5.747322e+10 6.284589e+10
2.370809e+09 0.198927 6.074997e+10	5.750734e+10 6.285217e+10
2.357711e+09 0.197668 6.077017e+10	5.754141e+10 6.285837e+10
2.344612e+09 0.196412 6.079026e+10	5.757543e+10 6.286449e+10
2.331514e+09 0.195159 6.081026e+10	5.760941e+10 6.287052e+10
2.318416e+09 0.193909 6.083015e+10	5.764333e+10 6.287647e+10
2.305317e+09 0.192661 6.084995e+10	5.767721e+10 6.288234e+10
2.292219e+09 0.191416 6.086964e+10	5.771104e+10 6.288813e+10
2.279121e+09 0.190173 6.088924e+10	5.774483e+10 6.289384e+10
2.266022e+09 0.188933 6.090874e+10	5.777857e+10 6.289947e+10
2.252924e+09 0.187691 6.092814e+10	5.781226e+10 6.290502e+10
2.239825e+09 0.186450 6.094744e+10	5.784590e+10 6.291050e+10
2.226727e+09 0.185211 6.096664e+10	5.787950e+10 6.291589e+10
2.213629e+09 0.183975 6.098575e+10	5.791305e+10 6.292121e+10
2.200530e+09 0.182741 6.100476e+10	5.794656e+10 6.292646e+10
2.187432e+09 0.181510 6.102367e+10	5.798003e+10 6.293163e+10
2.174333e+09 0.180282 6.104249e+10	5.801344e+10 6.293673e+10
2.161235e+09 0.179056 6.106121e+10	5.804682e+10 6.294175e+10
2.148137e+09 0.177833 6.107984e+10	5.808015e+10 6.294670e+10
2.135038e+09 0.176612 6.109837e+10	5.811344e+10 6.295157e+10
2.121940e+09 0.175394 6.111681e+10	5.814668e+10 6.295638e+10
2.108841e+09 0.174174 6.113515e+10	5.817988e+10 6.296111e+10
2.095743e+09 0.172955 6.115340e+10	5.821304e+10 6.296577e+10
2.082645e+09 0.171737 6.117156e+10	5.824615e+10 6.297036e+10
2.069546e+09 0.170523 6.118962e+10	5.827922e+10 6.297488e+10
2.056448e+09 0.169311 6.120760e+10	5.831225e+10 6.297933e+10
2.043349e+09 0.168101 6.122548e+10	5.834524e+10 6.298372e+10
2.030251e+09 0.166894 6.124326e+10	5.837818e+10 6.298803e+10
2.017153e+09 0.165690 6.126096e+10	5.841109e+10 6.299228e+10
2.004054e+09 0.164487 6.127857e+10	5.844395e+10 6.299646e+10
1.990956e+09 0.163288 6.129609e+10	5.847677e+10 6.300057e+10
1.977857e+09 0.162091 6.131351e+10	5.850956e+10 6.300462e+10
1.964759e+09 0.160893 6.133085e+10	5.854230e+10 6.300860e+10
1.951661e+09 0.159694 6.134810e+10	5.857500e+10 6.301252e+10
1.938562e+09 0.158498 6.136526e+10	5.860766e+10 6.301638e+10
1.925464e+09 0.157304 6.138233e+10	5.864029e+10 6.302017e+10
1.912365e+09 0.156113 6.139931e+10	5.867287e+10 6.302389e+10
1.899267e+09 0.154924 6.141621e+10	5.870541e+10 6.302756e+10
1.886169e+09 0.153738 6.143301e+10	5.873792e+10 6.303116e+10
1.873070e+09 0.152554 6.144973e+10	5.877039e+10 6.303470e+10
1.859972e+09 0.151372 6.146637e+10	5.880282e+10 6.303818e+10
1.846874e+09 0.150193 6.148292e+10	5.883521e+10 6.304160e+10
1.833775e+09 0.149016 6.149938e+10	5.886756e+10 6.304495e+10
1.820677e+09 0.147840 6.151576e+10	5.889988e+10 6.304825e+10
1.807578e+09 0.146662 6.153205e+10	5.893216e+10 6.305149e+10
1.794480e+09 0.145486 6.154825e+10	5.896440e+10 6.305467e+10
1.781382e+09 0.144312 6.156438e+10	5.899660e+10 6.305779e+10
1.768283e+09 0.143141 6.158041e+10	5.902877e+10 6.306086e+10
1.755185e+09 0.141972 6.159637e+10	5.906090e+10 6.306386e+10
1.742086e+09 0.140806 6.161224e+10	5.909300e+10 6.306681e+10
1.728988e+09 0.139642 6.162802e+10	5.912506e+10 6.306971e+10
1.715890e+09 0.138480 6.164373e+10	5.915708e+10 6.307254e+10
1.702791e+09 0.137321 6.165935e+10	5.918907e+10 6.307533e+10
1.689693e+09 0.136164 6.167489e+10	5.922103e+10 6.307805e+10
1.676594e+09 0.135009 6.169035e+10	5.925295e+10 6.308072e+10
1.663496e+09 0.133851 6.170573e+10	5.928483e+10 6.308334e+10
1.650398e+09 0.132694 6.172103e+10	5.931669e+10 6.308591e+10
1.637299e+09 0.131540 6.173625e+10	5.934850e+10 6.308842e+10
1.624201e+09 0.130388 6.175138e+10	5.938029e+10 6.309087e+10
1.611102e+09 0.129239 6.176644e+10	5.941203e+10 6.309328e+10
1.598004e+09 0.128092 6.178142e+10	5.944375e+10 6.309563e+10
1.584906e+09 0.126947 6.179631e+10	5.947543e+10 6.309793e+10
1.571807e+09 0.125805 6.181113e+10	5.950708e+10 6.310018e+10
1.558709e+09 0.124665 6.182587e+10	5.953870e+10 6.310238e+10
1.545610e+09 0.123527 6.184053e+10	5.957028e+10 6.310453e+10
1.532512e+09 0.122391 6.185512e+10	5.960184e+10 6.310663e+10
1.519414e+09 0.121254 6.186963e+10	5.963336e+10 6.310868e+10
1.506315e+09 0.120116 6.188406e+10	5.966485e+10 6.311068e+10
1.493217e+09 0.118981 6.189841e+10	5.969630e+10 6.311263e+10
1.480118e+09 0.117848 6.191268e+10	5.972773e+10 6.311453e+10
1.467020e+09 0.116718 6.192688e+10	5.975912e+10 6.311639e+10
1.453922e+09 0.115589 6.194100e+10	5.979049e+10 6.311819e+10
1.440823e+09 0.114463 6.195505e+10	5.982182e+10 6.311995e+10
1.427725e+09 0.113340 6.196902e+10	5.985312e+10 6.312167e+10
1.414627e+09 0.112218 6.198292e+10	5.988439e+10 6.312333e+10
1.401528e+09 0.111099 6.199675e+10	5.991563e+10 6.312495e+10
1.388430e+09 0.109982 6.201049e+10	5.994685e+10 6.312653e+10
1.375331e+09 0.108865 6.202417e+10	5.997803e+10 6.312806e+10
1.362233e+09 0.107746 6.203777e+10	6.000918e+10 6.312954e+10
1.349135e+09 0.106629 6.205130e+10	6.004031e+10 6.313098e+10
1.336036e+09 0.105515 6.206475e+10	6.007140e+10 6.313237e+10
1.322938e+09 0.104402 6.207813e+10	6.010247e+10 6.313372e+10
1.309839e+09 0.103292 6.209144e+10	6.013350e+10 6.313503e+10
1.296741e+09 0.102184 6.210468e+10	6.016451e+10 6.313629e+10
1.283643e+09 0.101078 6.211784e+10	6.019549e+10 6.313751e+10
1.270544e+09 0.099975 6.213093e+10	6.022644e+10 6.313869e+10
1.257446e+09 0.098874 6.214395e+10	6.025737e+10 6.313982e+10
1.244347e+09 0.097775 6.215691e+10	6.028827e+10 6.314092e+10
1.231249e+09 0.096678 6.216979e+10	6.031914e+10 6.314197e+10
1.218151e+09 0.095578 6.218260e+10	6.034998e+10 6.314298e+10
1.205052e+09 0.094478 6.219534e+10	6.038079e+10 6.314395e+10
1.191954e+09 0.093381 6.220800e+10	6.041158e+10 6.314488e+10
1.178855e+09 0.092287 6.222060e+10	6.044235e+10 6.314577e+10
1.165757e+09 0.091194 6.223313e+10	6.047308e+10 6.314661e+10
1.152659e+09 0.090104 6.224560e+10	6.050379e+10 6.314742e+10
1.139560e+09 0.089016 6.225799e+10	6.053447e+10 6.314819e+10
1.126462e+09 0.087930 6.227031e+10	6.056513e+10 6.314892e+10
1.113363e+09 0.086846 6.228257e+10	6.059576e+10 6.314961e+10
1.100265e+09 0.085764 6.229476e+10	6.062637e+10 6.315027e+10
1.087167e+09 0.084684 6.230688e+10	6.065695e+10 6.315088e+10
1.074068e+09 0.083605 6.231894e+10	6.068751e+10 6.315146e+10
1.060970e+09 0.082523 6.233092e+10	6.071804e+10 6.315200e+10
1.047872e+09 0.081443 6.234284e+10	6.074855e+10 6.315250e+10
1.034773e+09 0.080366 6.235470e+10	6.077903e+10 6.315296e+10
1.021675e+09 0.079290 6.236648e+10	6.080949e+10 6.315339e+10
1.008576e+09 0.078217 6.237821e+10	6.083992e+10 6.315378e+10
9.954779e+08 0.077146 6.238986e+10	6.087033e+10 6.315414e+10
9.823795e+08 0.076076 6.240145e+10	6.090072e+10 6.315446e+10
9.692811e+08 0.075009 6.241298e+10	6.093108e+10 6.315474e+10
9.561827e+08 0.073945 6.242444e+10	6.096142e+10 6.315499e+10
9.430844e+08 0.072882 6.243584e+10	6.099174e+10 6.315520e+10
9.299860e+08 0.071821 6.244717e+10	6.102203e+10 6.315538e+10
9.168876e+08 0.070758 6.245844e+10	6.105230e+10 6.315553e+10
9.037892e+08 0.069695 6.246965e+10	6.108255e+10 6.315564e+10
8.906908e+08 0.068634 6.248079e+10	6.111278e+10 6.315571e+10
8.775924e+08 0.067575 6.249186e+10	6.114298e+10 6.315576e+10
8.644940e+08 0.066518 6.250288e+10	6.117316e+10 6.315576e+10
8.513956e+08 0.065463 6.251383e+10	6.120332e+10 6.315574e+10
8.382972e+08 0.064410 6.252472e+10	6.123346e+10 6.315568e+10
8.251988e+08 0.063360 6.253555e+10	6.126358e+10 6.315559e+10
8.121004e+08 0.062311 6.254632e+10	6.129367e+10 6.315547e+10
7.990020e+08 0.061265 6.255702e+10	6.132375e+10 6.315532e+10
7.859036e+08 0.060220 6.256767e+10	6.135380e+10 6.315513e+10
7.728052e+08 0.059177 6.257825e+10	6.138383e+10 6.315491e+10
7.597068e+08 0.058130 6.258877e+10	6.141385e+10 6.315467e+10
7.466084e+08 0.057085 6.259923e+10	6.144384e+10 6.315439e+10
7.335101e+08 0.056042 6.260963e+10	6.147283e+10 6.315407e+10
7.204117e+08 0.055001 6.261997e+10	6.150148e+10 6.315373e+10
7.073133e+08 0.053963 6.263026e+10	6.153016e+10 6.315336e+10
6.942149e+08 0.052926 6.264048e+10	6.155887e+10 6.315296e+10
6.811165e+08 0.051891 6.265064e+10	6.158762e+10 6.315253e+10
6.680181e+08 0.050858 6.266074e+10	6.161640e+10 6.315206e+10
6.549197e+08 0.049828 6.267079e+10	6.164522e+10 6.315157e+10
6.418213e+08 0.048799 6.268077e+10	6.167407e+10 6.315105e+10
6.287229e+08 0.047773 6.269070e+10	6.170295e+10 6.315050e+10
6.156245e+08 0.046745 6.270057e+10	6.173186e+10 6.314992e+10
6.025261e+08 0.045716 6.271038e+10	6.176081e+10 6.314932e+10
5.894277e+08 0.044689 6.272013e+10	6.178979e+10 6.314868e+10
5.763293e+08 0.043663 6.272983e+10	6.181880e+10 6.314802e+10
5.632309e+08 0.042640 6.273947e+10	6.184785e+10 6.314733e+10
5.501325e+08 0.041619 6.274905e+10	6.187693e+10 6.314661e+10
5.370341e+08 0.040599 6.275858e+10	6.190604e+10 6.314586e+10
5.239358e+08 0.039582 6.276805e+10	6.193518e+10 6.314509e+10
5.108374e+08 0.038567 6.277746e+10	6.196435e+10 6.314429e+10
4.977390e+08 0.037553 6.278682e+10	6.199356e+10 6.314346e+10
4.846406e+08 0.036542 6.279612e+10	6.202280e+10 6.314260e+10
4.715422e+08 0.035533 6.280536e+10	6.205206e+10 6.314172e+10
4.584438e+08 0.034521 6.281455e+10	6.208137e+10 6.314082e+10
4.453454e+08 0.033509 6.282369e+10	6.211070e+10 6.313988e+10
4.322470e+08 0.032498 6.283277e+10	6.214006e+10 6.313892e+10
4.191486e+08 0.031490 6.284180e+10	6.216946e+10 6.313794e+10
4.060502e+08 0.030484 6.285077e+10	6.219888e+10 6.313693e+10
3.929518e+08 0.029480 6.285969e+10	6.222834e+10 6.313589e+10
3.798534e+08 0.028477 6.286855e+10	6.225783e+10 6.313483e+10
3.667550e+08 0.027477 6.287736e+10	6.228735e+10 6.313375e+10
3.536566e+08 0.026478 6.288612e+10	6.231690e+10 6.313264e+10
3.405582e+08 0.025482 6.289482e+10	6.234648e+10 6.313150e+10
3.274598e+08 0.024487 6.290347e+10	6.237609e+10 6.313035e+10
3.143615e+08 0.023494 6.291207e+10	6.240573e+10 6.312916e+10
3.012631e+08 0.022498 6.292061e+10	6.243540e+10 6.312796e+10
2.881647e+08 0.021502 6.292911e+10	6.246511e+10 6.312673e+10
2.750663e+08 0.020509 6.293755e+10	6.249484e+10 6.312547e+10
2.619679e+08 0.019517 6.294594e+10	6.252460e+10 6.312420e+10
2.488695e+08 0.018527 6.295427e+10	6.255439e+10 6.312290e+10
2.357711e+08 0.017539 6.296256e+10	6.258422e+10 6.312157e+10
2.226727e+08 0.016553 6.297079e+10	6.261407e+10 6.312023e+10
2.095743e+08 0.015569 6.297897e+10	6.264395e+10 6.311886e+10
1.964759e+08 0.014587 6.298711e+10	6.267387e+10 6.311747e+10
1.833775e+08 0.013607 6.299519e+10	6.270381e+10 6.311606e+10
1.702791e+08 0.012628 6.300322e+10	6.273378e+10 6.311462e+10
1.571807e+08 0.011652 6.301120e+10	6.276378e+10 6.311316e+10
1.440823e+08 0.010671 6.301913e+10	6.279381e+10 6.311168e+10
1.309839e+08 0.009692 6.302701e+10	6.282387e+10 6.311018e+10
1.178855e+08 0.008714 6.303484e+10	6.285396e+10 6.310866e+10
1.047872e+08 0.007738 6.304263e+10	6.288408e+10 6.310712e+10
9.168876e+07 0.006764 6.305036e+10	6.291423e+10 6.310555e+10
7.859036e+07 0.005792 6.305804e+10	6.294441e+10 6.310397e+10
6.549197e+07 0.004822 6.306568e+10	6.297462e+10 6.310236e+10
5.239358e+07 0.003854 6.307326e+10	6.300485e+10 6.310074e+10
3.929518e+07 0.002888 6.308080e+10	6.303512e+10 6.309909e+10
2.619679e+07 0.001923 6.308829e+10	6.306541e+10 6.309742e+10
1.309839e+07 0.000961 6.309573e+10	6.309573e+10 6.309573e+10
