#t0_Mstar=3.981072e+10 (N07Mbar=5.653661e+10) t0_sfr=1.780908e+00	1.00000000000000001988462483866e+30 t0_sfr=9.220171e-01
#tlb ,red_binl[i],Mstar[i],CSFH[i],phi[i],dMLdt[i],massloss_to_t0[i], Mstar_Noeske(tlb,Mbar_Noeske),phi_Noeske(tlb,Mbar_Noeske)FWHM=0.50:Ms,Cs,phi,FWHM=0.75:Ms,Cs,phi,FWHM=1.00:Ms,Cs,phi	1.00000000000000001988462483866e+30 Mstar_Noeske(tlb,Mbar_Noeske),phi_Noeske(tlb,Mbar_Noeske)FWHM=0.50:Ms,Cs,phi,FWHM=0.75:Ms,Cs,phi,FWHM=1.00:Ms,Cs,phi
1.309839e+10 9.000000 0.000000e+00	0.000000e+00 8.371179e+08
1.308530e+10 8.847726 0.000000e+00	0.000000e+00 6.897032e+08
1.307220e+10 8.701050 0.000000e+00	0.000000e+00 6.663330e+08
1.305910e+10 8.559660 0.000000e+00	0.000000e+00 6.537424e+08
1.304600e+10 8.423368 0.000000e+00	0.000000e+00 6.455714e+08
1.303290e+10 8.291842 0.000000e+00	0.000000e+00 6.398149e+08
1.301980e+10 8.164779 0.000000e+00	0.000000e+00 6.355797e+08
1.300671e+10 8.041947 0.000000e+00	0.000000e+00 6.323902e+08
1.299361e+10 7.923131 0.000000e+00	0.000000e+00 6.299632e+08
1.298051e+10 7.808144 0.000000e+00	0.000000e+00 6.281168e+08
1.296741e+10 7.696830 0.000000e+00	0.000000e+00 6.267272e+08
1.295431e+10 7.588952 0.000000e+00	0.000000e+00 6.257063e+08
1.294121e+10 7.484347 0.000000e+00	0.000000e+00 6.249894e+08
1.292811e+10 7.382859 0.000000e+00	0.000000e+00 6.245275e+08
1.291502e+10 7.284344 0.000000e+00	0.000000e+00 6.242827e+08
1.290192e+10 7.188666 0.000000e+00	0.000000e+00 6.242251e+08
1.288882e+10 7.095696 0.000000e+00	0.000000e+00 6.243306e+08
1.287572e+10 7.005312 0.000000e+00	0.000000e+00 6.245798e+08
1.286262e+10 6.917401 0.000000e+00	0.000000e+00 6.249563e+08
1.284952e+10 6.831855 0.000000e+00	0.000000e+00 6.254468e+08
1.283643e+10 6.748572 0.000000e+00	0.000000e+00 6.260400e+08
1.282333e+10 6.667456 0.000000e+00	0.000000e+00 6.267261e+08
1.281023e+10 6.588431 0.000000e+00	0.000000e+00 6.274970e+08
1.279713e+10 6.511436 0.000000e+00	0.000000e+00 6.283454e+08
1.278403e+10 6.436355 0.000000e+00	0.000000e+00 6.292653e+08
1.277093e+10 6.363109 0.000000e+00	0.000000e+00 6.302511e+08
1.275784e+10 6.291625 0.000000e+00	0.000000e+00 6.312983e+08
1.274474e+10 6.221832 0.000000e+00	0.000000e+00 6.324025e+08
1.273164e+10 6.153665 0.000000e+00	0.000000e+00 6.335601e+08
1.271854e+10 6.087102 0.000000e+00	0.000000e+00 6.347678e+08
1.270544e+10 6.022088 0.000000e+00	0.000000e+00 6.360226e+08
1.269234e+10 5.958522 0.000000e+00	0.000000e+00 6.373218e+08
1.267925e+10 5.896348 0.000000e+00	0.000000e+00 6.386632e+08
1.266615e+10 5.835515 0.000000e+00	0.000000e+00 6.400445e+08
1.265305e+10 5.776057 0.000000e+00	0.000000e+00 6.414638e+08
1.263995e+10 5.717866 0.000000e+00	0.000000e+00 6.429193e+08
1.262685e+10 5.660874 0.000000e+00	0.000000e+00 6.444095e+08
1.261375e+10 5.605040 0.000000e+00	0.000000e+00 6.459328e+08
1.260065e+10 5.550427 0.000000e+00	0.000000e+00 6.474879e+08
1.258756e+10 5.496902 0.000000e+00	0.000000e+00 6.490736e+08
1.257446e+10 5.444416 0.000000e+00	0.000000e+00 6.506888e+08
1.256136e+10 5.392990 0.000000e+00	0.000000e+00 6.523324e+08
1.254826e+10 5.342602 0.000000e+00	0.000000e+00 6.540034e+08
1.253516e+10 5.293149 0.000000e+00	0.000000e+00 6.557011e+08
1.252206e+10 5.244640 0.000000e+00	0.000000e+00 6.574245e+08
1.250897e+10 5.197097 0.000000e+00	0.000000e+00 6.591730e+08
1.249587e+10 5.150398 0.000000e+00	0.000000e+00 6.609458e+08
1.248277e+10 5.104567 0.000000e+00	0.000000e+00 6.627423e+08
1.246967e+10 5.059611 0.000000e+00	0.000000e+00 6.645619e+08
1.245657e+10 5.015419 0.000000e+00	0.000000e+00 6.664040e+08
1.244347e+10 4.972050 0.000000e+00	0.000000e+00 6.682682e+08
1.243038e+10 4.929453 0.000000e+00	0.000000e+00 6.701538e+08
1.241728e+10 4.887546 0.000000e+00	0.000000e+00 6.720606e+08
1.240418e+10 4.846450 0.000000e+00	0.000000e+00 6.739880e+08
1.239108e+10 4.806006 0.000000e+00	0.000000e+00 6.759356e+08
1.237798e+10 4.766255 0.000000e+00	0.000000e+00 6.779032e+08
1.236488e+10 4.727194 0.000000e+00	0.000000e+00 6.798903e+08
1.235179e+10 4.688723 0.000000e+00	0.000000e+00 6.818967e+08
1.233869e+10 4.650970 0.000000e+00	0.000000e+00 6.839220e+08
1.232559e+10 4.613770 0.000000e+00	0.000000e+00 6.859660e+08
1.231249e+10 4.577204 0.000000e+00	0.000000e+00 6.880284e+08
1.229939e+10 4.541209 0.000000e+00	0.000000e+00 6.901090e+08
1.228629e+10 4.505773 0.000000e+00	0.000000e+00 6.922074e+08
1.227319e+10 4.470921 0.000000e+00	0.000000e+00 6.943236e+08
1.226010e+10 4.436563 0.000000e+00	0.000000e+00 6.964574e+08
1.224700e+10 4.402796 0.000000e+00	0.000000e+00 6.986084e+08
1.223390e+10 4.369472 0.000000e+00	0.000000e+00 7.007766e+08
1.222080e+10 4.336729 0.000000e+00	0.000000e+00 7.029618e+08
1.220770e+10 4.304408 0.000000e+00	0.000000e+00 7.051638e+08
1.219460e+10 4.272625 0.000000e+00	0.000000e+00 7.073825e+08
1.218151e+10 4.241257 0.000000e+00	0.000000e+00 7.096178e+08
1.216841e+10 4.210391 0.000000e+00	0.000000e+00 7.118695e+08
1.215531e+10 4.179930 0.000000e+00	0.000000e+00 7.141375e+08
1.214221e+10 4.149942 0.000000e+00	0.000000e+00 7.164217e+08
1.212911e+10 4.120344 0.000000e+00	0.000000e+00 7.187220e+08
1.211601e+10 4.091197 0.000000e+00	0.000000e+00 7.210384e+08
1.210292e+10 4.062421 0.000000e+00	0.000000e+00 7.233706e+08
1.208982e+10 4.034080 0.000000e+00	0.000000e+00 7.257187e+08
1.207672e+10 4.006087 0.000000e+00	0.000000e+00 7.280826e+08
1.206362e+10 3.978520 0.000000e+00	0.000000e+00 7.304621e+08
1.205052e+10 3.951272 0.000000e+00	0.000000e+00 7.328573e+08
1.203742e+10 3.924447 0.000000e+00	0.000000e+00 7.352681e+08
1.202433e+10 3.897912 0.000000e+00	0.000000e+00 7.376944e+08
1.201123e+10 3.871800 0.000000e+00	0.000000e+00 7.401362e+08
1.199813e+10 3.845965 0.000000e+00	0.000000e+00 7.425934e+08
1.198503e+10 3.820516 0.000000e+00	0.000000e+00 7.450659e+08
1.197193e+10 3.795355 0.000000e+00	0.000000e+00 7.475539e+08
1.195883e+10 3.770540 0.000000e+00	0.000000e+00 7.500571e+08
1.194574e+10 3.746027 0.000000e+00	0.000000e+00 7.525757e+08
1.193264e+10 3.721816 0.000000e+00	0.000000e+00 7.551095e+08
1.191954e+10 3.697926 0.000000e+00	0.000000e+00 7.576586e+08
1.190644e+10 3.674294 0.000000e+00	0.000000e+00 7.602229e+08
1.189334e+10 3.651005 0.000000e+00	0.000000e+00 7.628024e+08
1.188024e+10 3.627947 0.000000e+00	0.000000e+00 7.653971e+08
1.186714e+10 3.605214 0.000000e+00	0.000000e+00 7.680070e+08
1.185405e+10 3.582725 0.000000e+00	0.000000e+00 7.706321e+08
1.184095e+10 3.560509 0.000000e+00	0.000000e+00 7.732724e+08
1.182785e+10 3.538569 0.000000e+00	0.000000e+00 7.759279e+08
1.181475e+10 3.516848 0.000000e+00	0.000000e+00 7.785986e+08
1.180165e+10 3.495436 0.000000e+00	0.000000e+00 7.812844e+08
1.178855e+10 3.474227 0.000000e+00	0.000000e+00 7.839855e+08
1.177546e+10 3.453288 0.000000e+00	0.000000e+00 7.867018e+08
1.176236e+10 3.432582 0.000000e+00	0.000000e+00 7.894333e+08
1.174926e+10 3.412087 0.000000e+00	0.000000e+00 7.921800e+08
1.173616e+10 3.391866 0.000000e+00	0.000000e+00 7.949420e+08
1.172306e+10 3.371830 0.000000e+00	0.000000e+00 7.977193e+08
1.170996e+10 3.352044 0.000000e+00	0.000000e+00 8.005118e+08
1.169687e+10 3.332470 0.000000e+00	0.000000e+00 8.033197e+08
1.168377e+10 3.313083 0.000000e+00	0.000000e+00 8.061429e+08
1.167067e+10 3.293956 0.000000e+00	0.000000e+00 8.089814e+08
1.165757e+10 3.274998 0.000000e+00	0.000000e+00 8.118354e+08
1.164447e+10 3.256256 0.000000e+00	0.000000e+00 8.147048e+08
1.163137e+10 3.237724 0.000000e+00	0.000000e+00 8.175896e+08
1.161828e+10 3.219353 0.000000e+00	0.000000e+00 8.204899e+08
1.160518e+10 3.201221 0.000000e+00	0.000000e+00 8.234057e+08
1.159208e+10 3.183256 0.000000e+00	0.000000e+00 8.263370e+08
1.157898e+10 3.165461 0.000000e+00	0.000000e+00 8.292839e+08
1.156588e+10 3.147889 0.000000e+00	0.000000e+00 8.322465e+08
1.155278e+10 3.130466 0.000000e+00	0.000000e+00 8.352247e+08
1.153968e+10 3.113227 0.000000e+00	0.000000e+00 8.382186e+08
1.152659e+10 3.096179 0.000000e+00	0.000000e+00 8.412283e+08
1.151349e+10 3.079272 0.000000e+00	0.000000e+00 8.442538e+08
1.150039e+10 3.062561 0.000000e+00	0.000000e+00 8.472950e+08
1.148729e+10 3.046014 0.000000e+00	0.000000e+00 8.503522e+08
1.147419e+10 3.029600 0.000000e+00	0.000000e+00 8.534253e+08
1.146109e+10 3.013389 0.000000e+00	0.000000e+00 8.565143e+08
1.144800e+10 2.997320 0.000000e+00	0.000000e+00 8.596194e+08
1.143490e+10 2.981379 0.000000e+00	0.000000e+00 8.627406e+08
1.142180e+10 2.965641 0.000000e+00	0.000000e+00 8.658778e+08
1.140870e+10 2.950030 0.000000e+00	0.000000e+00 8.690313e+08
1.139560e+10 2.934545 0.000000e+00	0.000000e+00 8.722010e+08
1.138250e+10 2.919253 0.000000e+00	0.000000e+00 8.753870e+08
1.136941e+10 2.904079 0.000000e+00	0.000000e+00 8.785893e+08
1.135631e+10 2.889029 0.000000e+00	0.000000e+00 8.818080e+08
1.134321e+10 2.874162 0.000000e+00	0.000000e+00 8.850432e+08
1.133011e+10 2.859408 0.000000e+00	0.000000e+00 8.882949e+08
1.131701e+10 2.844771 0.000000e+00	0.000000e+00 8.915631e+08
1.130391e+10 2.830311 0.000000e+00	0.000000e+00 8.948481e+08
1.129082e+10 2.815959 0.000000e+00	0.000000e+00 8.981497e+08
1.127772e+10 2.801715 0.000000e+00	0.000000e+00 9.014681e+08
1.126462e+10 2.787645 0.000000e+00	0.000000e+00 9.048033e+08
1.125152e+10 2.773679 0.000000e+00	0.000000e+00 9.081554e+08
1.123842e+10 2.759815 0.000000e+00	0.000000e+00 9.115244e+08
1.122532e+10 2.746113 0.000000e+00	0.000000e+00 9.149105e+08
1.121223e+10 2.732517 0.000000e+00	0.000000e+00 9.183137e+08
1.119913e+10 2.719020 0.000000e+00	0.000000e+00 9.217341e+08
1.118603e+10 2.705666 0.000000e+00	0.000000e+00 9.251717e+08
1.117293e+10 2.692426 0.000000e+00	0.000000e+00 9.286266e+08
1.115983e+10 2.679280 0.000000e+00	0.000000e+00 9.320988e+08
1.114673e+10 2.666259 0.000000e+00	0.000000e+00 9.355886e+08
1.113363e+10 2.653361 0.000000e+00	0.000000e+00 9.390958e+08
1.112054e+10 2.640553 0.000000e+00	0.000000e+00 9.426206e+08
1.110744e+10 2.627848 0.000000e+00	0.000000e+00 9.461631e+08
1.109434e+10 2.615278 0.000000e+00	0.000000e+00 9.497234e+08
1.108124e+10 2.602795 0.000000e+00	0.000000e+00 9.533015e+08
1.106814e+10 2.590398 0.000000e+00	0.000000e+00 9.568975e+08
1.105504e+10 2.578138 0.000000e+00	0.000000e+00 9.605115e+08
1.104195e+10 2.565967 0.000000e+00	0.000000e+00 9.641435e+08
1.102885e+10 2.553879 0.000000e+00	0.000000e+00 9.677937e+08
1.101575e+10 2.541902 0.000000e+00	0.000000e+00 9.714620e+08
1.100265e+10 2.530033 0.000000e+00	0.000000e+00 9.751487e+08
1.098955e+10 2.518242 0.000000e+00	0.000000e+00 9.788538e+08
1.097645e+10 2.506535 0.000000e+00	0.000000e+00 9.825774e+08
1.096336e+10 2.494955 0.000000e+00	0.000000e+00 9.863195e+08
1.095026e+10 2.483451 0.000000e+00	0.000000e+00 9.900802e+08
1.093716e+10 2.472022 0.000000e+00	0.000000e+00 9.938597e+08
1.092406e+10 2.460700 0.000000e+00	0.000000e+00 9.976580e+08
1.091096e+10 2.449472 0.000000e+00	0.000000e+00 1.001475e+09
1.089786e+10 2.438317 0.000000e+00	0.000000e+00 1.005311e+09
1.088477e+10 2.427236 0.000000e+00	0.000000e+00 1.009167e+09
1.087167e+10 2.416275 0.000000e+00	0.000000e+00 1.013041e+09
1.085857e+10 2.405383 0.000000e+00	0.000000e+00 1.016935e+09
1.084547e+10 2.394561 0.000000e+00	0.000000e+00 1.020848e+09
1.083237e+10 2.383828 0.000000e+00	0.000000e+00 1.024780e+09
1.081927e+10 2.373191 0.000000e+00	0.000000e+00 1.028732e+09
1.080617e+10 2.362621 0.000000e+00	0.000000e+00 1.032704e+09
1.079308e+10 2.352116 0.000000e+00	0.000000e+00 1.036695e+09
1.077998e+10 2.341713 0.000000e+00	0.000000e+00 1.040706e+09
1.076688e+10 2.331385 0.000000e+00	0.000000e+00 1.044737e+09
1.075378e+10 2.321121 0.000000e+00	0.000000e+00 1.048788e+09
1.074068e+10 2.310922 0.000000e+00	0.000000e+00 1.052860e+09
1.072758e+10 2.300829 0.000000e+00	0.000000e+00 1.056951e+09
1.071449e+10 2.290797 0.000000e+00	0.000000e+00 1.061063e+09
1.070139e+10 2.280826 0.000000e+00	0.000000e+00 1.065195e+09
1.068829e+10 2.270927 0.000000e+00	0.000000e+00 1.069347e+09
1.067519e+10 2.261119 0.000000e+00	0.000000e+00 1.073521e+09
1.066209e+10 2.251370 0.000000e+00	0.000000e+00 1.077715e+09
1.064899e+10 2.241680 0.000000e+00	0.000000e+00 1.081929e+09
1.063590e+10 2.232064 0.000000e+00	0.000000e+00 1.086165e+09
1.062280e+10 2.222530 0.000000e+00	0.000000e+00 1.090422e+09
1.060970e+10 2.213052 0.000000e+00	0.000000e+00 1.094700e+09
1.059660e+10 2.203629 0.000000e+00	0.000000e+00 1.098999e+09
1.058350e+10 2.194282 0.000000e+00	0.000000e+00 1.103319e+09
1.057040e+10 2.185010 0.000000e+00	0.000000e+00 1.107661e+09
1.055731e+10 2.175791 0.000000e+00	0.000000e+00 1.112025e+09
1.054421e+10 2.166626 0.000000e+00	0.000000e+00 1.116410e+09
1.053111e+10 2.157534 0.000000e+00	0.000000e+00 1.120817e+09
1.051801e+10 2.148512 0.000000e+00	0.000000e+00 1.125246e+09
1.050491e+10 2.139542 4.071109e+06	0.000000e+00 1.129697e+09
1.049181e+10 2.130623 7.992626e+06	0.000000e+00 1.134170e+09
1.047872e+10 2.121773 1.334562e+07	0.000000e+00 1.138665e+09
1.046562e+10 2.112992 2.022037e+07	0.000000e+00 1.143182e+09
1.045252e+10 2.104260 2.869119e+07	0.000000e+00 1.147723e+09
1.043942e+10 2.095577 3.881979e+07	0.000000e+00 1.152285e+09
1.042632e+10 2.086957 5.065767e+07	0.000000e+00 1.156871e+09
1.041322e+10 2.078407 6.424765e+07	0.000000e+00 1.179070e+09
1.040012e+10 2.069904 7.962438e+07	0.000000e+00 1.218648e+09
1.038703e+10 2.061447 9.681576e+07	0.000000e+00 1.259333e+09
1.037393e+10 2.053045 1.158440e+08	0.000000e+00 1.301149e+09
1.036083e+10 2.044717 1.367265e+08	0.000000e+00 1.344121e+09
1.034773e+10 2.036433 1.594754e+08	0.000000e+00 1.388276e+09
1.033463e+10 2.028194 1.840984e+08	0.000000e+00 1.433639e+09
1.032153e+10 2.020000 2.105994e+08	0.000000e+00 1.480236e+09
1.030844e+10 2.011884 2.389807e+08	0.000000e+00 1.528094e+09
1.029534e+10 2.003811 2.692397e+08	0.000000e+00 1.577240e+09
1.028224e+10 1.995781 3.013713e+08	0.000000e+00 1.627346e+09
1.026914e+10 1.987794 3.353677e+08	0.000000e+00 1.678147e+09
1.025604e+10 1.979872 3.712204e+08	0.000000e+00 1.729700e+09
1.024294e+10 1.972002 4.089178e+08	0.000000e+00 1.782009e+09
1.022985e+10 1.964173 4.484463e+08	0.000000e+00 1.835074e+09
1.021675e+10 1.956386 4.897903e+08	0.000000e+00 1.888894e+09
1.020365e+10 1.948649 5.329336e+08	0.000000e+00 1.943465e+09
1.019055e+10 1.940974 5.778595e+08	1.469606e+07 1.998784e+09
1.017745e+10 1.933338 6.245484e+08	2.687471e+07 2.054847e+09
1.016435e+10 1.925742 6.729796e+08	4.198432e+07 2.111647e+09
1.015126e+10 1.918185 7.231317e+08	5.161877e+07 2.169180e+09
1.013816e+10 1.910694 7.749845e+08	6.270177e+07 2.227440e+09
1.012506e+10 1.903244 8.285151e+08	7.533427e+07 2.286422e+09
1.011196e+10 1.895832 8.836993e+08	8.961302e+07 2.346119e+09
1.009886e+10 1.888458 9.405130e+08	1.056300e+08 2.406523e+09
1.008576e+10 1.881133 9.989320e+08	1.234731e+08 2.467629e+09
1.007266e+10 1.873862 1.058933e+09	1.432250e+08 2.529430e+09
1.005957e+10 1.866627 1.120489e+09	1.649616e+08 2.591920e+09
1.004647e+10 1.859429 1.183575e+09	1.887527e+08 2.655091e+09
1.003337e+10 1.852267 1.248164e+09	2.146619e+08 2.718934e+09
1.002027e+10 1.845164 1.314232e+09	2.427494e+08 2.783445e+09
1.000717e+10 1.838100 1.381753e+09	2.730668e+08 2.848615e+09
9.994074e+09 1.831072 1.450698e+09	3.056592e+08 2.914437e+09
9.980976e+09 1.824078 1.521042e+09	3.405657e+08 2.980902e+09
9.967878e+09 1.817123 1.592758e+09	3.778197e+08 3.048003e+09
9.954779e+09 1.810224 1.665821e+09	4.174515e+08 3.115733e+09
9.941681e+09 1.803359 1.740203e+09	4.594822e+08 3.184085e+09
9.928582e+09 1.796527 1.815878e+09	5.039274e+08 3.253048e+09
9.915484e+09 1.789728 1.892819e+09	5.507973e+08 3.322616e+09
9.902386e+09 1.782974 1.970999e+09	6.000992e+08 3.392781e+09
9.889287e+09 1.776267 2.050394e+09	6.518360e+08 3.463536e+09
9.876189e+09 1.769591 2.130977e+09	7.060028e+08 3.534872e+09
9.863091e+09 1.762947 2.212721e+09	7.625906e+08 3.606780e+09
9.849992e+09 1.756335 2.295600e+09	8.215861e+08 3.679252e+09
9.836894e+09 1.749772 2.379589e+09	8.829761e+08 3.752280e+09
9.823795e+09 1.743247 2.464664e+09	9.467414e+08 3.825858e+09
9.810697e+09 1.736752 2.550798e+09	1.012857e+09 3.899976e+09
9.797599e+09 1.730289 2.637966e+09	1.081296e+09 3.974626e+09
9.784500e+09 1.723856 2.726141e+09	1.152027e+09 4.049798e+09
9.771402e+09 1.717472 2.815303e+09	1.225023e+09 4.125486e+09
9.758303e+09 1.711122 2.905427e+09	1.300247e+09 4.201683e+09
9.745205e+09 1.704802 2.996486e+09	1.377663e+09 4.278379e+09
9.732107e+09 1.698511 3.088458e+09	1.448457e+09 4.355565e+09
9.719008e+09 1.692249 3.181317e+09	1.457728e+09 4.433232e+09
9.705910e+09 1.686036 3.275044e+09	1.467452e+09 4.511375e+09
9.692811e+09 1.679854 3.369614e+09	1.477649e+09 4.589986e+09
9.679713e+09 1.673700 3.465004e+09	1.488337e+09 4.669054e+09
9.666615e+09 1.667575 3.561191e+09	1.499537e+09 4.748572e+09
9.653516e+09 1.661477 3.658152e+09	1.511272e+09 4.828531e+09
9.640418e+09 1.655426 3.755868e+09	1.523561e+09 4.908925e+09
9.627319e+09 1.649405 3.854317e+09	1.536430e+09 4.989746e+09
9.614221e+09 1.643411 3.953476e+09	1.549902e+09 5.070984e+09
9.601123e+09 1.637444 4.053325e+09	1.564005e+09 5.152632e+09
9.588024e+09 1.631504 4.153841e+09	1.578766e+09 5.234680e+09
9.574926e+09 1.625607 4.255007e+09	1.594212e+09 5.317124e+09
9.561827e+09 1.619740 4.356803e+09	1.610374e+09 5.399954e+09
9.548729e+09 1.613899 4.459208e+09	1.627283e+09 5.483163e+09
9.535631e+09 1.608084 4.562202e+09	1.644972e+09 5.566741e+09
9.522532e+09 1.602295 4.665764e+09	1.663477e+09 5.650682e+09
9.509434e+09 1.596544 4.769879e+09	1.682832e+09 5.734977e+09
9.496335e+09 1.590825 4.874527e+09	1.703076e+09 5.819621e+09
9.483237e+09 1.585132 4.979690e+09	1.724248e+09 5.904605e+09
9.470139e+09 1.579463 5.085349e+09	1.746391e+09 5.989920e+09
9.457040e+09 1.573819 5.191485e+09	1.769549e+09 6.075559e+09
9.443942e+09 1.568207 5.298083e+09	1.793766e+09 6.161515e+09
9.430844e+09 1.562630 5.405126e+09	1.819090e+09 6.247782e+09
9.417745e+09 1.557078 5.512597e+09	1.845572e+09 6.334351e+09
9.404647e+09 1.551549 5.620479e+09	1.873264e+09 6.421215e+09
9.391548e+09 1.546045 5.728753e+09	1.902222e+09 6.508365e+09
9.378450e+09 1.540565 5.837406e+09	1.932503e+09 6.595795e+09
9.365352e+09 1.535125 5.946422e+09	1.964166e+09 6.683500e+09
9.352253e+09 1.529709 6.055787e+09	1.997274e+09 6.771472e+09
9.339155e+09 1.524315 6.165484e+09	2.031894e+09 6.859702e+09
9.326056e+09 1.518944 6.275497e+09	2.068094e+09 6.948184e+09
9.312958e+09 1.513596 6.385811e+09	2.105949e+09 7.036910e+09
9.299860e+09 1.508282 6.496415e+09	2.145529e+09 7.125876e+09
9.286761e+09 1.502996 6.607293e+09	2.186914e+09 7.215073e+09
9.273663e+09 1.497732 6.718432e+09	2.230185e+09 7.304495e+09
9.260564e+09 1.492490 6.829817e+09	2.275430e+09 7.394135e+09
9.247466e+09 1.487270 6.941434e+09	2.322737e+09 7.483986e+09
9.234368e+09 1.482075 7.053270e+09	2.372199e+09 7.574041e+09
9.221269e+09 1.476914 7.165315e+09	2.423910e+09 7.664295e+09
9.208171e+09 1.471775 7.277556e+09	2.477970e+09 7.754741e+09
9.195072e+09 1.466656 7.389978e+09	2.534485e+09 7.845373e+09
9.181974e+09 1.461559 7.502569e+09	2.593565e+09 7.936184e+09
9.168876e+09 1.456483 7.615318e+09	2.655324e+09 8.027167e+09
9.155777e+09 1.451438 7.728213e+09	2.719875e+09 8.118316e+09
9.142679e+09 1.446418 7.841245e+09	2.787338e+09 8.209627e+09
9.129580e+09 1.441419 7.954400e+09	2.857841e+09 8.301093e+09
9.116482e+09 1.436441 8.067668e+09	2.931514e+09 8.392707e+09
9.103384e+09 1.431482 8.181036e+09	3.008494e+09 8.484463e+09
9.090285e+09 1.426544 8.294495e+09	3.088921e+09 8.576355e+09
9.077187e+09 1.421640 8.408036e+09	3.172932e+09 8.668378e+09
9.064088e+09 1.416755 8.521648e+09	3.260676e+09 8.760527e+09
9.050990e+09 1.411891 8.635321e+09	3.352309e+09 8.852796e+09
9.037892e+09 1.407045 8.749045e+09	3.447987e+09 8.945178e+09
9.024793e+09 1.402220 8.862809e+09	3.547874e+09 9.037668e+09
9.011695e+09 1.397417 8.976604e+09	3.652135e+09 9.130259e+09
8.998597e+09 1.392643 9.090423e+09	3.760934e+09 9.222949e+09
8.985498e+09 1.387888 9.204257e+09	3.874448e+09 9.315732e+09
8.972400e+09 1.383152 9.318095e+09	3.992856e+09 9.408600e+09
8.959301e+09 1.378435 9.431929e+09	4.114528e+09 9.501550e+09
8.946203e+09 1.373736 9.545750e+09	4.236147e+09 9.594575e+09
8.933105e+09 1.369062 9.659551e+09	4.358307e+09 9.687671e+09
8.920006e+09 1.364413 9.773324e+09	4.481077e+09 9.780833e+09
8.906908e+09 1.359782 9.887061e+09	4.604477e+09 9.887061e+09
8.893809e+09 1.355169 1.000075e+10	4.728508e+09 1.000075e+10
8.880711e+09 1.350574 1.011439e+10	4.853161e+09 1.011439e+10
8.867613e+09 1.345997 1.022797e+10	4.978423e+09 1.022797e+10
8.854514e+09 1.341445 1.034149e+10	5.104276e+09 1.034149e+10
8.841416e+09 1.336915 1.045493e+10	5.230704e+09 1.045493e+10
8.828317e+09 1.332403 1.056829e+10	5.357683e+09 1.056829e+10
8.815219e+09 1.327908 1.068156e+10	5.485191e+09 1.068156e+10
8.802121e+09 1.323430 1.079474e+10	5.613204e+09 1.079474e+10
8.789022e+09 1.318970 1.090782e+10	5.741698e+09 1.090782e+10
8.775924e+09 1.314534 1.102079e+10	5.870651e+09 1.102079e+10
8.762825e+09 1.310118 1.113365e+10	6.000041e+09 1.113365e+10
8.749727e+09 1.305720 1.124639e+10	6.129844e+09 1.124639e+10
8.736629e+09 1.301338 1.135900e+10	6.260035e+09 1.135900e+10
8.723530e+09 1.296973 1.147148e+10	6.390590e+09 1.147148e+10
8.710432e+09 1.292625 1.158383e+10	6.521486e+09 1.158383e+10
8.697333e+09 1.288299 1.169603e+10	6.652702e+09 1.169603e+10
8.684235e+09 1.283994 1.180809e+10	6.784217e+09 1.180809e+10
8.671137e+09 1.279704 1.191999e+10	6.916008e+09 1.191999e+10
8.658038e+09 1.275431 1.203174e+10	7.048052e+09 1.203174e+10
8.644940e+09 1.271174 1.214332e+10	7.180329e+09 1.214332e+10
8.631841e+09 1.266933 1.225473e+10	7.312815e+09 1.225473e+10
8.618743e+09 1.262712 1.236598e+10	7.445492e+09 1.236598e+10
8.605645e+09 1.258512 1.247704e+10	7.578343e+09 1.247704e+10
8.592546e+09 1.254328 1.258792e+10	7.711345e+09 1.258792e+10
8.579448e+09 1.250159 1.269862e+10	7.844480e+09 1.269862e+10
8.566350e+09 1.246006 1.280912e+10	7.977728e+09 1.280912e+10
8.553251e+09 1.241868 1.291943e+10	8.111070e+09 1.291943e+10
8.540153e+09 1.237747 1.302954e+10	8.244488e+09 1.302954e+10
8.527054e+09 1.233648 1.313945e+10	8.377969e+09 1.313945e+10
8.513956e+09 1.229565 1.324915e+10	8.511492e+09 1.324915e+10
8.500858e+09 1.225496 1.335864e+10	8.645042e+09 1.335864e+10
8.487759e+09 1.221442 1.346791e+10	8.778602e+09 1.346791e+10
8.474661e+09 1.217403 1.357697e+10	8.912154e+09 1.357697e+10
8.461562e+09 1.213378 1.368580e+10	9.045683e+09 1.368580e+10
8.448464e+09 1.209376 1.379441e+10	9.179178e+09 1.379441e+10
8.435366e+09 1.205390 1.390279e+10	9.312622e+09 1.390279e+10
8.422267e+09 1.201417 1.401094e+10	9.446002e+09 1.401094e+10
8.409169e+09 1.197459 1.411885e+10	9.579301e+09 1.411885e+10
8.396070e+09 1.193515 1.422653e+10	9.712507e+09 1.422653e+10
8.382972e+09 1.189585 1.433396e+10	9.845606e+09 1.433396e+10
8.369874e+09 1.185673 1.444115e+10	9.978587e+09 1.444115e+10
8.356775e+09 1.181779 1.454809e+10	1.011144e+10 1.454809e+10
8.343677e+09 1.177899 1.465478e+10	1.024414e+10 1.465478e+10
8.330578e+09 1.174033 1.476122e+10	1.037670e+10 1.476122e+10
8.317480e+09 1.170180 1.486741e+10	1.050908e+10 1.486741e+10
8.304382e+09 1.166341 1.497333e+10	1.064129e+10 1.497333e+10
8.291283e+09 1.162516 1.507900e+10	1.077331e+10 1.507900e+10
8.278185e+09 1.158712 1.518440e+10	1.090513e+10 1.518440e+10
8.265086e+09 1.154921 1.528954e+10	1.103674e+10 1.528954e+10
8.251988e+09 1.151143 1.539442e+10	1.116813e+10 1.539442e+10
8.238890e+09 1.147378 1.549902e+10	1.129930e+10 1.549902e+10
8.225791e+09 1.143627 1.560335e+10	1.143023e+10 1.560335e+10
8.212693e+09 1.139888 1.570741e+10	1.156091e+10 1.570741e+10
8.199594e+09 1.136166 1.581119e+10	1.169133e+10 1.581119e+10
8.186496e+09 1.132460 1.591470e+10	1.182150e+10 1.591470e+10
8.173398e+09 1.128768 1.601793e+10	1.195140e+10 1.601793e+10
8.160299e+09 1.125088 1.612087e+10	1.208105e+10 1.612087e+10
8.147201e+09 1.121420 1.622354e+10	1.221045e+10 1.622354e+10
8.134103e+09 1.117766 1.632592e+10	1.233957e+10 1.632592e+10
8.121004e+09 1.114123 1.642801e+10	1.246843e+10 1.642801e+10
8.107906e+09 1.110499 1.652981e+10	1.259702e+10 1.652981e+10
8.094807e+09 1.106888 1.663133e+10	1.272532e+10 1.663133e+10
8.081709e+09 1.103289 1.673256e+10	1.285334e+10 1.673256e+10
8.068611e+09 1.099703 1.683349e+10	1.298107e+10 1.683349e+10
8.055512e+09 1.096129 1.693413e+10	1.310850e+10 1.693413e+10
8.042414e+09 1.092567 1.703448e+10	1.323564e+10 1.703448e+10
8.029315e+09 1.089017 1.713453e+10	1.336248e+10 1.713453e+10
8.016217e+09 1.085485 1.723429e+10	1.348901e+10 1.723429e+10
8.003119e+09 1.081965 1.733374e+10	1.361523e+10 1.733374e+10
7.990020e+09 1.078456 1.743290e+10	1.374113e+10 1.743290e+10
7.976922e+09 1.074960 1.753176e+10	1.386672e+10 1.753176e+10
7.963823e+09 1.071475 1.763031e+10	1.399199e+10 1.763586e+10
7.950725e+09 1.068002 1.772857e+10	1.411694e+10 1.775672e+10
7.937627e+09 1.064542 1.782652e+10	1.424156e+10 1.787710e+10
7.924528e+09 1.061097 1.792416e+10	1.436585e+10 1.799702e+10
7.911430e+09 1.057664 1.802151e+10	1.448981e+10 1.811648e+10
7.898331e+09 1.054242 1.811854e+10	1.461344e+10 1.823548e+10
7.885233e+09 1.050831 1.821527e+10	1.473672e+10 1.835402e+10
7.872135e+09 1.047432 1.831170e+10	1.485967e+10 1.847212e+10
7.859036e+09 1.044044 1.840781e+10	1.498228e+10 1.858977e+10
7.845938e+09 1.040669 1.850362e+10	1.510454e+10 1.870699e+10
7.832839e+09 1.037308 1.859912e+10	1.522645e+10 1.882376e+10
7.819741e+09 1.033958 1.869431e+10	1.534802e+10 1.894011e+10
7.806643e+09 1.030619 1.878919e+10	1.546924e+10 1.905602e+10
7.793544e+09 1.027292 1.888376e+10	1.559011e+10 1.917151e+10
7.780446e+09 1.023975 1.897801e+10	1.571062e+10 1.928658e+10
7.767348e+09 1.020668 1.907196e+10	1.583077e+10 1.940123e+10
7.754249e+09 1.017374 1.916559e+10	1.595057e+10 1.951546e+10
7.741151e+09 1.014094 1.925892e+10	1.607002e+10 1.962928e+10
7.728052e+09 1.010824 1.935193e+10	1.618910e+10 1.974269e+10
7.714954e+09 1.007565 1.944462e+10	1.630782e+10 1.985570e+10
7.701856e+09 1.004316 1.953701e+10	1.642618e+10 1.996831e+10
7.688757e+09 1.001078 1.962908e+10	1.654418e+10 2.008051e+10
7.675659e+09 0.997850 1.972084e+10	1.666181e+10 2.019232e+10
7.662560e+09 0.994634 1.981228e+10	1.677908e+10 2.030374e+10
7.649462e+09 0.991431 1.990341e+10	1.689598e+10 2.041476e+10
7.636364e+09 0.988238 1.999423e+10	1.701252e+10 2.052540e+10
7.623265e+09 0.985055 2.008473e+10	1.712868e+10 2.063566e+10
7.610167e+09 0.981883 2.017492e+10	1.724448e+10 2.074553e+10
7.597068e+09 0.978720 2.026479e+10	1.735992e+10 2.085502e+10
7.583970e+09 0.975568 2.035435e+10	1.747498e+10 2.096414e+10
7.570872e+09 0.972426 2.044360e+10	1.758967e+10 2.107288e+10
7.557773e+09 0.969296 2.053253e+10	1.770399e+10 2.118125e+10
7.544675e+09 0.966177 2.062115e+10	1.781794e+10 2.128926e+10
7.531576e+09 0.963068 2.070945e+10	1.793152e+10 2.139690e+10
7.518478e+09 0.959969 2.079744e+10	1.804473e+10 2.150417e+10
7.505380e+09 0.956879 2.088512e+10	1.815757e+10 2.161109e+10
7.492281e+09 0.953799 2.097248e+10	1.827004e+10 2.171765e+10
7.479183e+09 0.950729 2.105953e+10	1.838213e+10 2.182385e+10
7.466084e+09 0.947670 2.114626e+10	1.849386e+10 2.192970e+10
7.452986e+09 0.944622 2.123268e+10	1.860521e+10 2.203519e+10
7.439888e+09 0.941584 2.131879e+10	1.871619e+10 2.214034e+10
7.426789e+09 0.938554 2.140459e+10	1.882680e+10 2.224515e+10
7.413691e+09 0.935535 2.149008e+10	1.893704e+10 2.234961e+10
7.400592e+09 0.932524 2.157525e+10	1.904690e+10 2.245373e+10
7.387494e+09 0.929523 2.166011e+10	1.915640e+10 2.255751e+10
7.374396e+09 0.926532 2.174466e+10	1.926552e+10 2.266095e+10
7.361297e+09 0.923552 2.182889e+10	1.937427e+10 2.276407e+10
7.348199e+09 0.920582 2.191282e+10	1.948266e+10 2.286684e+10
7.335101e+09 0.917620 2.199644e+10	1.959067e+10 2.296929e+10
7.322002e+09 0.914668 2.207974e+10	1.969831e+10 2.307142e+10
7.308904e+09 0.911724 2.216274e+10	1.980559e+10 2.317321e+10
7.295805e+09 0.908790 2.224543e+10	1.991249e+10 2.327468e+10
7.282707e+09 0.905864 2.232780e+10	2.001903e+10 2.337584e+10
7.269609e+09 0.902950 2.240987e+10	2.012520e+10 2.347667e+10
7.256510e+09 0.900044 2.249164e+10	2.023100e+10 2.357719e+10
7.243412e+09 0.897147 2.257309e+10	2.033595e+10 2.367723e+10
7.230313e+09 0.894260 2.265424e+10	2.044012e+10 2.377682e+10
7.217215e+09 0.891381 2.273508e+10	2.054354e+10 2.387598e+10
7.204117e+09 0.888510 2.281561e+10	2.064621e+10 2.397469e+10
7.191018e+09 0.885649 2.289584e+10	2.074816e+10 2.407298e+10
7.177920e+09 0.882796 2.297576e+10	2.084939e+10 2.417083e+10
7.164821e+09 0.879953 2.305538e+10	2.094990e+10 2.426825e+10
7.151723e+09 0.877119 2.313469e+10	2.104971e+10 2.436525e+10
7.138625e+09 0.874294 2.321370e+10	2.114881e+10 2.446182e+10
7.125526e+09 0.871476 2.329241e+10	2.124723e+10 2.455797e+10
7.112428e+09 0.868668 2.337082e+10	2.134495e+10 2.465371e+10
7.099329e+09 0.865867 2.344892e+10	2.144200e+10 2.474902e+10
7.086231e+09 0.863076 2.352672e+10	2.153837e+10 2.484392e+10
7.073133e+09 0.860293 2.360423e+10	2.163407e+10 2.493841e+10
7.060034e+09 0.857519 2.368143e+10	2.172911e+10 2.503248e+10
7.046936e+09 0.854753 2.375833e+10	2.182349e+10 2.512615e+10
7.033837e+09 0.851996 2.383494e+10	2.191721e+10 2.521941e+10
7.020739e+09 0.849246 2.391124e+10	2.201029e+10 2.531226e+10
7.007641e+09 0.846505 2.398725e+10	2.210272e+10 2.540471e+10
6.994542e+09 0.843772 2.406296e+10	2.219451e+10 2.549675e+10
6.981444e+09 0.841047 2.413838e+10	2.228567e+10 2.558840e+10
6.968345e+09 0.838331 2.421350e+10	2.237620e+10 2.567965e+10
6.955247e+09 0.835623 2.428832e+10	2.246611e+10 2.577050e+10
6.942149e+09 0.832923 2.436286e+10	2.255539e+10 2.586096e+10
6.929050e+09 0.830230 2.443710e+10	2.264407e+10 2.595102e+10
6.915952e+09 0.827546 2.451104e+10	2.273213e+10 2.604070e+10
6.902854e+09 0.824870 2.458469e+10	2.281959e+10 2.612998e+10
6.889755e+09 0.822201 2.465806e+10	2.290644e+10 2.621888e+10
6.876657e+09 0.819540 2.473113e+10	2.299270e+10 2.630739e+10
6.863558e+09 0.816888 2.480391e+10	2.307837e+10 2.639551e+10
6.850460e+09 0.814243 2.487641e+10	2.316345e+10 2.648326e+10
6.837362e+09 0.811606 2.494861e+10	2.324795e+10 2.657062e+10
6.824263e+09 0.808976 2.502053e+10	2.333187e+10 2.665761e+10
6.811165e+09 0.806354 2.509216e+10	2.341521e+10 2.674422e+10
6.798066e+09 0.803740 2.516351e+10	2.349798e+10 2.683045e+10
6.784968e+09 0.801133 2.523457e+10	2.358019e+10 2.691631e+10
6.771870e+09 0.798534 2.530534e+10	2.366184e+10 2.700180e+10
6.758771e+09 0.795942 2.537583e+10	2.374293e+10 2.708692e+10
6.745673e+09 0.793358 2.544604e+10	2.382347e+10 2.717167e+10
6.732574e+09 0.790782 2.551597e+10	2.389891e+10 2.725606e+10
6.719476e+09 0.788212 2.558561e+10	2.396778e+10 2.734008e+10
6.706378e+09 0.785650 2.565498e+10	2.403644e+10 2.742374e+10
6.693279e+09 0.783096 2.572406e+10	2.410488e+10 2.750703e+10
6.680181e+09 0.780548 2.579287e+10	2.417311e+10 2.758997e+10
6.667082e+09 0.778008 2.586140e+10	2.424113e+10 2.767255e+10
6.653984e+09 0.775475 2.592965e+10	2.430893e+10 2.775478e+10
6.640886e+09 0.772950 2.599762e+10	2.437652e+10 2.783665e+10
6.627787e+09 0.770431 2.606532e+10	2.444389e+10 2.791816e+10
6.614689e+09 0.767919 2.613274e+10	2.451106e+10 2.799933e+10
6.601590e+09 0.765415 2.619989e+10	2.457801e+10 2.808015e+10
6.588492e+09 0.762918 2.626677e+10	2.464475e+10 2.816062e+10
6.575394e+09 0.760428 2.633337e+10	2.471128e+10 2.824075e+10
6.562295e+09 0.757944 2.639971e+10	2.477759e+10 2.832053e+10
6.549197e+09 0.755468 2.646577e+10	2.484370e+10 2.839997e+10
6.536098e+09 0.752998 2.653156e+10	2.490959e+10 2.847906e+10
6.523000e+09 0.750535 2.659708e+10	2.497527e+10 2.855782e+10
6.509902e+09 0.748079 2.666233e+10	2.504074e+10 2.863625e+10
6.496803e+09 0.745630 2.672732e+10	2.510600e+10 2.871433e+10
6.483705e+09 0.743188 2.679204e+10	2.517105e+10 2.879208e+10
6.470607e+09 0.740753 2.685650e+10	2.523588e+10 2.886950e+10
6.457508e+09 0.738324 2.692068e+10	2.530051e+10 2.894659e+10
6.444410e+09 0.735902 2.698461e+10	2.536493e+10 2.902336e+10
6.431311e+09 0.733486 2.704827e+10	2.542914e+10 2.909979e+10
6.418213e+09 0.731076 2.711167e+10	2.549089e+10 2.917590e+10
6.405115e+09 0.728674 2.717481e+10	2.554470e+10 2.925168e+10
6.392016e+09 0.726278 2.723769e+10	2.559828e+10 2.932714e+10
6.378918e+09 0.723889 2.730030e+10	2.565162e+10 2.940228e+10
6.365819e+09 0.721506 2.736266e+10	2.570474e+10 2.947710e+10
6.352721e+09 0.719130 2.742476e+10	2.575763e+10 2.955161e+10
6.339623e+09 0.716760 2.748661e+10	2.581030e+10 2.962579e+10
6.326524e+09 0.714396 2.754819e+10	2.586275e+10 2.969967e+10
6.313426e+09 0.712039 2.760952e+10	2.591497e+10 2.977323e+10
6.300327e+09 0.709688 2.767060e+10	2.596697e+10 2.984647e+10
6.287229e+09 0.707343 2.773142e+10	2.601876e+10 2.991941e+10
6.274131e+09 0.705005 2.779199e+10	2.607033e+10 2.999204e+10
6.261032e+09 0.702673 2.785231e+10	2.612168e+10 3.006437e+10
6.247934e+09 0.700347 2.791238e+10	2.617282e+10 3.013639e+10
6.234835e+09 0.698028 2.797219e+10	2.622374e+10 3.020798e+10
6.221737e+09 0.695714 2.803176e+10	2.627446e+10 3.027915e+10
6.208639e+09 0.693406 2.809108e+10	2.632496e+10 3.034990e+10
6.195540e+09 0.691104 2.815015e+10	2.637526e+10 3.042025e+10
6.182442e+09 0.688809 2.820897e+10	2.642535e+10 3.049019e+10
6.169343e+09 0.686519 2.826755e+10	2.647523e+10 3.055973e+10
6.156245e+09 0.684236 2.832588e+10	2.652492e+10 3.062887e+10
6.143147e+09 0.681960 2.838396e+10	2.657439e+10 3.069762e+10
6.130048e+09 0.679689 2.844181e+10	2.662367e+10 3.076598e+10
6.116950e+09 0.677423 2.849941e+10	2.667275e+10 3.083396e+10
6.103851e+09 0.675163 2.855677e+10	2.672163e+10 3.090155e+10
6.090753e+09 0.672909 2.861389e+10	2.677031e+10 3.096876e+10
6.077655e+09 0.670661 2.867076e+10	2.681880e+10 3.103559e+10
6.064556e+09 0.668419 2.872740e+10	2.686709e+10 3.110205e+10
6.051458e+09 0.666183 2.878380e+10	2.691519e+10 3.116814e+10
6.038360e+09 0.663953 2.883997e+10	2.696310e+10 3.123386e+10
6.025261e+09 0.661729 2.889589e+10	2.701082e+10 3.129921e+10
6.012163e+09 0.659510 2.895158e+10	2.705835e+10 3.136419e+10
5.999064e+09 0.657296 2.900704e+10	2.710569e+10 3.142882e+10
5.985966e+09 0.655088 2.906226e+10	2.715285e+10 3.149309e+10
5.972868e+09 0.652885 2.911725e+10	2.719982e+10 3.155700e+10
5.959769e+09 0.650689 2.917200e+10	2.724661e+10 3.162055e+10
5.946671e+09 0.648498 2.922653e+10	2.729321e+10 3.168376e+10
5.933572e+09 0.646313 2.928082e+10	2.733964e+10 3.174661e+10
5.920474e+09 0.644134 2.933488e+10	2.738588e+10 3.180912e+10
5.907376e+09 0.641961 2.938872e+10	2.743194e+10 3.187129e+10
5.894277e+09 0.639792 2.944232e+10	2.747783e+10 3.193311e+10
5.881179e+09 0.637628 2.949570e+10	2.752354e+10 3.199459e+10
5.868080e+09 0.635469 2.954885e+10	2.756908e+10 3.205574e+10
5.854982e+09 0.633317 2.960178e+10	2.761444e+10 3.211655e+10
5.841884e+09 0.631169 2.965448e+10	2.765963e+10 3.217703e+10
5.828785e+09 0.629028 2.970696e+10	2.770465e+10 3.223718e+10
5.815687e+09 0.626892 2.975921e+10	2.774949e+10 3.229700e+10
5.802588e+09 0.624762 2.981124e+10	2.779417e+10 3.235650e+10
5.789490e+09 0.622637 2.986305e+10	2.783868e+10 3.241567e+10
5.776392e+09 0.620516 2.991465e+10	2.788302e+10 3.247452e+10
5.763293e+09 0.618400 2.996602e+10	2.792720e+10 3.253305e+10
5.750195e+09 0.616289 3.001717e+10	2.797121e+10 3.259126e+10
5.737096e+09 0.614184 3.006810e+10	2.801506e+10 3.264916e+10
5.723998e+09 0.612084 3.011881e+10	2.805875e+10 3.270674e+10
5.710900e+09 0.609990 3.016931e+10	2.810227e+10 3.276402e+10
5.697801e+09 0.607901 3.021960e+10	2.814564e+10 3.282098e+10
5.684703e+09 0.605818 3.026966e+10	2.818885e+10 3.287764e+10
5.671604e+09 0.603740 3.031952e+10	2.823189e+10 3.293400e+10
5.658506e+09 0.601665 3.036916e+10	2.827478e+10 3.299005e+10
5.645408e+09 0.599595 3.041859e+10	2.831752e+10 3.304580e+10
5.632309e+09 0.597531 3.046781e+10	2.836010e+10 3.310125e+10
5.619211e+09 0.595471 3.051681e+10	2.840252e+10 3.315640e+10
5.606113e+09 0.593417 3.056561e+10	2.844480e+10 3.321126e+10
5.593014e+09 0.591369 3.061420e+10	2.848692e+10 3.326583e+10
5.579916e+09 0.589325 3.066257e+10	2.852889e+10 3.332010e+10
5.566817e+09 0.587287 3.071075e+10	2.857071e+10 3.337409e+10
5.553719e+09 0.585254 3.075871e+10	2.861238e+10 3.342779e+10
5.540621e+09 0.583223 3.080647e+10	2.865391e+10 3.348120e+10
5.527522e+09 0.581198 3.085402e+10	2.869528e+10 3.353433e+10
5.514424e+09 0.579177 3.090137e+10	2.873651e+10 3.358718e+10
5.501325e+09 0.577162 3.094852e+10	2.877760e+10 3.363974e+10
5.488227e+09 0.575152 3.099546e+10	2.881854e+10 3.369203e+10
5.475129e+09 0.573147 3.104220e+10	2.885934e+10 3.374405e+10
5.462030e+09 0.571147 3.108874e+10	2.890000e+10 3.379579e+10
5.448932e+09 0.569152 3.113508e+10	2.894052e+10 3.384725e+10
5.435833e+09 0.567162 3.118122e+10	2.898090e+10 3.389845e+10
5.422735e+09 0.565175 3.122716e+10	2.902113e+10 3.394938e+10
5.409637e+09 0.563192 3.127290e+10	2.906123e+10 3.400003e+10
5.396538e+09 0.561214 3.131844e+10	2.910119e+10 3.405043e+10
5.383440e+09 0.559241 3.136379e+10	2.914102e+10 3.410056e+10
5.370341e+09 0.557273 3.140894e+10	2.918071e+10 3.415042e+10
5.357243e+09 0.555310 3.145390e+10	2.922027e+10 3.420003e+10
5.344145e+09 0.553352 3.149866e+10	2.925969e+10 3.424938e+10
5.331046e+09 0.551399 3.154323e+10	2.929898e+10 3.429847e+10
5.317948e+09 0.549450 3.158761e+10	2.933814e+10 3.434730e+10
5.304849e+09 0.547505 3.163180e+10	2.937716e+10 3.439588e+10
5.291751e+09 0.545563 3.167579e+10	2.941606e+10 3.444421e+10
5.278653e+09 0.543626 3.171959e+10	2.945483e+10 3.449229e+10
5.265554e+09 0.541694 3.176321e+10	2.949346e+10 3.454012e+10
5.252456e+09 0.539766 3.180663e+10	2.953197e+10 3.458770e+10
5.239358e+09 0.537844 3.184987e+10	2.957036e+10 3.463503e+10
5.226259e+09 0.535926 3.189292e+10	2.960862e+10 3.468212e+10
5.213161e+09 0.534013 3.193578e+10	2.964675e+10 3.472897e+10
5.200062e+09 0.532105 3.197846e+10	2.968476e+10 3.477557e+10
5.186964e+09 0.530200 3.202095e+10	2.972264e+10 3.482194e+10
5.173866e+09 0.528297 3.206326e+10	2.976040e+10 3.486807e+10
5.160767e+09 0.526400 3.210538e+10	2.979804e+10 3.491396e+10
5.147669e+09 0.524507 3.214732e+10	2.983556e+10 3.495961e+10
5.134570e+09 0.522618 3.218908e+10	2.987296e+10 3.500504e+10
5.121472e+09 0.520735 3.223066e+10	2.991024e+10 3.505022e+10
5.108374e+09 0.518856 3.227206e+10	2.994740e+10 3.509518e+10
5.095275e+09 0.516981 3.231327e+10	2.998444e+10 3.513991e+10
5.082177e+09 0.515112 3.235431e+10	3.002137e+10 3.518441e+10
5.069078e+09 0.513246 3.239517e+10	3.005818e+10 3.522869e+10
5.055980e+09 0.511382 3.243585e+10	3.009487e+10 3.527274e+10
5.042882e+09 0.509522 3.247635e+10	3.013145e+10 3.531656e+10
5.029783e+09 0.507667 3.251668e+10	3.016792e+10 3.536017e+10
5.016685e+09 0.505816 3.255683e+10	3.020427e+10 3.540355e+10
5.003586e+09 0.503970 3.259681e+10	3.024050e+10 3.544671e+10
4.990488e+09 0.502129 3.263661e+10	3.027663e+10 3.548966e+10
4.977390e+09 0.500291 3.267624e+10	3.031265e+10 3.553239e+10
4.964291e+09 0.498459 3.271569e+10	3.034855e+10 3.557467e+10
4.951193e+09 0.496631 3.275498e+10	3.038434e+10 3.561653e+10
4.938094e+09 0.494804 3.279409e+10	3.042003e+10 3.565796e+10
4.924996e+09 0.492981 3.283303e+10	3.045561e+10 3.569898e+10
4.911898e+09 0.491162 3.287180e+10	3.049108e+10 3.573960e+10
4.898799e+09 0.489348 3.291040e+10	3.052644e+10 3.577982e+10
4.885701e+09 0.487538 3.294883e+10	3.056169e+10 3.581965e+10
4.872602e+09 0.485732 3.298710e+10	3.059684e+10 3.585910e+10
4.859504e+09 0.483931 3.302519e+10	3.063189e+10 3.589817e+10
4.846406e+09 0.482134 3.306312e+10	3.066683e+10 3.593686e+10
4.833307e+09 0.480342 3.310089e+10	3.070167e+10 3.597519e+10
4.820209e+09 0.478552 3.313849e+10	3.073640e+10 3.601315e+10
4.807111e+09 0.476764 3.317592e+10	3.077103e+10 3.605074e+10
4.794012e+09 0.474980 3.321319e+10	3.080556e+10 3.608798e+10
4.780914e+09 0.473201 3.325030e+10	3.083999e+10 3.612487e+10
4.767815e+09 0.471426 3.328724e+10	3.087432e+10 3.616141e+10
4.754717e+09 0.469655 3.332403e+10	3.090855e+10 3.619760e+10
4.741619e+09 0.467888 3.336065e+10	3.094268e+10 3.623345e+10
4.728520e+09 0.466126 3.339711e+10	3.097671e+10 3.626897e+10
4.715422e+09 0.464368 3.343341e+10	3.101064e+10 3.630415e+10
4.702323e+09 0.462614 3.346955e+10	3.104448e+10 3.633900e+10
4.689225e+09 0.460861 3.350553e+10	3.107822e+10 3.637352e+10
4.676127e+09 0.459111 3.354136e+10	3.111187e+10 3.640772e+10
4.663028e+09 0.457365 3.357702e+10	3.114541e+10 3.644160e+10
4.649930e+09 0.455624 3.361253e+10	3.117887e+10 3.647517e+10
4.636831e+09 0.453886 3.364789e+10	3.121223e+10 3.650842e+10
4.623733e+09 0.452153 3.368308e+10	3.124549e+10 3.654136e+10
4.610635e+09 0.450424 3.371813e+10	3.127867e+10 3.657399e+10
4.597536e+09 0.448699 3.375302e+10	3.131175e+10 3.660632e+10
4.584438e+09 0.446978 3.378775e+10	3.134473e+10 3.663835e+10
4.571339e+09 0.445261 3.382234e+10	3.137763e+10 3.667009e+10
4.558241e+09 0.443544 3.385677e+10	3.141044e+10 3.670153e+10
4.545143e+09 0.441830 3.389104e+10	3.144316e+10 3.673267e+10
4.532044e+09 0.440121 3.392517e+10	3.147578e+10 3.676353e+10
4.518946e+09 0.438416 3.395915e+10	3.150832e+10 3.679410e+10
4.505847e+09 0.436715 3.399298e+10	3.154077e+10 3.682439e+10
4.492749e+09 0.435018 3.402665e+10	3.157313e+10 3.685440e+10
4.479651e+09 0.433325 3.406018e+10	3.160541e+10 3.688413e+10
4.466552e+09 0.431636 3.409356e+10	3.163760e+10 3.691359e+10
4.453454e+09 0.429951 3.412680e+10	3.166970e+10 3.694277e+10
4.440355e+09 0.428268 3.415989e+10	3.170171e+10 3.697169e+10
4.427257e+09 0.426586 3.419283e+10	3.173364e+10 3.700034e+10
4.414159e+09 0.424908 3.422562e+10	3.176549e+10 3.702873e+10
4.401060e+09 0.423234 3.425827e+10	3.179725e+10 3.705685e+10
4.387962e+09 0.421564 3.429078e+10	3.182893e+10 3.708472e+10
4.374864e+09 0.419898 3.432314e+10	3.186053e+10 3.711233e+10
4.361765e+09 0.418235 3.435536e+10	3.189204e+10 3.713968e+10
4.348667e+09 0.416577 3.438744e+10	3.192347e+10 3.716678e+10
4.335568e+09 0.414922 3.441937e+10	3.195482e+10 3.719364e+10
4.322470e+09 0.413272 3.445117e+10	3.198609e+10 3.722025e+10
4.309372e+09 0.411622 3.448282e+10	3.201728e+10 3.724661e+10
4.296273e+09 0.409974 3.451433e+10	3.204839e+10 3.727274e+10
4.283175e+09 0.408330 3.454570e+10	3.207942e+10 3.729862e+10
4.270076e+09 0.406690 3.457694e+10	3.211036e+10 3.732426e+10
4.256978e+09 0.405054 3.460803e+10	3.214124e+10 3.734967e+10
4.243880e+09 0.403421 3.463899e+10	3.217203e+10 3.737485e+10
4.230781e+09 0.401793 3.466981e+10	3.220274e+10 3.739980e+10
4.217683e+09 0.400168 3.470049e+10	3.223338e+10 3.742452e+10
4.204584e+09 0.398547 3.473104e+10	3.226395e+10 3.744901e+10
4.191486e+09 0.396929 3.476145e+10	3.229443e+10 3.747328e+10
4.178388e+09 0.395312 3.479172e+10	3.232484e+10 3.749733e+10
4.165289e+09 0.393697 3.482186e+10	3.235518e+10 3.752115e+10
4.152191e+09 0.392086 3.485187e+10	3.238544e+10 3.754476e+10
4.139092e+09 0.390478 3.488174e+10	3.241562e+10 3.756815e+10
4.125994e+09 0.388874 3.491148e+10	3.244574e+10 3.759133e+10
4.112896e+09 0.387274 3.494109e+10	3.247578e+10 3.761430e+10
4.099797e+09 0.385678 3.497057e+10	3.250574e+10 3.763706e+10
4.086699e+09 0.384085 3.499991e+10	3.253564e+10 3.765960e+10
4.073600e+09 0.382496 3.502913e+10	3.256546e+10 3.768195e+10
4.060502e+09 0.380911 3.505821e+10	3.259521e+10 3.770409e+10
4.047404e+09 0.379325 3.508717e+10	3.262489e+10 3.772603e+10
4.034305e+09 0.377742 3.511599e+10	3.265450e+10 3.774776e+10
4.021207e+09 0.376162 3.514469e+10	3.268404e+10 3.776930e+10
4.008108e+09 0.374586 3.517326e+10	3.271350e+10 3.779064e+10
3.995010e+09 0.373014 3.520170e+10	3.274290e+10 3.781179e+10
3.981912e+09 0.371445 3.523002e+10	3.277223e+10 3.783274e+10
3.968813e+09 0.369879 3.525820e+10	3.280150e+10 3.785350e+10
3.955715e+09 0.368318 3.528627e+10	3.283069e+10 3.787408e+10
3.942617e+09 0.366759 3.531420e+10	3.285982e+10 3.789446e+10
3.929518e+09 0.365205 3.534202e+10	3.288888e+10 3.791466e+10
3.916420e+09 0.363650 3.536970e+10	3.291787e+10 3.793467e+10
3.903321e+09 0.362098 3.539727e+10	3.294679e+10 3.795451e+10
3.890223e+09 0.360548 3.542471e+10	3.297565e+10 3.797416e+10
3.877125e+09 0.359002 3.545203e+10	3.300445e+10 3.799363e+10
3.864026e+09 0.357460 3.547922e+10	3.303318e+10 3.801292e+10
3.850928e+09 0.355921 3.550629e+10	3.306184e+10 3.803204e+10
3.837829e+09 0.354386 3.553325e+10	3.309044e+10 3.805098e+10
3.824731e+09 0.352854 3.556008e+10	3.311897e+10 3.806975e+10
3.811633e+09 0.351326 3.558679e+10	3.314745e+10 3.808835e+10
3.798534e+09 0.349801 3.561338e+10	3.317586e+10 3.810678e+10
3.785436e+09 0.348277 3.563985e+10	3.320420e+10 3.812504e+10
3.772337e+09 0.346753 3.566621e+10	3.323249e+10 3.814313e+10
3.759239e+09 0.345233 3.569244e+10	3.326071e+10 3.816106e+10
3.746141e+09 0.343717 3.571856e+10	3.328887e+10 3.817882e+10
3.733042e+09 0.342204 3.574456e+10	3.331696e+10 3.819642e+10
3.719944e+09 0.340694 3.577044e+10	3.334500e+10 3.821386e+10
3.706845e+09 0.339187 3.579621e+10	3.337298e+10 3.823114e+10
3.693747e+09 0.337684 3.582186e+10	3.340089e+10 3.824827e+10
3.680649e+09 0.336185 3.584739e+10	3.342875e+10 3.826523e+10
3.667550e+09 0.334688 3.587281e+10	3.345655e+10 3.828204e+10
3.654452e+09 0.333194 3.589812e+10	3.348428e+10 3.829870e+10
3.641353e+09 0.331699 3.592331e+10	3.351196e+10 3.831521e+10
3.628255e+09 0.330207 3.594839e+10	3.353958e+10 3.833156e+10
3.615157e+09 0.328719 3.597336e+10	3.356715e+10 3.834776e+10
3.602058e+09 0.327234 3.599821e+10	3.359465e+10 3.836381e+10
3.588960e+09 0.325752 3.602295e+10	3.362210e+10 3.837972e+10
3.575861e+09 0.324274 3.604758e+10	3.364949e+10 3.839548e+10
3.562763e+09 0.322798 3.607210e+10	3.367682e+10 3.841110e+10
3.549665e+09 0.321326 3.609650e+10	3.370410e+10 3.842657e+10
3.536566e+09 0.319858 3.612080e+10	3.373132e+10 3.844190e+10
3.523468e+09 0.318392 3.614499e+10	3.375849e+10 3.845709e+10
3.510370e+09 0.316925 3.616907e+10	3.378560e+10 3.847214e+10
3.497271e+09 0.315461 3.619304e+10	3.381265e+10 3.848706e+10
3.484173e+09 0.314000 3.621690e+10	3.383965e+10 3.850183e+10
3.471074e+09 0.312542 3.624065e+10	3.386660e+10 3.851647e+10
3.457976e+09 0.311087 3.626430e+10	3.389349e+10 3.853097e+10
3.444878e+09 0.309635 3.628783e+10	3.392033e+10 3.854534e+10
3.431779e+09 0.308187 3.631127e+10	3.394712e+10 3.855958e+10
3.418681e+09 0.306742 3.633459e+10	3.397385e+10 3.857368e+10
3.405582e+09 0.305300 3.635781e+10	3.400053e+10 3.858766e+10
3.392484e+09 0.303861 3.638093e+10	3.402716e+10 3.860151e+10
3.379386e+09 0.302423 3.640394e+10	3.405373e+10 3.861523e+10
3.366287e+09 0.300984 3.642684e+10	3.408025e+10 3.862882e+10
3.353189e+09 0.299549 3.644964e+10	3.410673e+10 3.864229e+10
3.340090e+09 0.298118 3.647234e+10	3.413315e+10 3.865563e+10
3.326992e+09 0.296689 3.649494e+10	3.415952e+10 3.866884e+10
3.313894e+09 0.295263 3.651743e+10	3.418584e+10 3.868194e+10
3.300795e+09 0.293841 3.653982e+10	3.421211e+10 3.869491e+10
3.287697e+09 0.292422 3.656211e+10	3.423833e+10 3.870776e+10
3.274598e+09 0.291005 3.658429e+10	3.426450e+10 3.872050e+10
3.261500e+09 0.289592 3.660638e+10	3.429062e+10 3.873311e+10
3.248402e+09 0.288182 3.662836e+10	3.431669e+10 3.874561e+10
3.235303e+09 0.286769 3.665025e+10	3.434271e+10 3.875799e+10
3.222205e+09 0.285360 3.667203e+10	3.436869e+10 3.877026e+10
3.209106e+09 0.283953 3.669372e+10	3.439461e+10 3.878241e+10
3.196008e+09 0.282550 3.671530e+10	3.442049e+10 3.879445e+10
3.182910e+09 0.281149 3.673679e+10	3.444632e+10 3.880637e+10
3.169811e+09 0.279752 3.675818e+10	3.447211e+10 3.881819e+10
3.156713e+09 0.278358 3.677947e+10	3.449785e+10 3.882989e+10
3.143615e+09 0.276966 3.680067e+10	3.452354e+10 3.884149e+10
3.130516e+09 0.275578 3.682177e+10	3.454918e+10 3.885297e+10
3.117418e+09 0.274193 3.684277e+10	3.457478e+10 3.886435e+10
3.104319e+09 0.272808 3.686367e+10	3.460033e+10 3.887562e+10
3.091221e+09 0.271423 3.688448e+10	3.462584e+10 3.888678e+10
3.078123e+09 0.270040 3.690520e+10	3.465130e+10 3.889784e+10
3.065024e+09 0.268661 3.692582e+10	3.467672e+10 3.890880e+10
3.051926e+09 0.267285 3.694634e+10	3.470209e+10 3.891965e+10
3.038827e+09 0.265912 3.696677e+10	3.472741e+10 3.893040e+10
3.025729e+09 0.264542 3.698711e+10	3.475270e+10 3.894105e+10
3.012631e+09 0.263175 3.700735e+10	3.477794e+10 3.895159e+10
2.999532e+09 0.261810 3.702751e+10	3.480313e+10 3.896204e+10
2.986434e+09 0.260449 3.704756e+10	3.482828e+10 3.897239e+10
2.973335e+09 0.259091 3.706753e+10	3.485339e+10 3.898264e+10
2.960237e+09 0.257730 3.708741e+10	3.487846e+10 3.899279e+10
2.947139e+09 0.256371 3.710719e+10	3.490348e+10 3.900285e+10
2.934040e+09 0.255016 3.712688e+10	3.492846e+10 3.901281e+10
2.920942e+09 0.253663 3.714648e+10	3.495340e+10 3.902267e+10
2.907843e+09 0.252313 3.716599e+10	3.497830e+10 3.903244e+10
2.894745e+09 0.250966 3.718541e+10	3.500316e+10 3.904212e+10
2.881647e+09 0.249622 3.720474e+10	3.502797e+10 3.905170e+10
2.868548e+09 0.248281 3.722399e+10	3.505274e+10 3.906119e+10
2.855450e+09 0.246943 3.724314e+10	3.507748e+10 3.907060e+10
2.842351e+09 0.245608 3.726221e+10	3.510217e+10 3.907991e+10
2.829253e+09 0.244274 3.728118e+10	3.512682e+10 3.908913e+10
2.816155e+09 0.242938 3.730007e+10	3.515143e+10 3.909826e+10
2.803056e+09 0.241605 3.731887e+10	3.517601e+10 3.910731e+10
2.789958e+09 0.240275 3.733759e+10	3.520054e+10 3.911626e+10
2.776859e+09 0.238948 3.735622e+10	3.522503e+10 3.912513e+10
2.763761e+09 0.237624 3.737476e+10	3.524948e+10 3.913392e+10
2.750663e+09 0.236302 3.739321e+10	3.527390e+10 3.914262e+10
2.737564e+09 0.234984 3.741158e+10	3.529828e+10 3.915123e+10
2.724466e+09 0.233668 3.742987e+10	3.532261e+10 3.915976e+10
2.711368e+09 0.232355 3.744807e+10	3.534691e+10 3.916821e+10
2.698269e+09 0.231044 3.746619e+10	3.537118e+10 3.917657e+10
2.685171e+09 0.229734 3.748422e+10	3.539540e+10 3.918486e+10
2.672072e+09 0.228423 3.750217e+10	3.541959e+10 3.919306e+10
2.658974e+09 0.227115 3.752003e+10	3.544374e+10 3.920118e+10
2.645876e+09 0.225810 3.753781e+10	3.546785e+10 3.920922e+10
2.632777e+09 0.224507 3.755551e+10	3.549193e+10 3.921718e+10
2.619679e+09 0.223208 3.757313e+10	3.551597e+10 3.922506e+10
2.606580e+09 0.221911 3.759066e+10	3.553997e+10 3.923287e+10
2.593482e+09 0.220616 3.760811e+10	3.556394e+10 3.924060e+10
2.580384e+09 0.219325 3.762548e+10	3.558787e+10 3.924825e+10
2.567285e+09 0.218036 3.764277e+10	3.561176e+10 3.925582e+10
2.554187e+09 0.216750 3.765998e+10	3.563562e+10 3.926332e+10
2.541088e+09 0.215463 3.767711e+10	3.565945e+10 3.927075e+10
2.527990e+09 0.214176 3.769416e+10	3.568324e+10 3.927810e+10
2.514892e+09 0.212892 3.771113e+10	3.570700e+10 3.928538e+10
2.501793e+09 0.211611 3.772802e+10	3.573072e+10 3.929258e+10
2.488695e+09 0.210332 3.774483e+10	3.575440e+10 3.929971e+10
2.475596e+09 0.209056 3.776156e+10	3.577805e+10 3.930677e+10
2.462498e+09 0.207782 3.777821e+10	3.580167e+10 3.931376e+10
2.449400e+09 0.206512 3.779479e+10	3.582526e+10 3.932068e+10
2.436301e+09 0.205244 3.781129e+10	3.584881e+10 3.932753e+10
2.423203e+09 0.203978 3.782771e+10	3.587233e+10 3.933431e+10
2.410104e+09 0.202716 3.784405e+10	3.589581e+10 3.934101e+10
2.397006e+09 0.201451 3.786032e+10	3.591926e+10 3.934766e+10
2.383908e+09 0.200188 3.787651e+10	3.594268e+10 3.935423e+10
2.370809e+09 0.198927 3.789262e+10	3.596607e+10 3.936073e+10
2.357711e+09 0.197668 3.790866e+10	3.598942e+10 3.936717e+10
2.344612e+09 0.196412 3.792462e+10	3.601275e+10 3.937354e+10
2.331514e+09 0.195159 3.794050e+10	3.603604e+10 3.937985e+10
2.318416e+09 0.193909 3.795631e+10	3.605930e+10 3.938609e+10
2.305317e+09 0.192661 3.797205e+10	3.608252e+10 3.939227e+10
2.292219e+09 0.191416 3.798771e+10	3.610572e+10 3.939838e+10
2.279121e+09 0.190173 3.800330e+10	3.612889e+10 3.940443e+10
2.266022e+09 0.188933 3.801882e+10	3.615202e+10 3.941041e+10
2.252924e+09 0.187691 3.803426e+10	3.617512e+10 3.941634e+10
2.239825e+09 0.186450 3.804963e+10	3.619820e+10 3.942220e+10
2.226727e+09 0.185211 3.806492e+10	3.622124e+10 3.942800e+10
2.213629e+09 0.183975 3.808014e+10	3.624425e+10 3.943373e+10
2.200530e+09 0.182741 3.809530e+10	3.626724e+10 3.943941e+10
2.187432e+09 0.181510 3.811037e+10	3.629019e+10 3.944502e+10
2.174333e+09 0.180282 3.812538e+10	3.631311e+10 3.945058e+10
2.161235e+09 0.179056 3.814032e+10	3.633601e+10 3.945608e+10
2.148137e+09 0.177833 3.815518e+10	3.635887e+10 3.946152e+10
2.135038e+09 0.176612 3.816997e+10	3.638171e+10 3.946690e+10
2.121940e+09 0.175394 3.818470e+10	3.640452e+10 3.947222e+10
2.108841e+09 0.174174 3.819935e+10	3.642730e+10 3.947748e+10
2.095743e+09 0.172955 3.821393e+10	3.645005e+10 3.948269e+10
2.082645e+09 0.171737 3.822845e+10	3.647277e+10 3.948784e+10
2.069546e+09 0.170523 3.824289e+10	3.649547e+10 3.949294e+10
2.056448e+09 0.169311 3.825727e+10	3.651813e+10 3.949798e+10
2.043349e+09 0.168101 3.827157e+10	3.654077e+10 3.950296e+10
2.030251e+09 0.166894 3.828581e+10	3.656338e+10 3.950789e+10
2.017153e+09 0.165690 3.829998e+10	3.658597e+10 3.951276e+10
2.004054e+09 0.164487 3.831408e+10	3.660852e+10 3.951758e+10
1.990956e+09 0.163288 3.832812e+10	3.663105e+10 3.952235e+10
1.977857e+09 0.162091 3.834209e+10	3.665356e+10 3.952706e+10
1.964759e+09 0.160893 3.835599e+10	3.667603e+10 3.953173e+10
1.951661e+09 0.159694 3.836982e+10	3.669848e+10 3.953633e+10
1.938562e+09 0.158498 3.838359e+10	3.672091e+10 3.954089e+10
1.925464e+09 0.157304 3.839729e+10	3.674331e+10 3.954540e+10
1.912365e+09 0.156113 3.841092e+10	3.676568e+10 3.954985e+10
1.899267e+09 0.154924 3.842449e+10	3.678802e+10 3.955425e+10
1.886169e+09 0.153738 3.843799e+10	3.681034e+10 3.955861e+10
1.873070e+09 0.152554 3.845143e+10	3.683264e+10 3.956291e+10
1.859972e+09 0.151372 3.846480e+10	3.685491e+10 3.956716e+10
1.846874e+09 0.150193 3.847811e+10	3.687715e+10 3.957137e+10
1.833775e+09 0.149016 3.849136e+10	3.689937e+10 3.957552e+10
1.820677e+09 0.147840 3.850454e+10	3.692157e+10 3.957963e+10
1.807578e+09 0.146662 3.851765e+10	3.694374e+10 3.958369e+10
1.794480e+09 0.145486 3.853070e+10	3.696589e+10 3.958770e+10
1.781382e+09 0.144312 3.854369e+10	3.698801e+10 3.959167e+10
1.768283e+09 0.143141 3.855662e+10	3.701011e+10 3.959558e+10
1.755185e+09 0.141972 3.856948e+10	3.703218e+10 3.959945e+10
1.742086e+09 0.140806 3.858228e+10	3.705423e+10 3.960328e+10
1.728988e+09 0.139642 3.859502e+10	3.707626e+10 3.960706e+10
1.715890e+09 0.138480 3.860770e+10	3.709826e+10 3.961079e+10
1.702791e+09 0.137321 3.862031e+10	3.712024e+10 3.961448e+10
1.689693e+09 0.136164 3.863287e+10	3.714220e+10 3.961812e+10
1.676594e+09 0.135009 3.864536e+10	3.716413e+10 3.962172e+10
1.663496e+09 0.133851 3.865779e+10	3.718604e+10 3.962528e+10
1.650398e+09 0.132694 3.867016e+10	3.720793e+10 3.962879e+10
1.637299e+09 0.131540 3.868247e+10	3.722979e+10 3.963225e+10
1.624201e+09 0.130388 3.869472e+10	3.725164e+10 3.963568e+10
1.611102e+09 0.129239 3.870691e+10	3.727346e+10 3.963906e+10
1.598004e+09 0.128092 3.871904e+10	3.729526e+10 3.964240e+10
1.584906e+09 0.126947 3.873111e+10	3.731703e+10 3.964569e+10
1.571807e+09 0.125805 3.874312e+10	3.733879e+10 3.964895e+10
1.558709e+09 0.124665 3.875507e+10	3.736052e+10 3.965216e+10
1.545610e+09 0.123527 3.876696e+10	3.738223e+10 3.965533e+10
1.532512e+09 0.122391 3.877879e+10	3.740393e+10 3.965847e+10
1.519414e+09 0.121254 3.879057e+10	3.742559e+10 3.966156e+10
1.506315e+09 0.120116 3.880229e+10	3.744724e+10 3.966461e+10
1.493217e+09 0.118981 3.881395e+10	3.746887e+10 3.966762e+10
1.480118e+09 0.117848 3.882555e+10	3.749048e+10 3.967059e+10
1.467020e+09 0.116718 3.883709e+10	3.751206e+10 3.967352e+10
1.453922e+09 0.115589 3.884858e+10	3.753363e+10 3.967641e+10
1.440823e+09 0.114463 3.886001e+10	3.755518e+10 3.967927e+10
1.427725e+09 0.113340 3.887139e+10	3.757670e+10 3.968208e+10
1.414627e+09 0.112218 3.888270e+10	3.759821e+10 3.968486e+10
1.401528e+09 0.111099 3.889396e+10	3.761969e+10 3.968760e+10
1.388430e+09 0.109982 3.890517e+10	3.764116e+10 3.969030e+10
1.375331e+09 0.108865 3.891632e+10	3.766261e+10 3.969296e+10
1.362233e+09 0.107746 3.892741e+10	3.768403e+10 3.969559e+10
1.349135e+09 0.106629 3.893845e+10	3.770544e+10 3.969818e+10
1.336036e+09 0.105515 3.894943e+10	3.772683e+10 3.970073e+10
1.322938e+09 0.104402 3.896036e+10	3.774820e+10 3.970325e+10
1.309839e+09 0.103292 3.897124e+10	3.776955e+10 3.970573e+10
1.296741e+09 0.102184 3.898205e+10	3.779088e+10 3.970818e+10
1.283643e+09 0.101078 3.899282e+10	3.781220e+10 3.971059e+10
1.270544e+09 0.099975 3.900353e+10	3.783349e+10 3.971296e+10
1.257446e+09 0.098874 3.901419e+10	3.785477e+10 3.971530e+10
1.244347e+09 0.097775 3.902479e+10	3.787603e+10 3.971761e+10
1.231249e+09 0.096678 3.903534e+10	3.789727e+10 3.971988e+10
1.218151e+09 0.095578 3.904584e+10	3.791849e+10 3.972212e+10
1.205052e+09 0.094478 3.905629e+10	3.793970e+10 3.972432e+10
1.191954e+09 0.093381 3.906668e+10	3.796088e+10 3.972649e+10
1.178855e+09 0.092287 3.907702e+10	3.798205e+10 3.972863e+10
1.165757e+09 0.091194 3.908730e+10	3.800320e+10 3.973073e+10
1.152659e+09 0.090104 3.909754e+10	3.802434e+10 3.973280e+10
1.139560e+09 0.089016 3.910772e+10	3.804546e+10 3.973484e+10
1.126462e+09 0.087930 3.911785e+10	3.806656e+10 3.973684e+10
1.113363e+09 0.086846 3.912793e+10	3.808764e+10 3.973882e+10
1.100265e+09 0.085764 3.913796e+10	3.810871e+10 3.974076e+10
1.087167e+09 0.084684 3.914794e+10	3.812976e+10 3.974267e+10
1.074068e+09 0.083605 3.915787e+10	3.815079e+10 3.974455e+10
1.060970e+09 0.082523 3.916774e+10	3.817181e+10 3.974639e+10
1.047872e+09 0.081443 3.917757e+10	3.819281e+10 3.974821e+10
1.034773e+09 0.080366 3.918734e+10	3.821380e+10 3.974999e+10
1.021675e+09 0.079290 3.919707e+10	3.823477e+10 3.975175e+10
1.008576e+09 0.078217 3.920675e+10	3.825572e+10 3.975347e+10
9.954779e+08 0.077146 3.921637e+10	3.827666e+10 3.975517e+10
9.823795e+08 0.076076 3.922595e+10	3.829758e+10 3.975683e+10
9.692811e+08 0.075009 3.923548e+10	3.831849e+10 3.975847e+10
9.561827e+08 0.073945 3.924496e+10	3.833938e+10 3.976007e+10
9.430844e+08 0.072882 3.925439e+10	3.836026e+10 3.976165e+10
9.299860e+08 0.071821 3.926377e+10	3.838112e+10 3.976320e+10
9.168876e+08 0.070758 3.927310e+10	3.840197e+10 3.976472e+10
9.037892e+08 0.069695 3.928239e+10	3.842280e+10 3.976621e+10
8.906908e+08 0.068634 3.929162e+10	3.844361e+10 3.976767e+10
8.775924e+08 0.067575 3.930081e+10	3.846442e+10 3.976910e+10
8.644940e+08 0.066518 3.930995e+10	3.848520e+10 3.977051e+10
8.513956e+08 0.065463 3.931905e+10	3.850598e+10 3.977189e+10
8.382972e+08 0.064410 3.932809e+10	3.852673e+10 3.977324e+10
8.251988e+08 0.063360 3.933709e+10	3.854748e+10 3.977456e+10
8.121004e+08 0.062311 3.934605e+10	3.856821e+10 3.977586e+10
7.990020e+08 0.061265 3.935495e+10	3.858893e+10 3.977713e+10
7.859036e+08 0.060220 3.936382e+10	3.860963e+10 3.977837e+10
7.728052e+08 0.059177 3.937263e+10	3.863032e+10 3.977958e+10
7.597068e+08 0.058130 3.938140e+10	3.865100e+10 3.978077e+10
7.466084e+08 0.057085 3.939012e+10	3.867166e+10 3.978194e+10
7.335101e+08 0.056042 3.939880e+10	3.869231e+10 3.978308e+10
7.204117e+08 0.055001 3.940743e+10	3.871294e+10 3.978419e+10
7.073133e+08 0.053963 3.941601e+10	3.873357e+10 3.978527e+10
6.942149e+08 0.052926 3.942455e+10	3.875418e+10 3.978633e+10
6.811165e+08 0.051891 3.943305e+10	3.877477e+10 3.978737e+10
6.680181e+08 0.050858 3.944150e+10	3.879536e+10 3.978838e+10
6.549197e+08 0.049828 3.944990e+10	3.881593e+10 3.978937e+10
6.418213e+08 0.048799 3.945826e+10	3.883649e+10 3.979033e+10
6.287229e+08 0.047773 3.946658e+10	3.885704e+10 3.979127e+10
6.156245e+08 0.046745 3.947485e+10	3.887757e+10 3.979218e+10
6.025261e+08 0.045716 3.948308e+10	3.889809e+10 3.979307e+10
5.894277e+08 0.044689 3.949127e+10	3.891860e+10 3.979393e+10
5.763293e+08 0.043663 3.949941e+10	3.893910e+10 3.979477e+10
5.632309e+08 0.042640 3.950751e+10	3.895959e+10 3.979559e+10
5.501325e+08 0.041619 3.951556e+10	3.898006e+10 3.979638e+10
5.370341e+08 0.040599 3.952358e+10	3.900052e+10 3.979715e+10
5.239358e+08 0.039582 3.953155e+10	3.902098e+10 3.979790e+10
5.108374e+08 0.038567 3.953947e+10	3.904142e+10 3.979863e+10
4.977390e+08 0.037553 3.954736e+10	3.906184e+10 3.979933e+10
4.846406e+08 0.036542 3.955520e+10	3.908226e+10 3.980001e+10
4.715422e+08 0.035533 3.956300e+10	3.910267e+10 3.980066e+10
4.584438e+08 0.034521 3.957076e+10	3.912306e+10 3.980130e+10
4.453454e+08 0.033509 3.957847e+10	3.914345e+10 3.980191e+10
4.322470e+08 0.032498 3.958615e+10	3.916382e+10 3.980250e+10
4.191486e+08 0.031490 3.959378e+10	3.918419e+10 3.980307e+10
4.060502e+08 0.030484 3.960137e+10	3.920454e+10 3.980362e+10
3.929518e+08 0.029480 3.960892e+10	3.922488e+10 3.980414e+10
3.798534e+08 0.028477 3.961643e+10	3.924521e+10 3.980465e+10
3.667550e+08 0.027477 3.962390e+10	3.926553e+10 3.980513e+10
3.536566e+08 0.026478 3.963133e+10	3.928585e+10 3.980559e+10
3.405582e+08 0.025482 3.963872e+10	3.930615e+10 3.980603e+10
3.274598e+08 0.024487 3.964606e+10	3.932644e+10 3.980646e+10
3.143615e+08 0.023494 3.965337e+10	3.934672e+10 3.980686e+10
3.012631e+08 0.022498 3.966064e+10	3.936699e+10 3.980724e+10
2.881647e+08 0.021502 3.966787e+10	3.938725e+10 3.980760e+10
2.750663e+08 0.020509 3.967505e+10	3.940751e+10 3.980793e+10
2.619679e+08 0.019517 3.968220e+10	3.942775e+10 3.980825e+10
2.488695e+08 0.018527 3.968931e+10	3.944798e+10 3.980855e+10
2.357711e+08 0.017539 3.969638e+10	3.946821e+10 3.980883e+10
2.226727e+08 0.016553 3.970341e+10	3.948842e+10 3.980909e+10
2.095743e+08 0.015569 3.971040e+10	3.950863e+10 3.980934e+10
1.964759e+08 0.014587 3.971735e+10	3.952883e+10 3.980956e+10
1.833775e+08 0.013607 3.972427e+10	3.954902e+10 3.980976e+10
1.702791e+08 0.012628 3.973115e+10	3.956920e+10 3.980994e+10
1.571807e+08 0.011652 3.973798e+10	3.958937e+10 3.981011e+10
1.440823e+08 0.010671 3.974478e+10	3.960953e+10 3.981026e+10
1.309839e+08 0.009692 3.975155e+10	3.962969e+10 3.981038e+10
1.178855e+08 0.008714 3.975827e+10	3.964983e+10 3.981049e+10
1.047872e+08 0.007738 3.976496e+10	3.966997e+10 3.981058e+10
9.168876e+07 0.006764 3.977160e+10	3.969010e+10 3.981066e+10
7.859036e+07 0.005792 3.977821e+10	3.971022e+10 3.981071e+10
6.549197e+07 0.004822 3.978479e+10	3.973034e+10 3.981075e+10
5.239358e+07 0.003854 3.979133e+10	3.975044e+10 3.981077e+10
3.929518e+07 0.002888 3.979783e+10	3.977054e+10 3.981077e+10
2.619679e+07 0.001923 3.980429e+10	3.979063e+10 3.981075e+10
1.309839e+07 0.000961 3.981072e+10	3.981072e+10 3.981072e+10
