#t0_Mstar=1.584893e+10 (N07Mbar=3.287381e+10) t0_sfr=9.786815e-01	1.00000000000000001988462483866e+30 t0_sfr=9.786815e-01
#tlb ,red_binl[i],Mstar[i],CSFH[i],phi[i],dMLdt[i],massloss_to_t0[i], Mstar_Noeske(tlb,Mbar_Noeske),phi_Noeske(tlb,Mbar_Noeske)FWHM=0.50:Ms,Cs,phi,FWHM=0.75:Ms,Cs,phi,FWHM=1.00:Ms,Cs,phi	1.00000000000000001988462483866e+30 Mstar_Noeske(tlb,Mbar_Noeske),phi_Noeske(tlb,Mbar_Noeske)FWHM=0.50:Ms,Cs,phi,FWHM=0.75:Ms,Cs,phi,FWHM=1.00:Ms,Cs,phi
1.309839e+10 9.000000 0.000000e+00	0.000000e+00 7.708494e+07
1.308530e+10 8.847726 0.000000e+00	0.000000e+00 6.237154e+07
1.307220e+10 8.701050 0.000000e+00	0.000000e+00 5.993225e+07
1.305910e+10 8.559660 0.000000e+00	0.000000e+00 5.856328e+07
1.304600e+10 8.423368 0.000000e+00	0.000000e+00 5.763421e+07
1.303290e+10 8.291842 0.000000e+00	0.000000e+00 5.694592e+07
1.301980e+10 8.164779 0.000000e+00	0.000000e+00 5.640956e+07
1.300671e+10 8.041947 0.000000e+00	0.000000e+00 5.597775e+07
1.299361e+10 7.923131 0.000000e+00	0.000000e+00 5.562223e+07
1.298051e+10 7.808144 0.000000e+00	0.000000e+00 5.532480e+07
1.296741e+10 7.696830 0.000000e+00	0.000000e+00 5.507306e+07
1.295431e+10 7.588952 0.000000e+00	0.000000e+00 5.485818e+07
1.294121e+10 7.484347 0.000000e+00	0.000000e+00 5.467366e+07
1.292811e+10 7.382859 0.000000e+00	0.000000e+00 5.451457e+07
1.291502e+10 7.284344 0.000000e+00	0.000000e+00 5.437709e+07
1.290192e+10 7.188666 0.000000e+00	0.000000e+00 5.425819e+07
1.288882e+10 7.095696 0.000000e+00	0.000000e+00 5.415544e+07
1.287572e+10 7.005312 0.000000e+00	0.000000e+00 5.406687e+07
1.286262e+10 6.917401 0.000000e+00	0.000000e+00 5.399083e+07
1.284952e+10 6.831855 0.000000e+00	0.000000e+00 5.392596e+07
1.283643e+10 6.748572 0.000000e+00	0.000000e+00 5.387109e+07
1.282333e+10 6.667456 0.000000e+00	0.000000e+00 5.382524e+07
1.281023e+10 6.588431 0.000000e+00	0.000000e+00 5.378757e+07
1.279713e+10 6.511436 0.000000e+00	0.000000e+00 5.375736e+07
1.278403e+10 6.436355 0.000000e+00	0.000000e+00 5.373395e+07
1.277093e+10 6.363109 0.000000e+00	0.000000e+00 5.371680e+07
1.275784e+10 6.291625 0.000000e+00	0.000000e+00 5.370543e+07
1.274474e+10 6.221832 0.000000e+00	0.000000e+00 5.369938e+07
1.273164e+10 6.153665 0.000000e+00	0.000000e+00 5.369829e+07
1.271854e+10 6.087102 0.000000e+00	0.000000e+00 5.370181e+07
1.270544e+10 6.022088 0.000000e+00	0.000000e+00 5.370963e+07
1.269234e+10 5.958522 0.000000e+00	0.000000e+00 5.372148e+07
1.267925e+10 5.896348 0.000000e+00	0.000000e+00 5.373710e+07
1.266615e+10 5.835515 0.000000e+00	0.000000e+00 5.375626e+07
1.265305e+10 5.776057 0.000000e+00	0.000000e+00 5.377878e+07
1.263995e+10 5.717866 0.000000e+00	0.000000e+00 5.380445e+07
1.262685e+10 5.660874 0.000000e+00	0.000000e+00 5.383311e+07
1.261375e+10 5.605040 0.000000e+00	0.000000e+00 5.386460e+07
1.260065e+10 5.550427 0.000000e+00	0.000000e+00 5.389878e+07
1.258756e+10 5.496902 0.000000e+00	0.000000e+00 5.393551e+07
1.257446e+10 5.444416 0.000000e+00	0.000000e+00 5.397468e+07
1.256136e+10 5.392990 0.000000e+00	0.000000e+00 5.401618e+07
1.254826e+10 5.342602 0.000000e+00	0.000000e+00 5.405989e+07
1.253516e+10 5.293149 0.000000e+00	0.000000e+00 5.410573e+07
1.252206e+10 5.244640 0.000000e+00	0.000000e+00 5.415361e+07
1.250897e+10 5.197097 0.000000e+00	0.000000e+00 5.420343e+07
1.249587e+10 5.150398 0.000000e+00	0.000000e+00 5.425513e+07
1.248277e+10 5.104567 0.000000e+00	0.000000e+00 5.430864e+07
1.246967e+10 5.059611 0.000000e+00	0.000000e+00 5.436388e+07
1.245657e+10 5.015419 0.000000e+00	0.000000e+00 5.442079e+07
1.244347e+10 4.972050 0.000000e+00	0.000000e+00 5.447932e+07
1.243038e+10 4.929453 0.000000e+00	0.000000e+00 5.453940e+07
1.241728e+10 4.887546 0.000000e+00	0.000000e+00 5.460100e+07
1.240418e+10 4.846450 0.000000e+00	0.000000e+00 5.466405e+07
1.239108e+10 4.806006 0.000000e+00	0.000000e+00 5.472851e+07
1.237798e+10 4.766255 0.000000e+00	0.000000e+00 5.479435e+07
1.236488e+10 4.727194 0.000000e+00	0.000000e+00 5.486151e+07
1.235179e+10 4.688723 0.000000e+00	0.000000e+00 5.492997e+07
1.233869e+10 4.650970 0.000000e+00	0.000000e+00 5.499968e+07
1.232559e+10 4.613770 0.000000e+00	0.000000e+00 5.507061e+07
1.231249e+10 4.577204 0.000000e+00	0.000000e+00 5.514272e+07
1.229939e+10 4.541209 0.000000e+00	0.000000e+00 5.521600e+07
1.228629e+10 4.505773 0.000000e+00	0.000000e+00 5.529040e+07
1.227319e+10 4.470921 0.000000e+00	0.000000e+00 5.536590e+07
1.226010e+10 4.436563 0.000000e+00	0.000000e+00 5.544248e+07
1.224700e+10 4.402796 0.000000e+00	0.000000e+00 5.552011e+07
1.223390e+10 4.369472 0.000000e+00	0.000000e+00 5.559876e+07
1.222080e+10 4.336729 0.000000e+00	0.000000e+00 5.567842e+07
1.220770e+10 4.304408 0.000000e+00	0.000000e+00 5.575906e+07
1.219460e+10 4.272625 0.000000e+00	0.000000e+00 5.584066e+07
1.218151e+10 4.241257 0.000000e+00	0.000000e+00 5.592321e+07
1.216841e+10 4.210391 0.000000e+00	0.000000e+00 5.600668e+07
1.215531e+10 4.179930 0.000000e+00	0.000000e+00 5.609106e+07
1.214221e+10 4.149942 0.000000e+00	0.000000e+00 5.617632e+07
1.212911e+10 4.120344 0.000000e+00	0.000000e+00 5.626246e+07
1.211601e+10 4.091197 0.000000e+00	0.000000e+00 5.634946e+07
1.210292e+10 4.062421 0.000000e+00	0.000000e+00 5.643730e+07
1.208982e+10 4.034080 0.000000e+00	0.000000e+00 5.652598e+07
1.207672e+10 4.006087 0.000000e+00	0.000000e+00 5.661547e+07
1.206362e+10 3.978520 0.000000e+00	0.000000e+00 5.670576e+07
1.205052e+10 3.951272 0.000000e+00	0.000000e+00 5.679684e+07
1.203742e+10 3.924447 0.000000e+00	0.000000e+00 5.688871e+07
1.202433e+10 3.897912 0.000000e+00	0.000000e+00 5.698134e+07
1.201123e+10 3.871800 0.000000e+00	0.000000e+00 5.707474e+07
1.199813e+10 3.845965 0.000000e+00	0.000000e+00 5.716888e+07
1.198503e+10 3.820516 0.000000e+00	0.000000e+00 5.726375e+07
1.197193e+10 3.795355 0.000000e+00	0.000000e+00 5.735936e+07
1.195883e+10 3.770540 0.000000e+00	0.000000e+00 5.745569e+07
1.194574e+10 3.746027 0.000000e+00	0.000000e+00 5.755272e+07
1.193264e+10 3.721816 0.000000e+00	0.000000e+00 5.765046e+07
1.191954e+10 3.697926 0.000000e+00	0.000000e+00 5.774890e+07
1.190644e+10 3.674294 0.000000e+00	0.000000e+00 5.784802e+07
1.189334e+10 3.651005 0.000000e+00	0.000000e+00 5.794782e+07
1.188024e+10 3.627947 0.000000e+00	0.000000e+00 5.804829e+07
1.186714e+10 3.605214 0.000000e+00	0.000000e+00 5.814943e+07
1.185405e+10 3.582725 0.000000e+00	0.000000e+00 5.825123e+07
1.184095e+10 3.560509 0.000000e+00	0.000000e+00 5.835368e+07
1.182785e+10 3.538569 0.000000e+00	0.000000e+00 5.845678e+07
1.181475e+10 3.516848 0.000000e+00	0.000000e+00 5.856052e+07
1.180165e+10 3.495436 0.000000e+00	0.000000e+00 5.866489e+07
1.178855e+10 3.474227 0.000000e+00	0.000000e+00 5.876989e+07
1.177546e+10 3.453288 0.000000e+00	0.000000e+00 5.887552e+07
1.176236e+10 3.432582 0.000000e+00	0.000000e+00 5.898177e+07
1.174926e+10 3.412087 0.000000e+00	0.000000e+00 5.908864e+07
1.173616e+10 3.391866 0.000000e+00	0.000000e+00 5.919611e+07
1.172306e+10 3.371830 0.000000e+00	0.000000e+00 5.930419e+07
1.170996e+10 3.352044 0.000000e+00	0.000000e+00 5.941288e+07
1.169687e+10 3.332470 0.000000e+00	0.000000e+00 5.952216e+07
1.168377e+10 3.313083 0.000000e+00	0.000000e+00 5.963204e+07
1.167067e+10 3.293956 0.000000e+00	0.000000e+00 5.974250e+07
1.165757e+10 3.274998 0.000000e+00	0.000000e+00 5.985356e+07
1.164447e+10 3.256256 0.000000e+00	0.000000e+00 5.996519e+07
1.163137e+10 3.237724 0.000000e+00	0.000000e+00 6.007741e+07
1.161828e+10 3.219353 0.000000e+00	0.000000e+00 6.019021e+07
1.160518e+10 3.201221 0.000000e+00	0.000000e+00 6.030358e+07
1.159208e+10 3.183256 0.000000e+00	0.000000e+00 6.041752e+07
1.157898e+10 3.165461 0.000000e+00	0.000000e+00 6.053203e+07
1.156588e+10 3.147889 0.000000e+00	0.000000e+00 6.064710e+07
1.155278e+10 3.130466 0.000000e+00	0.000000e+00 6.076274e+07
1.153968e+10 3.113227 0.000000e+00	0.000000e+00 6.087894e+07
1.152659e+10 3.096179 0.000000e+00	0.000000e+00 6.099569e+07
1.151349e+10 3.079272 0.000000e+00	0.000000e+00 6.111300e+07
1.150039e+10 3.062561 0.000000e+00	0.000000e+00 6.123087e+07
1.148729e+10 3.046014 0.000000e+00	0.000000e+00 6.134929e+07
1.147419e+10 3.029600 0.000000e+00	0.000000e+00 6.146825e+07
1.146109e+10 3.013389 0.000000e+00	0.000000e+00 6.158777e+07
1.144800e+10 2.997320 0.000000e+00	0.000000e+00 6.170783e+07
1.143490e+10 2.981379 0.000000e+00	0.000000e+00 6.182844e+07
1.142180e+10 2.965641 0.000000e+00	0.000000e+00 6.194958e+07
1.140870e+10 2.950030 0.000000e+00	0.000000e+00 6.207127e+07
1.139560e+10 2.934545 0.000000e+00	0.000000e+00 6.219350e+07
1.138250e+10 2.919253 0.000000e+00	0.000000e+00 6.231627e+07
1.136941e+10 2.904079 0.000000e+00	0.000000e+00 6.243957e+07
1.135631e+10 2.889029 0.000000e+00	0.000000e+00 6.256341e+07
1.134321e+10 2.874162 0.000000e+00	0.000000e+00 6.268779e+07
1.133011e+10 2.859408 0.000000e+00	0.000000e+00 6.281269e+07
1.131701e+10 2.844771 0.000000e+00	0.000000e+00 6.293813e+07
1.130391e+10 2.830311 0.000000e+00	0.000000e+00 6.306410e+07
1.129082e+10 2.815959 0.000000e+00	0.000000e+00 6.319060e+07
1.127772e+10 2.801715 0.000000e+00	0.000000e+00 6.331763e+07
1.126462e+10 2.787645 0.000000e+00	0.000000e+00 6.344518e+07
1.125152e+10 2.773679 0.000000e+00	0.000000e+00 6.357327e+07
1.123842e+10 2.759815 0.000000e+00	0.000000e+00 6.370188e+07
1.122532e+10 2.746113 0.000000e+00	0.000000e+00 6.383102e+07
1.121223e+10 2.732517 0.000000e+00	0.000000e+00 6.396068e+07
1.119913e+10 2.719020 0.000000e+00	0.000000e+00 6.409087e+07
1.118603e+10 2.705666 0.000000e+00	0.000000e+00 6.422158e+07
1.117293e+10 2.692426 0.000000e+00	0.000000e+00 6.435281e+07
1.115983e+10 2.679280 0.000000e+00	0.000000e+00 6.448457e+07
1.114673e+10 2.666259 0.000000e+00	0.000000e+00 6.461685e+07
1.113363e+10 2.653361 0.000000e+00	0.000000e+00 6.474965e+07
1.112054e+10 2.640553 0.000000e+00	0.000000e+00 6.488298e+07
1.110744e+10 2.627848 0.000000e+00	0.000000e+00 6.501683e+07
1.109434e+10 2.615278 0.000000e+00	0.000000e+00 6.515119e+07
1.108124e+10 2.602795 0.000000e+00	0.000000e+00 6.528608e+07
1.106814e+10 2.590398 0.000000e+00	0.000000e+00 6.542149e+07
1.105504e+10 2.578138 0.000000e+00	0.000000e+00 6.555743e+07
1.104195e+10 2.565967 0.000000e+00	0.000000e+00 6.569388e+07
1.102885e+10 2.553879 0.000000e+00	0.000000e+00 6.583085e+07
1.101575e+10 2.541902 0.000000e+00	0.000000e+00 6.596835e+07
1.100265e+10 2.530033 0.000000e+00	0.000000e+00 6.610636e+07
1.098955e+10 2.518242 0.000000e+00	0.000000e+00 6.624490e+07
1.097645e+10 2.506535 0.000000e+00	0.000000e+00 6.638396e+07
1.096336e+10 2.494955 0.000000e+00	0.000000e+00 6.652354e+07
1.095026e+10 2.483451 0.000000e+00	0.000000e+00 6.666364e+07
1.093716e+10 2.472022 0.000000e+00	0.000000e+00 6.680426e+07
1.092406e+10 2.460700 0.000000e+00	0.000000e+00 6.694540e+07
1.091096e+10 2.449472 0.000000e+00	0.000000e+00 6.708707e+07
1.089786e+10 2.438317 0.000000e+00	0.000000e+00 6.722925e+07
1.088477e+10 2.427236 0.000000e+00	0.000000e+00 6.737196e+07
1.087167e+10 2.416275 0.000000e+00	0.000000e+00 6.751519e+07
1.085857e+10 2.405383 0.000000e+00	0.000000e+00 6.765895e+07
1.084547e+10 2.394561 0.000000e+00	0.000000e+00 6.780323e+07
1.083237e+10 2.383828 0.000000e+00	0.000000e+00 6.794803e+07
1.081927e+10 2.373191 0.000000e+00	0.000000e+00 6.809336e+07
1.080617e+10 2.362621 0.000000e+00	0.000000e+00 6.823921e+07
1.079308e+10 2.352116 0.000000e+00	0.000000e+00 6.838558e+07
1.077998e+10 2.341713 0.000000e+00	0.000000e+00 6.853249e+07
1.076688e+10 2.331385 0.000000e+00	0.000000e+00 6.867991e+07
1.075378e+10 2.321121 0.000000e+00	0.000000e+00 6.882787e+07
1.074068e+10 2.310922 0.000000e+00	0.000000e+00 6.897635e+07
1.072758e+10 2.300829 0.000000e+00	0.000000e+00 6.912536e+07
1.071449e+10 2.290797 0.000000e+00	0.000000e+00 6.927490e+07
1.070139e+10 2.280826 0.000000e+00	0.000000e+00 6.942497e+07
1.068829e+10 2.270927 0.000000e+00	0.000000e+00 7.216920e+07
1.067519e+10 2.261119 0.000000e+00	0.000000e+00 7.600154e+07
1.066209e+10 2.251370 0.000000e+00	0.000000e+00 8.000411e+07
1.064899e+10 2.241680 0.000000e+00	0.000000e+00 8.418300e+07
1.063590e+10 2.232064 0.000000e+00	0.000000e+00 8.854439e+07
1.062280e+10 2.222530 0.000000e+00	0.000000e+00 9.309467e+07
1.060970e+10 2.213052 0.000000e+00	0.000000e+00 9.784039e+07
1.059660e+10 2.203629 0.000000e+00	0.000000e+00 1.027883e+08
1.058350e+10 2.194282 0.000000e+00	0.000000e+00 1.079451e+08
1.057040e+10 2.185010 0.000000e+00	0.000000e+00 1.133181e+08
1.055731e+10 2.175791 0.000000e+00	0.000000e+00 1.189144e+08
1.054421e+10 2.166626 0.000000e+00	0.000000e+00 1.247415e+08
1.053111e+10 2.157534 0.000000e+00	0.000000e+00 1.308069e+08
1.051801e+10 2.148512 0.000000e+00	0.000000e+00 1.371184e+08
1.050491e+10 2.139542 0.000000e+00	0.000000e+00 1.436840e+08
1.049181e+10 2.130623 0.000000e+00	0.000000e+00 1.505120e+08
1.047872e+10 2.121773 0.000000e+00	0.000000e+00 1.576105e+08
1.046562e+10 2.112992 0.000000e+00	0.000000e+00 1.649883e+08
1.045252e+10 2.104260 0.000000e+00	0.000000e+00 1.726541e+08
1.043942e+10 2.095577 0.000000e+00	0.000000e+00 1.806169e+08
1.042632e+10 2.086957 0.000000e+00	0.000000e+00 1.888858e+08
1.041322e+10 2.078407 0.000000e+00	0.000000e+00 1.974702e+08
1.040012e+10 2.069904 0.000000e+00	0.000000e+00 2.063798e+08
1.038703e+10 2.061447 0.000000e+00	0.000000e+00 2.156244e+08
1.037393e+10 2.053045 0.000000e+00	0.000000e+00 2.252141e+08
1.036083e+10 2.044717 0.000000e+00	0.000000e+00 2.351591e+08
1.034773e+10 2.036433 0.000000e+00	0.000000e+00 2.454699e+08
1.033463e+10 2.028194 0.000000e+00	0.000000e+00 2.561572e+08
1.032153e+10 2.020000 0.000000e+00	0.000000e+00 2.672321e+08
1.030844e+10 2.011884 0.000000e+00	0.000000e+00 2.787058e+08
1.029534e+10 2.003811 0.000000e+00	0.000000e+00 2.905897e+08
1.028224e+10 1.995781 0.000000e+00	0.000000e+00 3.028089e+08
1.026914e+10 1.987794 0.000000e+00	0.000000e+00 3.153021e+08
1.025604e+10 1.979872 0.000000e+00	0.000000e+00 3.280839e+08
1.024294e+10 1.972002 0.000000e+00	0.000000e+00 3.411571e+08
1.022985e+10 1.964173 0.000000e+00	0.000000e+00 3.545233e+08
1.021675e+10 1.956386 0.000000e+00	0.000000e+00 3.681833e+08
1.020365e+10 1.948649 0.000000e+00	0.000000e+00 3.821379e+08
1.019055e+10 1.940974 0.000000e+00	0.000000e+00 3.963878e+08
1.017745e+10 1.933338 0.000000e+00	0.000000e+00 4.109331e+08
1.016435e+10 1.925742 0.000000e+00	0.000000e+00 4.257735e+08
1.015126e+10 1.918185 0.000000e+00	0.000000e+00 4.409090e+08
1.013816e+10 1.910694 0.000000e+00	0.000000e+00 4.563396e+08
1.012506e+10 1.903244 0.000000e+00	0.000000e+00 4.720650e+08
1.011196e+10 1.895832 0.000000e+00	0.000000e+00 4.880845e+08
1.009886e+10 1.888458 0.000000e+00	0.000000e+00 5.043972e+08
1.008576e+10 1.881133 0.000000e+00	0.000000e+00 5.210027e+08
1.007266e+10 1.873862 0.000000e+00	0.000000e+00 5.379005e+08
1.005957e+10 1.866627 0.000000e+00	0.000000e+00 5.550893e+08
1.004647e+10 1.859429 0.000000e+00	0.000000e+00 5.725681e+08
1.003337e+10 1.852267 0.000000e+00	0.000000e+00 5.903355e+08
1.002027e+10 1.845164 0.000000e+00	0.000000e+00 6.083911e+08
1.000717e+10 1.838100 0.000000e+00	0.000000e+00 6.267333e+08
9.994074e+09 1.831072 0.000000e+00	0.000000e+00 6.453608e+08
9.980976e+09 1.824078 0.000000e+00	0.000000e+00 6.642719e+08
9.967878e+09 1.817123 0.000000e+00	0.000000e+00 6.834651e+08
9.954779e+09 1.810224 0.000000e+00	0.000000e+00 7.029395e+08
9.941681e+09 1.803359 0.000000e+00	0.000000e+00 7.226932e+08
9.928582e+09 1.796527 0.000000e+00	0.000000e+00 7.427242e+08
9.915484e+09 1.789728 0.000000e+00	0.000000e+00 7.630308e+08
9.902386e+09 1.782974 0.000000e+00	0.000000e+00 7.836113e+08
9.889287e+09 1.776267 0.000000e+00	0.000000e+00 8.044642e+08
9.876189e+09 1.769591 0.000000e+00	0.000000e+00 8.255874e+08
9.863091e+09 1.762947 1.262691e+06	0.000000e+00 8.469786e+08
9.849992e+09 1.756335 2.371841e+06	0.000000e+00 8.686358e+08
9.836894e+09 1.749772 3.881683e+06	0.000000e+00 8.905572e+08
9.823795e+09 1.743247 5.821111e+06	0.000000e+00 9.127409e+08
9.810697e+09 1.736752 8.214736e+06	0.000000e+00 9.351845e+08
9.797599e+09 1.730289 1.108367e+07	0.000000e+00 9.578856e+08
9.784500e+09 1.723856 1.444609e+07	0.000000e+00 9.808418e+08
9.771402e+09 1.717472 1.831775e+07	0.000000e+00 1.004051e+09
9.758303e+09 1.711122 2.271215e+07	0.000000e+00 1.027512e+09
9.745205e+09 1.704802 2.764079e+07	0.000000e+00 1.051221e+09
9.732107e+09 1.698511 3.311346e+07	0.000000e+00 1.075177e+09
9.719008e+09 1.692249 3.913838e+07	0.000000e+00 1.099375e+09
9.705910e+09 1.686036 4.572264e+07	0.000000e+00 1.123815e+09
9.692811e+09 1.679854 5.287187e+07	0.000000e+00 1.148494e+09
9.679713e+09 1.673700 6.059052e+07	0.000000e+00 1.173410e+09
9.666615e+09 1.667575 6.888204e+07	0.000000e+00 1.198559e+09
9.653516e+09 1.661477 7.774890e+07	0.000000e+00 1.223939e+09
9.640418e+09 1.655426 8.719303e+07	0.000000e+00 1.249548e+09
9.627319e+09 1.649405 9.721531e+07	2.020244e+06 1.275383e+09
9.614221e+09 1.643411 1.078159e+08	3.790656e+06 1.301442e+09
9.601123e+09 1.637444 1.189941e+08	6.092370e+06 1.327721e+09
9.588024e+09 1.631504 1.307489e+08	8.927184e+06 1.354219e+09
9.574926e+09 1.625607 1.430789e+08	1.229333e+07 1.380932e+09
9.561827e+09 1.619740 1.559820e+08	1.618615e+07 1.407859e+09
9.548729e+09 1.613899 1.694553e+08	2.059890e+07 1.434996e+09
9.535631e+09 1.608084 1.834959e+08	2.552333e+07 1.462340e+09
9.522532e+09 1.602295 1.981001e+08	3.095004e+07 1.489889e+09
9.509434e+09 1.596544 2.132644e+08	3.686913e+07 1.517640e+09
9.496335e+09 1.590825 2.289847e+08	4.326993e+07 1.545591e+09
9.483237e+09 1.585132 2.452565e+08	5.014111e+07 1.573739e+09
9.470139e+09 1.579463 2.620749e+08	5.747104e+07 1.602081e+09
9.457040e+09 1.573819 2.794349e+08	6.524787e+07 1.630614e+09
9.443942e+09 1.568207 2.973313e+08	7.345988e+07 1.659336e+09
9.430844e+09 1.562630 3.157591e+08	8.209548e+07 1.688244e+09
9.417745e+09 1.557078 3.347123e+08	9.114262e+07 1.717335e+09
9.404647e+09 1.551549 3.541851e+08	1.005894e+08 1.746607e+09
9.391548e+09 1.546045 3.741714e+08	1.104239e+08 1.776056e+09
9.378450e+09 1.540565 3.946651e+08	1.135153e+08 1.805680e+09
9.365352e+09 1.535125 4.156603e+08	1.161107e+08 1.835477e+09
9.352253e+09 1.529709 4.371507e+08	1.188967e+08 1.865444e+09
9.339155e+09 1.524315 4.591296e+08	1.218883e+08 1.895577e+09
9.326056e+09 1.518944 4.815904e+08	1.251022e+08 1.925874e+09
9.312958e+09 1.513596 5.045262e+08	1.285565e+08 1.956333e+09
9.299860e+09 1.508282 5.279308e+08	1.322703e+08 1.986951e+09
9.286761e+09 1.502996 5.517976e+08	1.362649e+08 2.017725e+09
9.273663e+09 1.497732 5.761195e+08	1.405636e+08 2.048652e+09
9.260564e+09 1.492490 6.008895e+08	1.451917e+08 2.079730e+09
9.247466e+09 1.487270 6.261007e+08	1.501769e+08 2.110956e+09
9.234368e+09 1.482075 6.517462e+08	1.555492e+08 2.142328e+09
9.221269e+09 1.476914 6.778196e+08	1.613406e+08 2.173842e+09
9.208171e+09 1.471775 7.043137e+08	1.675867e+08 2.205497e+09
9.195072e+09 1.466656 7.312214e+08	1.743265e+08 2.237290e+09
9.181974e+09 1.461559 7.585356e+08	1.816023e+08 2.269217e+09
9.168876e+09 1.456483 7.862494e+08	1.894600e+08 2.301276e+09
9.155777e+09 1.451438 8.143561e+08	1.979487e+08 2.333465e+09
9.142679e+09 1.446418 8.428490e+08	2.071222e+08 2.365782e+09
9.129580e+09 1.441419 8.717209e+08	2.170394e+08 2.398223e+09
9.116482e+09 1.436441 9.009649e+08	2.277642e+08 2.430787e+09
9.103384e+09 1.431482 9.305740e+08	2.393658e+08 2.463469e+09
9.090285e+09 1.426544 9.605412e+08	2.519190e+08 2.496269e+09
9.077187e+09 1.421640 9.908605e+08	2.655028e+08 2.529183e+09
9.064088e+09 1.416755 1.021525e+09	2.802046e+08 2.562210e+09
9.050990e+09 1.411891 1.052527e+09	2.961185e+08 2.595347e+09
9.037892e+09 1.407045 1.083862e+09	3.133457e+08 2.628590e+09
9.024793e+09 1.402220 1.115520e+09	3.319953e+08 2.661938e+09
9.011695e+09 1.397417 1.147497e+09	3.521831e+08 2.695388e+09
8.998597e+09 1.392643 1.179786e+09	3.740324e+08 2.728938e+09
8.985498e+09 1.387888 1.212381e+09	3.976768e+08 2.762586e+09
8.972400e+09 1.383152 1.245274e+09	4.232589e+08 2.796330e+09
8.959301e+09 1.378435 1.278460e+09	4.503712e+08 2.830165e+09
8.946203e+09 1.373736 1.311932e+09	4.780207e+08 2.864091e+09
8.933105e+09 1.369062 1.345683e+09	5.063737e+08 2.898105e+09
8.920006e+09 1.364413 1.379709e+09	5.354464e+08 2.932206e+09
8.906908e+09 1.359782 1.414002e+09	5.652410e+08 2.966389e+09
8.893809e+09 1.355169 1.448557e+09	5.957550e+08 3.000655e+09
8.880711e+09 1.350574 1.483367e+09	6.269826e+08 3.034999e+09
8.867613e+09 1.345997 1.518427e+09	6.589167e+08 3.069419e+09
8.854514e+09 1.341445 1.553730e+09	6.915495e+08 3.103915e+09
8.841416e+09 1.336915 1.589271e+09	7.248722e+08 3.138483e+09
8.828317e+09 1.332403 1.625044e+09	7.588747e+08 3.173121e+09
8.815219e+09 1.327908 1.661044e+09	7.935468e+08 3.207827e+09
8.802121e+09 1.323430 1.697264e+09	8.288775e+08 3.242599e+09
8.789022e+09 1.318970 1.733699e+09	8.648559e+08 3.277435e+09
8.775924e+09 1.314534 1.770343e+09	9.014712e+08 3.312333e+09
8.762825e+09 1.310118 1.807192e+09	9.387123e+08 3.347290e+09
8.749727e+09 1.305720 1.844240e+09	9.708688e+08 3.382306e+09
8.736629e+09 1.301338 1.881481e+09	9.991585e+08 3.417377e+09
8.723530e+09 1.296973 1.918910e+09	1.028011e+09 3.452501e+09
8.710432e+09 1.292625 1.956522e+09	1.057428e+09 3.487676e+09
8.697333e+09 1.288299 1.994312e+09	1.087411e+09 3.522902e+09
8.684235e+09 1.283994 2.032275e+09	1.117962e+09 3.558175e+09
8.671137e+09 1.279704 2.070406e+09	1.149081e+09 3.593494e+09
8.658038e+09 1.275431 2.108700e+09	1.180770e+09 3.628857e+09
8.644940e+09 1.271174 2.147151e+09	1.213030e+09 3.664261e+09
8.631841e+09 1.266933 2.185756e+09	1.245861e+09 3.699705e+09
8.618743e+09 1.262712 2.224509e+09	1.279264e+09 3.735188e+09
8.605645e+09 1.258512 2.263406e+09	1.313239e+09 3.770706e+09
8.592546e+09 1.254328 2.302443e+09	1.347785e+09 3.806260e+09
8.579448e+09 1.250159 2.341614e+09	1.382904e+09 3.841846e+09
8.566350e+09 1.246006 2.380916e+09	1.418594e+09 3.877463e+09
8.553251e+09 1.241868 2.420343e+09	1.454854e+09 3.913109e+09
8.540153e+09 1.237747 2.459891e+09	1.491686e+09 3.948782e+09
8.527054e+09 1.233648 2.499557e+09	1.529086e+09 3.984481e+09
8.513956e+09 1.229565 2.539337e+09	1.567055e+09 4.020204e+09
8.500858e+09 1.225496 2.579225e+09	1.605591e+09 4.055949e+09
8.487759e+09 1.221442 2.619217e+09	1.644693e+09 4.091715e+09
8.474661e+09 1.217403 2.659311e+09	1.684358e+09 4.127499e+09
8.461562e+09 1.213378 2.699500e+09	1.724587e+09 4.163301e+09
8.448464e+09 1.209376 2.739783e+09	1.765375e+09 4.199118e+09
8.435366e+09 1.205390 2.780155e+09	1.806722e+09 4.234950e+09
8.422267e+09 1.201417 2.820612e+09	1.848626e+09 4.270794e+09
8.409169e+09 1.197459 2.861151e+09	1.891083e+09 4.306650e+09
8.396070e+09 1.193515 2.901767e+09	1.934092e+09 4.342514e+09
8.382972e+09 1.189585 2.942456e+09	1.977649e+09 4.382283e+09
8.369874e+09 1.185673 2.983217e+09	2.021752e+09 4.425711e+09
8.356775e+09 1.181779 3.024044e+09	2.066399e+09 4.469008e+09
8.343677e+09 1.177899 3.064936e+09	2.111585e+09 4.512173e+09
8.330578e+09 1.174033 3.105887e+09	2.157308e+09 4.555203e+09
8.317480e+09 1.170180 3.146895e+09	2.203564e+09 4.598096e+09
8.304382e+09 1.166341 3.187956e+09	2.250351e+09 4.640852e+09
8.291283e+09 1.162516 3.229068e+09	2.297664e+09 4.683467e+09
8.278185e+09 1.158712 3.270226e+09	2.345500e+09 4.725943e+09
8.265086e+09 1.154921 3.311429e+09	2.393854e+09 4.768277e+09
8.251988e+09 1.151143 3.352672e+09	2.442725e+09 4.810467e+09
8.238890e+09 1.147378 3.393953e+09	2.492106e+09 4.852513e+09
8.225791e+09 1.143627 3.435269e+09	2.541994e+09 4.894414e+09
8.212693e+09 1.139888 3.476616e+09	2.592386e+09 4.936167e+09
8.199594e+09 1.136166 3.517993e+09	2.643276e+09 4.977772e+09
8.186496e+09 1.132460 3.559395e+09	2.694661e+09 5.019230e+09
8.173398e+09 1.128768 3.600821e+09	2.746536e+09 5.060538e+09
8.160299e+09 1.125088 3.642268e+09	2.798896e+09 5.101695e+09
8.147201e+09 1.121420 3.683732e+09	2.851738e+09 5.142702e+09
8.134103e+09 1.117766 3.725211e+09	2.905055e+09 5.183556e+09
8.121004e+09 1.114123 3.766702e+09	2.958845e+09 5.224258e+09
8.107906e+09 1.110499 3.808204e+09	3.013101e+09 5.264807e+09
8.094807e+09 1.106888 3.849713e+09	3.067819e+09 5.305202e+09
8.081709e+09 1.103289 3.891228e+09	3.122995e+09 5.345444e+09
8.068611e+09 1.099703 3.932744e+09	3.178562e+09 5.385531e+09
8.055512e+09 1.096129 3.974261e+09	3.233859e+09 5.425463e+09
8.042414e+09 1.092567 4.015776e+09	3.288998e+09 5.465239e+09
8.029315e+09 1.089017 4.057285e+09	3.343997e+09 5.504859e+09
8.016217e+09 1.085485 4.098788e+09	3.398863e+09 5.544323e+09
8.003119e+09 1.081965 4.140283e+09	3.453601e+09 5.583632e+09
7.990020e+09 1.078456 4.181766e+09	3.508212e+09 5.622784e+09
7.976922e+09 1.074960 4.223235e+09	3.562697e+09 5.661780e+09
7.963823e+09 1.071475 4.264689e+09	3.617057e+09 5.700618e+09
7.950725e+09 1.068002 4.306126e+09	3.671293e+09 5.739300e+09
7.937627e+09 1.064542 4.347542e+09	3.725403e+09 5.777824e+09
7.924528e+09 1.061097 4.388938e+09	3.779389e+09 5.816192e+09
7.911430e+09 1.057664 4.430309e+09	3.833249e+09 5.854403e+09
7.898331e+09 1.054242 4.471656e+09	3.886983e+09 5.892458e+09
7.885233e+09 1.050831 4.512975e+09	3.940590e+09 5.930355e+09
7.872135e+09 1.047432 4.554264e+09	3.994069e+09 5.968095e+09
7.859036e+09 1.044044 4.595523e+09	4.047419e+09 6.005679e+09
7.845938e+09 1.040669 4.636748e+09	4.100640e+09 6.043105e+09
7.832839e+09 1.037308 4.677939e+09	4.153731e+09 6.080376e+09
7.819741e+09 1.033958 4.719094e+09	4.206691e+09 6.117491e+09
7.806643e+09 1.030619 4.760211e+09	4.259520e+09 6.154450e+09
7.793544e+09 1.027292 4.801288e+09	4.312217e+09 6.191253e+09
7.780446e+09 1.023975 4.842324e+09	4.364781e+09 6.227900e+09
7.767348e+09 1.020668 4.883317e+09	4.417210e+09 6.264392e+09
7.754249e+09 1.017374 4.924265e+09	4.469506e+09 6.300729e+09
7.741151e+09 1.014094 4.965168e+09	4.521666e+09 6.336911e+09
7.728052e+09 1.010824 5.006023e+09	4.573692e+09 6.372940e+09
7.714954e+09 1.007565 5.046829e+09	4.625581e+09 6.408815e+09
7.701856e+09 1.004316 5.087585e+09	4.677334e+09 6.444536e+09
7.688757e+09 1.001078 5.128289e+09	4.728950e+09 6.480104e+09
7.675659e+09 0.997850 5.168940e+09	4.780428e+09 6.515519e+09
7.662560e+09 0.994634 5.209536e+09	4.831768e+09 6.550781e+09
7.649462e+09 0.991431 5.250077e+09	4.882970e+09 6.585892e+09
7.636364e+09 0.988238 5.290560e+09	4.934034e+09 6.620852e+09
7.623265e+09 0.985055 5.330985e+09	4.984959e+09 6.655660e+09
7.610167e+09 0.981883 5.371350e+09	5.035744e+09 6.690319e+09
7.597068e+09 0.978720 5.411655e+09	5.086390e+09 6.724827e+09
7.583970e+09 0.975568 5.451897e+09	5.136896e+09 6.759185e+09
7.570872e+09 0.972426 5.492076e+09	5.187262e+09 6.793395e+09
7.557773e+09 0.969296 5.532190e+09	5.237488e+09 6.827456e+09
7.544675e+09 0.966177 5.572240e+09	5.287573e+09 6.861369e+09
7.531576e+09 0.963068 5.612222e+09	5.337519e+09 6.895135e+09
7.518478e+09 0.959969 5.652137e+09	5.387324e+09 6.928754e+09
7.505380e+09 0.956879 5.691983e+09	5.436988e+09 6.962227e+09
7.492281e+09 0.953799 5.731759e+09	5.486511e+09 6.995554e+09
7.479183e+09 0.950729 5.771465e+09	5.535894e+09 7.028736e+09
7.466084e+09 0.947670 5.811098e+09	5.585136e+09 7.061773e+09
7.452986e+09 0.944622 5.850659e+09	5.634237e+09 7.094667e+09
7.439888e+09 0.941584 5.890147e+09	5.683198e+09 7.127417e+09
7.426789e+09 0.938554 5.929560e+09	5.732018e+09 7.160025e+09
7.413691e+09 0.935535 5.968897e+09	5.780698e+09 7.192490e+09
7.400592e+09 0.932524 6.008158e+09	5.829237e+09 7.224814e+09
7.387494e+09 0.929523 6.047341e+09	5.877636e+09 7.256997e+09
7.374396e+09 0.926532 6.086447e+09	5.925894e+09 7.289040e+09
7.361297e+09 0.923552 6.125474e+09	5.974013e+09 7.320943e+09
7.348199e+09 0.920582 6.164421e+09	6.021992e+09 7.352708e+09
7.335101e+09 0.917620 6.203287e+09	6.069831e+09 7.384334e+09
7.322002e+09 0.914668 6.242073e+09	6.117530e+09 7.415823e+09
7.308904e+09 0.911724 6.280777e+09	6.165090e+09 7.447174e+09
7.295805e+09 0.908790 6.319397e+09	6.212511e+09 7.478389e+09
7.282707e+09 0.905864 6.357935e+09	6.259793e+09 7.509468e+09
7.269609e+09 0.902950 6.396388e+09	6.306936e+09 7.540413e+09
7.256510e+09 0.900044 6.434757e+09	6.353941e+09 7.571223e+09
7.243412e+09 0.897147 6.473040e+09	6.400884e+09 7.601900e+09
7.230313e+09 0.894260 6.511237e+09	6.447752e+09 7.632443e+09
7.217215e+09 0.891381 6.549348e+09	6.494540e+09 7.662854e+09
7.204117e+09 0.888510 6.587371e+09	6.541246e+09 7.693134e+09
7.191018e+09 0.885649 6.625307e+09	6.587868e+09 7.723282e+09
7.177920e+09 0.882796 6.663154e+09	6.634405e+09 7.753300e+09
7.164821e+09 0.879953 6.700912e+09	6.680855e+09 7.783189e+09
7.151723e+09 0.877119 6.738581e+09	6.727216e+09 7.812949e+09
7.138625e+09 0.874294 6.776159e+09	6.773488e+09 7.842580e+09
7.125526e+09 0.871476 6.813647e+09	6.813647e+09 7.872084e+09
7.112428e+09 0.868668 6.851044e+09	6.851044e+09 7.901461e+09
7.099329e+09 0.865867 6.888350e+09	6.888350e+09 7.930712e+09
7.086231e+09 0.863076 6.925563e+09	6.925563e+09 7.959837e+09
7.073133e+09 0.860293 6.962684e+09	6.962684e+09 7.988837e+09
7.060034e+09 0.857519 6.999713e+09	6.999713e+09 8.017714e+09
7.046936e+09 0.854753 7.036647e+09	7.036647e+09 8.046466e+09
7.033837e+09 0.851996 7.073489e+09	7.073489e+09 8.075096e+09
7.020739e+09 0.849246 7.110235e+09	7.110235e+09 8.103604e+09
7.007641e+09 0.846505 7.146888e+09	7.146888e+09 8.131991e+09
6.994542e+09 0.843772 7.183445e+09	7.183445e+09 8.160257e+09
6.981444e+09 0.841047 7.219908e+09	7.219908e+09 8.188402e+09
6.968345e+09 0.838331 7.256274e+09	7.256274e+09 8.216429e+09
6.955247e+09 0.835623 7.292545e+09	7.292545e+09 8.244336e+09
6.942149e+09 0.832923 7.328719e+09	7.328719e+09 8.272126e+09
6.929050e+09 0.830230 7.364797e+09	7.364797e+09 8.299799e+09
6.915952e+09 0.827546 7.400778e+09	7.400778e+09 8.327354e+09
6.902854e+09 0.824870 7.436661e+09	7.436661e+09 8.354794e+09
6.889755e+09 0.822201 7.472447e+09	7.472447e+09 8.382118e+09
6.876657e+09 0.819540 7.508135e+09	7.508135e+09 8.409328e+09
6.863558e+09 0.816888 7.543726e+09	7.543726e+09 8.436424e+09
6.850460e+09 0.814243 7.579218e+09	7.579218e+09 8.463406e+09
6.837362e+09 0.811606 7.614611e+09	7.614611e+09 8.490276e+09
6.824263e+09 0.808976 7.649906e+09	7.649906e+09 8.517034e+09
6.811165e+09 0.806354 7.685101e+09	7.685101e+09 8.543680e+09
6.798066e+09 0.803740 7.720198e+09	7.720198e+09 8.570216e+09
6.784968e+09 0.801133 7.755195e+09	7.755195e+09 8.596642e+09
6.771870e+09 0.798534 7.790092e+09	7.790092e+09 8.622959e+09
6.758771e+09 0.795942 7.824889e+09	7.824889e+09 8.649166e+09
6.745673e+09 0.793358 7.859587e+09	7.859587e+09 8.675266e+09
6.732574e+09 0.790782 7.894185e+09	7.894185e+09 8.701259e+09
6.719476e+09 0.788212 7.928682e+09	7.928682e+09 8.727144e+09
6.706378e+09 0.785650 7.963078e+09	7.963078e+09 8.752924e+09
6.693279e+09 0.783096 7.997375e+09	7.997375e+09 8.778598e+09
6.680181e+09 0.780548 8.031570e+09	8.031570e+09 8.804167e+09
6.667082e+09 0.778008 8.065664e+09	8.065664e+09 8.842738e+09
6.653984e+09 0.775475 8.099658e+09	8.099658e+09 8.881100e+09
6.640886e+09 0.772950 8.133550e+09	8.133550e+09 8.919216e+09
6.627787e+09 0.770431 8.167342e+09	8.167342e+09 8.957088e+09
6.614689e+09 0.767919 8.201032e+09	8.201032e+09 8.994716e+09
6.601590e+09 0.765415 8.234620e+09	8.234620e+09 9.032103e+09
6.588492e+09 0.762918 8.268108e+09	8.268108e+09 9.069250e+09
6.575394e+09 0.760428 8.301493e+09	8.301493e+09 9.106158e+09
6.562295e+09 0.757944 8.334778e+09	8.334778e+09 9.142828e+09
6.549197e+09 0.755468 8.367960e+09	8.367960e+09 9.179263e+09
6.536098e+09 0.752998 8.401041e+09	8.401041e+09 9.215464e+09
6.523000e+09 0.750535 8.434020e+09	8.434020e+09 9.251432e+09
6.509902e+09 0.748079 8.466897e+09	8.466897e+09 9.287168e+09
6.496803e+09 0.745630 8.499673e+09	8.499673e+09 9.322675e+09
6.483705e+09 0.743188 8.532346e+09	8.532346e+09 9.357953e+09
6.470607e+09 0.740753 8.564918e+09	8.564918e+09 9.393004e+09
6.457508e+09 0.738324 8.597388e+09	8.597388e+09 9.427830e+09
6.444410e+09 0.735902 8.629756e+09	8.629756e+09 9.462431e+09
6.431311e+09 0.733486 8.662022e+09	8.662022e+09 9.496809e+09
6.418213e+09 0.731076 8.694186e+09	8.694186e+09 9.530967e+09
6.405115e+09 0.728674 8.726249e+09	8.726249e+09 9.564904e+09
6.392016e+09 0.726278 8.758209e+09	8.758209e+09 9.598623e+09
6.378918e+09 0.723889 8.790068e+09	8.790068e+09 9.632125e+09
6.365819e+09 0.721506 8.821825e+09	8.821825e+09 9.665411e+09
6.352721e+09 0.719130 8.853480e+09	8.853480e+09 9.698483e+09
6.339623e+09 0.716760 8.885034e+09	8.885034e+09 9.731343e+09
6.326524e+09 0.714396 8.916485e+09	8.916485e+09 9.763991e+09
6.313426e+09 0.712039 8.947835e+09	8.947835e+09 9.796428e+09
6.300327e+09 0.709688 8.979084e+09	8.979084e+09 9.828657e+09
6.287229e+09 0.707343 9.010231e+09	9.010231e+09 9.860679e+09
6.274131e+09 0.705005 9.041276e+09	9.041276e+09 9.892495e+09
6.261032e+09 0.702673 9.072220e+09	9.072220e+09 9.924107e+09
6.247934e+09 0.700347 9.103063e+09	9.103063e+09 9.955515e+09
6.234835e+09 0.698028 9.133805e+09	9.133805e+09 9.986740e+09
6.221737e+09 0.695714 9.164445e+09	9.164445e+09 1.001778e+10
6.208639e+09 0.693406 9.194984e+09	9.194984e+09 1.004864e+10
6.195540e+09 0.691104 9.225422e+09	9.225422e+09 1.007932e+10
6.182442e+09 0.688809 9.255759e+09	9.255759e+09 1.010981e+10
6.169343e+09 0.686519 9.285995e+09	9.285995e+09 1.014013e+10
6.156245e+09 0.684236 9.316131e+09	9.316131e+09 1.017027e+10
6.143147e+09 0.681960 9.346166e+09	9.346166e+09 1.020023e+10
6.130048e+09 0.679689 9.376101e+09	9.376101e+09 1.023001e+10
6.116950e+09 0.677423 9.405935e+09	9.405935e+09 1.025962e+10
6.103851e+09 0.675163 9.435669e+09	9.435669e+09 1.028905e+10
6.090753e+09 0.672909 9.465302e+09	9.465302e+09 1.031832e+10
6.077655e+09 0.670661 9.494835e+09	9.494835e+09 1.034741e+10
6.064556e+09 0.668419 9.524269e+09	9.524269e+09 1.037633e+10
6.051458e+09 0.666183 9.553603e+09	9.553603e+09 1.040508e+10
6.038360e+09 0.663953 9.582837e+09	9.582837e+09 1.043366e+10
6.025261e+09 0.661729 9.611971e+09	9.611971e+09 1.046207e+10
6.012163e+09 0.659510 9.641007e+09	9.641007e+09 1.049032e+10
5.999064e+09 0.657296 9.669942e+09	9.669942e+09 1.051840e+10
5.985966e+09 0.655088 9.698779e+09	9.698779e+09 1.054632e+10
5.972868e+09 0.652885 9.727517e+09	9.727517e+09 1.057408e+10
5.959769e+09 0.650689 9.756156e+09	9.756156e+09 1.060167e+10
5.946671e+09 0.648498 9.784696e+09	9.784696e+09 1.062911e+10
5.933572e+09 0.646313 9.813137e+09	9.813137e+09 1.065638e+10
5.920474e+09 0.644134 9.841481e+09	9.841481e+09 1.068350e+10
5.907376e+09 0.641961 9.869726e+09	9.869726e+09 1.071046e+10
5.894277e+09 0.639792 9.897873e+09	9.897873e+09 1.073726e+10
5.881179e+09 0.637628 9.925922e+09	9.925922e+09 1.076391e+10
5.868080e+09 0.635469 9.953874e+09	9.953874e+09 1.079040e+10
5.854982e+09 0.633317 9.981728e+09	9.981728e+09 1.081674e+10
5.841884e+09 0.631169 1.000948e+10	1.000948e+10 1.084293e+10
5.828785e+09 0.629028 1.003714e+10	1.003714e+10 1.086896e+10
5.815687e+09 0.626892 1.006471e+10	1.006471e+10 1.089485e+10
5.802588e+09 0.624762 1.009217e+10	1.009217e+10 1.092059e+10
5.789490e+09 0.622637 1.011954e+10	1.011954e+10 1.094618e+10
5.776392e+09 0.620516 1.014681e+10	1.014681e+10 1.097311e+10
5.763293e+09 0.618400 1.017399e+10	1.017399e+10 1.100638e+10
5.750195e+09 0.616289 1.020107e+10	1.020107e+10 1.103951e+10
5.737096e+09 0.614184 1.022805e+10	1.022805e+10 1.107250e+10
5.723998e+09 0.612084 1.025494e+10	1.025494e+10 1.110535e+10
5.710900e+09 0.609990 1.028173e+10	1.028173e+10 1.113806e+10
5.697801e+09 0.607901 1.030843e+10	1.030843e+10 1.117063e+10
5.684703e+09 0.605818 1.033503e+10	1.033503e+10 1.120306e+10
5.671604e+09 0.603740 1.036154e+10	1.036154e+10 1.123536e+10
5.658506e+09 0.601665 1.038795e+10	1.038795e+10 1.126752e+10
5.645408e+09 0.599595 1.041427e+10	1.041427e+10 1.129954e+10
5.632309e+09 0.597531 1.044050e+10	1.044050e+10 1.133142e+10
5.619211e+09 0.595471 1.046663e+10	1.046663e+10 1.136317e+10
5.606113e+09 0.593417 1.049266e+10	1.049266e+10 1.139479e+10
5.593014e+09 0.591369 1.051860e+10	1.051860e+10 1.142627e+10
5.579916e+09 0.589325 1.054445e+10	1.054445e+10 1.145762e+10
5.566817e+09 0.587287 1.057021e+10	1.057021e+10 1.148884e+10
5.553719e+09 0.585254 1.059587e+10	1.059587e+10 1.151992e+10
5.540621e+09 0.583223 1.062144e+10	1.062144e+10 1.155088e+10
5.527522e+09 0.581198 1.064692e+10	1.064692e+10 1.158170e+10
5.514424e+09 0.579177 1.067230e+10	1.067230e+10 1.161239e+10
5.501325e+09 0.577162 1.069759e+10	1.069759e+10 1.164295e+10
5.488227e+09 0.575152 1.072279e+10	1.072279e+10 1.167338e+10
5.475129e+09 0.573147 1.074790e+10	1.074790e+10 1.170368e+10
5.462030e+09 0.571147 1.077292e+10	1.077292e+10 1.173386e+10
5.448932e+09 0.569152 1.079784e+10	1.079784e+10 1.176391e+10
5.435833e+09 0.567162 1.082268e+10	1.082268e+10 1.179383e+10
5.422735e+09 0.565175 1.084742e+10	1.084742e+10 1.182362e+10
5.409637e+09 0.563192 1.087207e+10	1.087207e+10 1.185329e+10
5.396538e+09 0.561214 1.089664e+10	1.089265e+10 1.188284e+10
5.383440e+09 0.559241 1.092111e+10	1.091051e+10 1.191226e+10
5.370341e+09 0.557273 1.094549e+10	1.092831e+10 1.194155e+10
5.357243e+09 0.555310 1.096978e+10	1.094605e+10 1.197073e+10
5.344145e+09 0.553352 1.099398e+10	1.096375e+10 1.199978e+10
5.331046e+09 0.551399 1.101810e+10	1.098138e+10 1.202870e+10
5.317948e+09 0.549450 1.104212e+10	1.099896e+10 1.205751e+10
5.304849e+09 0.547505 1.106606e+10	1.101649e+10 1.208620e+10
5.291751e+09 0.545563 1.108990e+10	1.103397e+10 1.211476e+10
5.278653e+09 0.543626 1.111366e+10	1.105139e+10 1.214320e+10
5.265554e+09 0.541694 1.113733e+10	1.106875e+10 1.217153e+10
5.252456e+09 0.539766 1.116092e+10	1.108607e+10 1.219974e+10
5.239358e+09 0.537844 1.118441e+10	1.110333e+10 1.222782e+10
5.226259e+09 0.535926 1.120782e+10	1.112054e+10 1.225579e+10
5.213161e+09 0.534013 1.123114e+10	1.113770e+10 1.228365e+10
5.200062e+09 0.532105 1.125437e+10	1.115480e+10 1.231139e+10
5.186964e+09 0.530200 1.127752e+10	1.117186e+10 1.233901e+10
5.173866e+09 0.528297 1.130058e+10	1.118886e+10 1.236651e+10
5.160767e+09 0.526400 1.132355e+10	1.120582e+10 1.239390e+10
5.147669e+09 0.524507 1.134644e+10	1.122272e+10 1.242118e+10
5.134570e+09 0.522618 1.136924e+10	1.123957e+10 1.244834e+10
5.121472e+09 0.520735 1.139196e+10	1.125638e+10 1.247539e+10
5.108374e+09 0.518856 1.141459e+10	1.127313e+10 1.250233e+10
5.095275e+09 0.516981 1.143714e+10	1.128984e+10 1.252915e+10
5.082177e+09 0.515112 1.145960e+10	1.130649e+10 1.255586e+10
5.069078e+09 0.513246 1.148197e+10	1.132310e+10 1.258247e+10
5.055980e+09 0.511382 1.150427e+10	1.133966e+10 1.260896e+10
5.042882e+09 0.509522 1.152648e+10	1.135617e+10 1.263534e+10
5.029783e+09 0.507667 1.154860e+10	1.137264e+10 1.266161e+10
5.016685e+09 0.505816 1.157064e+10	1.138905e+10 1.268777e+10
5.003586e+09 0.503970 1.159260e+10	1.140542e+10 1.271383e+10
4.990488e+09 0.502129 1.161447e+10	1.142175e+10 1.273977e+10
4.977390e+09 0.500291 1.163627e+10	1.143803e+10 1.276561e+10
4.964291e+09 0.498459 1.165797e+10	1.145426e+10 1.279122e+10
4.951193e+09 0.496631 1.167960e+10	1.147044e+10 1.281660e+10
4.938094e+09 0.494804 1.170115e+10	1.148658e+10 1.284175e+10
4.924996e+09 0.492981 1.172261e+10	1.150268e+10 1.286670e+10
4.911898e+09 0.491162 1.174399e+10	1.151873e+10 1.289142e+10
4.898799e+09 0.489348 1.176529e+10	1.153473e+10 1.291594e+10
4.885701e+09 0.487538 1.178651e+10	1.155069e+10 1.294026e+10
4.872602e+09 0.485732 1.180765e+10	1.156661e+10 1.296437e+10
4.859504e+09 0.483931 1.182870e+10	1.158248e+10 1.298828e+10
4.846406e+09 0.482134 1.184968e+10	1.159831e+10 1.301199e+10
4.833307e+09 0.480342 1.187057e+10	1.161409e+10 1.303550e+10
4.820209e+09 0.478552 1.189139e+10	1.162983e+10 1.305883e+10
4.807111e+09 0.476764 1.191213e+10	1.164553e+10 1.308195e+10
4.794012e+09 0.474980 1.193279e+10	1.166119e+10 1.310489e+10
4.780914e+09 0.473201 1.195336e+10	1.167681e+10 1.312764e+10
4.767815e+09 0.471426 1.197386e+10	1.169238e+10 1.315020e+10
4.754717e+09 0.469655 1.199428e+10	1.170791e+10 1.317258e+10
4.741619e+09 0.467888 1.201462e+10	1.172340e+10 1.319478e+10
4.728520e+09 0.466126 1.203489e+10	1.173884e+10 1.321680e+10
4.715422e+09 0.464368 1.205507e+10	1.175425e+10 1.323863e+10
4.702323e+09 0.462614 1.207518e+10	1.176962e+10 1.326029e+10
4.689225e+09 0.460861 1.209521e+10	1.178494e+10 1.328178e+10
4.676127e+09 0.459111 1.211516e+10	1.180023e+10 1.330309e+10
4.663028e+09 0.457365 1.213504e+10	1.181547e+10 1.332422e+10
4.649930e+09 0.455624 1.215484e+10	1.183068e+10 1.334519e+10
4.636831e+09 0.453886 1.217456e+10	1.184584e+10 1.336598e+10
4.623733e+09 0.452153 1.219421e+10	1.186097e+10 1.338661e+10
4.610635e+09 0.450424 1.221378e+10	1.187606e+10 1.340708e+10
4.597536e+09 0.448699 1.223327e+10	1.189111e+10 1.342738e+10
4.584438e+09 0.446978 1.225269e+10	1.190612e+10 1.344751e+10
4.571339e+09 0.445261 1.227204e+10	1.192109e+10 1.346749e+10
4.558241e+09 0.443544 1.229131e+10	1.193602e+10 1.348730e+10
4.545143e+09 0.441830 1.231050e+10	1.195092e+10 1.350695e+10
4.532044e+09 0.440121 1.232962e+10	1.196577e+10 1.352645e+10
4.518946e+09 0.438416 1.234866e+10	1.198059e+10 1.354579e+10
4.505847e+09 0.436715 1.236764e+10	1.199538e+10 1.356498e+10
4.492749e+09 0.435018 1.238653e+10	1.201012e+10 1.358401e+10
4.479651e+09 0.433325 1.240536e+10	1.202483e+10 1.360290e+10
4.466552e+09 0.431636 1.242411e+10	1.203951e+10 1.362163e+10
4.453454e+09 0.429951 1.244278e+10	1.205414e+10 1.364021e+10
4.440355e+09 0.428268 1.246139e+10	1.206874e+10 1.365865e+10
4.427257e+09 0.426586 1.247992e+10	1.208331e+10 1.367693e+10
4.414159e+09 0.424908 1.249838e+10	1.209784e+10 1.369508e+10
4.401060e+09 0.423234 1.251676e+10	1.211233e+10 1.371308e+10
4.387962e+09 0.421564 1.253508e+10	1.212679e+10 1.373093e+10
4.374864e+09 0.419898 1.255332e+10	1.214121e+10 1.374865e+10
4.361765e+09 0.418235 1.257149e+10	1.215560e+10 1.376622e+10
4.348667e+09 0.416577 1.258959e+10	1.216995e+10 1.378366e+10
4.335568e+09 0.414922 1.260762e+10	1.218427e+10 1.380095e+10
4.322470e+09 0.413272 1.262558e+10	1.219856e+10 1.381811e+10
4.309372e+09 0.411622 1.264347e+10	1.221281e+10 1.383514e+10
4.296273e+09 0.409974 1.266129e+10	1.222702e+10 1.385203e+10
4.283175e+09 0.408330 1.267903e+10	1.224121e+10 1.386879e+10
4.270076e+09 0.406690 1.269671e+10	1.225536e+10 1.388541e+10
4.256978e+09 0.405054 1.271432e+10	1.226947e+10 1.390191e+10
4.243880e+09 0.403421 1.273186e+10	1.228356e+10 1.391827e+10
4.230781e+09 0.401793 1.274933e+10	1.229761e+10 1.393451e+10
4.217683e+09 0.400168 1.276673e+10	1.231163e+10 1.395062e+10
4.204584e+09 0.398547 1.278406e+10	1.232561e+10 1.396660e+10
4.191486e+09 0.396929 1.280133e+10	1.233957e+10 1.398246e+10
4.178388e+09 0.395312 1.281852e+10	1.235349e+10 1.399819e+10
4.165289e+09 0.393697 1.283565e+10	1.236738e+10 1.401380e+10
4.152191e+09 0.392086 1.285271e+10	1.238124e+10 1.402929e+10
4.139092e+09 0.390478 1.286970e+10	1.239507e+10 1.404465e+10
4.125994e+09 0.388874 1.288663e+10	1.240886e+10 1.405990e+10
4.112896e+09 0.387274 1.290348e+10	1.242263e+10 1.407502e+10
4.099797e+09 0.385678 1.292027e+10	1.243636e+10 1.409003e+10
4.086699e+09 0.384085 1.293700e+10	1.245006e+10 1.410492e+10
4.073600e+09 0.382496 1.295366e+10	1.246373e+10 1.411970e+10
4.060502e+09 0.380911 1.297025e+10	1.247738e+10 1.413436e+10
4.047404e+09 0.379325 1.298678e+10	1.249099e+10 1.414890e+10
4.034305e+09 0.377742 1.300324e+10	1.250457e+10 1.416333e+10
4.021207e+09 0.376162 1.301963e+10	1.251812e+10 1.417765e+10
4.008108e+09 0.374586 1.303596e+10	1.253165e+10 1.419186e+10
3.995010e+09 0.373014 1.305223e+10	1.254514e+10 1.420596e+10
3.981912e+09 0.371445 1.306843e+10	1.255860e+10 1.421995e+10
3.968813e+09 0.369879 1.308456e+10	1.257204e+10 1.423383e+10
3.955715e+09 0.368318 1.310063e+10	1.258544e+10 1.424760e+10
3.942617e+09 0.366759 1.311664e+10	1.259882e+10 1.426126e+10
3.929518e+09 0.365205 1.313259e+10	1.261217e+10 1.427482e+10
3.916420e+09 0.363650 1.314847e+10	1.262549e+10 1.428827e+10
3.903321e+09 0.362098 1.316428e+10	1.263878e+10 1.430162e+10
3.890223e+09 0.360548 1.318004e+10	1.265205e+10 1.431487e+10
3.877125e+09 0.359002 1.319573e+10	1.266528e+10 1.432801e+10
3.864026e+09 0.357460 1.321135e+10	1.267849e+10 1.434105e+10
3.850928e+09 0.355921 1.322692e+10	1.269167e+10 1.435399e+10
3.837829e+09 0.354386 1.324242e+10	1.270482e+10 1.436683e+10
3.824731e+09 0.352854 1.325786e+10	1.271795e+10 1.437957e+10
3.811633e+09 0.351326 1.327324e+10	1.273105e+10 1.439222e+10
3.798534e+09 0.349801 1.328856e+10	1.274412e+10 1.440476e+10
3.785436e+09 0.348277 1.330381e+10	1.275717e+10 1.441721e+10
3.772337e+09 0.346753 1.331901e+10	1.277019e+10 1.442956e+10
3.759239e+09 0.345233 1.333414e+10	1.278318e+10 1.444182e+10
3.746141e+09 0.343717 1.334921e+10	1.279614e+10 1.445398e+10
3.733042e+09 0.342204 1.336422e+10	1.280908e+10 1.446605e+10
3.719944e+09 0.340694 1.337917e+10	1.282200e+10 1.447803e+10
3.706845e+09 0.339187 1.339406e+10	1.283489e+10 1.448991e+10
3.693747e+09 0.337684 1.340890e+10	1.284775e+10 1.450171e+10
3.680649e+09 0.336185 1.342367e+10	1.286059e+10 1.451341e+10
3.667550e+09 0.334688 1.343838e+10	1.287340e+10 1.452502e+10
3.654452e+09 0.333194 1.345303e+10	1.288618e+10 1.453654e+10
3.641353e+09 0.331699 1.346763e+10	1.289895e+10 1.454798e+10
3.628255e+09 0.330207 1.348216e+10	1.291168e+10 1.455932e+10
3.615157e+09 0.328719 1.349664e+10	1.292439e+10 1.457058e+10
3.602058e+09 0.327234 1.351105e+10	1.293708e+10 1.458176e+10
3.588960e+09 0.325752 1.352541e+10	1.294974e+10 1.459284e+10
3.575861e+09 0.324274 1.353971e+10	1.296238e+10 1.460385e+10
3.562763e+09 0.322798 1.355396e+10	1.297499e+10 1.461476e+10
3.549665e+09 0.321326 1.356814e+10	1.298758e+10 1.462560e+10
3.536566e+09 0.319858 1.358227e+10	1.300015e+10 1.463635e+10
3.523468e+09 0.318392 1.359634e+10	1.301269e+10 1.464702e+10
3.510370e+09 0.316925 1.361036e+10	1.302521e+10 1.465761e+10
3.497271e+09 0.315461 1.362432e+10	1.303771e+10 1.466812e+10
3.484173e+09 0.314000 1.363822e+10	1.305018e+10 1.467854e+10
3.471074e+09 0.312542 1.365206e+10	1.306263e+10 1.468889e+10
3.457976e+09 0.311087 1.366585e+10	1.307505e+10 1.469916e+10
3.444878e+09 0.309635 1.367958e+10	1.308746e+10 1.470934e+10
3.431779e+09 0.308187 1.369326e+10	1.309984e+10 1.471946e+10
3.418681e+09 0.306742 1.370688e+10	1.311219e+10 1.472949e+10
3.405582e+09 0.305300 1.372044e+10	1.312453e+10 1.473945e+10
3.392484e+09 0.303861 1.373395e+10	1.313684e+10 1.474933e+10
3.379386e+09 0.302423 1.374741e+10	1.314913e+10 1.475914e+10
3.366287e+09 0.300984 1.376081e+10	1.316140e+10 1.476887e+10
3.353189e+09 0.299549 1.377415e+10	1.317365e+10 1.477853e+10
3.340090e+09 0.298118 1.378744e+10	1.318587e+10 1.478811e+10
3.326992e+09 0.296689 1.380068e+10	1.319807e+10 1.479762e+10
3.313894e+09 0.295263 1.381386e+10	1.321025e+10 1.480706e+10
3.300795e+09 0.293841 1.382699e+10	1.322241e+10 1.481643e+10
3.287697e+09 0.292422 1.384007e+10	1.323455e+10 1.482572e+10
3.274598e+09 0.291005 1.385309e+10	1.324667e+10 1.483495e+10
3.261500e+09 0.289592 1.386606e+10	1.325876e+10 1.484410e+10
3.248402e+09 0.288182 1.387897e+10	1.327084e+10 1.485319e+10
3.235303e+09 0.286769 1.389184e+10	1.328289e+10 1.486220e+10
3.222205e+09 0.285360 1.390465e+10	1.329493e+10 1.487115e+10
3.209106e+09 0.283953 1.391741e+10	1.330694e+10 1.488003e+10
3.196008e+09 0.282550 1.393011e+10	1.331893e+10 1.488884e+10
3.182910e+09 0.281149 1.394276e+10	1.333090e+10 1.489759e+10
3.169811e+09 0.279752 1.395537e+10	1.334286e+10 1.490626e+10
3.156713e+09 0.278358 1.396792e+10	1.335479e+10 1.491488e+10
3.143615e+09 0.276966 1.398041e+10	1.336670e+10 1.492342e+10
3.130516e+09 0.275578 1.399286e+10	1.337859e+10 1.493191e+10
3.117418e+09 0.274193 1.400526e+10	1.339046e+10 1.494033e+10
3.104319e+09 0.272808 1.401760e+10	1.340232e+10 1.494868e+10
3.091221e+09 0.271423 1.402990e+10	1.341415e+10 1.495697e+10
3.078123e+09 0.270040 1.404214e+10	1.342596e+10 1.496520e+10
3.065024e+09 0.268661 1.405433e+10	1.343776e+10 1.497336e+10
3.051926e+09 0.267285 1.406648e+10	1.344953e+10 1.498147e+10
3.038827e+09 0.265912 1.407857e+10	1.346129e+10 1.498951e+10
3.025729e+09 0.264542 1.409061e+10	1.347303e+10 1.499749e+10
3.012631e+09 0.263175 1.410261e+10	1.348475e+10 1.500541e+10
2.999532e+09 0.261810 1.411455e+10	1.349645e+10 1.501327e+10
2.986434e+09 0.260449 1.412645e+10	1.350813e+10 1.502107e+10
2.973335e+09 0.259091 1.413829e+10	1.351979e+10 1.502882e+10
2.960237e+09 0.257730 1.415009e+10	1.353143e+10 1.503650e+10
2.947139e+09 0.256371 1.416184e+10	1.354306e+10 1.504412e+10
2.934040e+09 0.255016 1.417354e+10	1.355467e+10 1.505169e+10
2.920942e+09 0.253663 1.418519e+10	1.356626e+10 1.505920e+10
2.907843e+09 0.252313 1.419679e+10	1.357783e+10 1.506665e+10
2.894745e+09 0.250966 1.420834e+10	1.358938e+10 1.507405e+10
2.881647e+09 0.249622 1.421985e+10	1.360092e+10 1.508139e+10
2.868548e+09 0.248281 1.423131e+10	1.361244e+10 1.508868e+10
2.855450e+09 0.246943 1.424272e+10	1.362394e+10 1.509591e+10
2.842351e+09 0.245608 1.425409e+10	1.363543e+10 1.510308e+10
2.829253e+09 0.244274 1.426540e+10	1.364689e+10 1.511020e+10
2.816155e+09 0.242938 1.427667e+10	1.365834e+10 1.511727e+10
2.803056e+09 0.241605 1.428790e+10	1.366978e+10 1.512428e+10
2.789958e+09 0.240275 1.429907e+10	1.368119e+10 1.513124e+10
2.776859e+09 0.238948 1.431020e+10	1.369259e+10 1.513815e+10
2.763761e+09 0.237624 1.432129e+10	1.370397e+10 1.514501e+10
2.750663e+09 0.236302 1.433233e+10	1.371534e+10 1.515181e+10
2.737564e+09 0.234984 1.434332e+10	1.372669e+10 1.515856e+10
2.724466e+09 0.233668 1.435426e+10	1.373802e+10 1.516526e+10
2.711368e+09 0.232355 1.436516e+10	1.374933e+10 1.517191e+10
2.698269e+09 0.231044 1.437602e+10	1.376063e+10 1.517851e+10
2.685171e+09 0.229734 1.438683e+10	1.377192e+10 1.518506e+10
2.672072e+09 0.228423 1.439759e+10	1.378319e+10 1.519156e+10
2.658974e+09 0.227115 1.440831e+10	1.379444e+10 1.519801e+10
2.645876e+09 0.225810 1.441899e+10	1.380567e+10 1.520442e+10
2.632777e+09 0.224507 1.442962e+10	1.381689e+10 1.521077e+10
2.619679e+09 0.223208 1.444021e+10	1.382810e+10 1.521708e+10
2.606580e+09 0.221911 1.445075e+10	1.383929e+10 1.522333e+10
2.593482e+09 0.220616 1.446124e+10	1.385046e+10 1.522954e+10
2.580384e+09 0.219325 1.447170e+10	1.386162e+10 1.523571e+10
2.567285e+09 0.218036 1.448211e+10	1.387276e+10 1.524182e+10
2.554187e+09 0.216750 1.449247e+10	1.388389e+10 1.524789e+10
2.541088e+09 0.215463 1.450280e+10	1.389500e+10 1.525392e+10
2.527990e+09 0.214176 1.451308e+10	1.390610e+10 1.525990e+10
2.514892e+09 0.212892 1.452331e+10	1.391718e+10 1.526583e+10
2.501793e+09 0.211611 1.453351e+10	1.392825e+10 1.527172e+10
2.488695e+09 0.210332 1.454366e+10	1.393930e+10 1.527756e+10
2.475596e+09 0.209056 1.455377e+10	1.395034e+10 1.528336e+10
2.462498e+09 0.207782 1.456383e+10	1.396136e+10 1.528912e+10
2.449400e+09 0.206512 1.457385e+10	1.397237e+10 1.529483e+10
2.436301e+09 0.205244 1.458384e+10	1.398336e+10 1.530050e+10
2.423203e+09 0.203978 1.459377e+10	1.399435e+10 1.530612e+10
2.410104e+09 0.202716 1.460367e+10	1.400531e+10 1.531170e+10
2.397006e+09 0.201451 1.461353e+10	1.401626e+10 1.531724e+10
2.383908e+09 0.200188 1.462334e+10	1.402720e+10 1.532274e+10
2.370809e+09 0.198927 1.463311e+10	1.403813e+10 1.532820e+10
2.357711e+09 0.197668 1.464285e+10	1.404904e+10 1.533361e+10
2.344612e+09 0.196412 1.465254e+10	1.405993e+10 1.533899e+10
2.331514e+09 0.195159 1.466218e+10	1.407082e+10 1.534432e+10
2.318416e+09 0.193909 1.467179e+10	1.408169e+10 1.534961e+10
2.305317e+09 0.192661 1.468136e+10	1.409254e+10 1.535486e+10
2.292219e+09 0.191416 1.469089e+10	1.410339e+10 1.536007e+10
2.279121e+09 0.190173 1.470037e+10	1.411421e+10 1.536525e+10
2.266022e+09 0.188933 1.470982e+10	1.412503e+10 1.537038e+10
2.252924e+09 0.187691 1.471923e+10	1.413583e+10 1.537547e+10
2.239825e+09 0.186450 1.472860e+10	1.414662e+10 1.538053e+10
2.226727e+09 0.185211 1.473792e+10	1.415740e+10 1.538554e+10
2.213629e+09 0.183975 1.474721e+10	1.416816e+10 1.539052e+10
2.200530e+09 0.182741 1.475646e+10	1.417892e+10 1.539546e+10
2.187432e+09 0.181510 1.476567e+10	1.418965e+10 1.540036e+10
2.174333e+09 0.180282 1.477484e+10	1.420038e+10 1.540523e+10
2.161235e+09 0.179056 1.478397e+10	1.421109e+10 1.541006e+10
2.148137e+09 0.177833 1.479306e+10	1.422179e+10 1.541485e+10
2.135038e+09 0.176612 1.480211e+10	1.423248e+10 1.541960e+10
2.121940e+09 0.175394 1.481113e+10	1.424316e+10 1.542432e+10
2.108841e+09 0.174174 1.482011e+10	1.425382e+10 1.542900e+10
2.095743e+09 0.172955 1.482904e+10	1.426447e+10 1.543365e+10
2.082645e+09 0.171737 1.483794e+10	1.427511e+10 1.543826e+10
2.069546e+09 0.170523 1.484681e+10	1.428574e+10 1.544283e+10
2.056448e+09 0.169311 1.485563e+10	1.429636e+10 1.544737e+10
2.043349e+09 0.168101 1.486442e+10	1.430696e+10 1.545188e+10
2.030251e+09 0.166894 1.487317e+10	1.431755e+10 1.545635e+10
2.017153e+09 0.165690 1.488188e+10	1.432813e+10 1.546078e+10
2.004054e+09 0.164487 1.489055e+10	1.433870e+10 1.546519e+10
1.990956e+09 0.163288 1.489919e+10	1.434926e+10 1.546955e+10
1.977857e+09 0.162091 1.490779e+10	1.435980e+10 1.547389e+10
1.964759e+09 0.160893 1.491635e+10	1.437034e+10 1.547819e+10
1.951661e+09 0.159694 1.492488e+10	1.438086e+10 1.548246e+10
1.938562e+09 0.158498 1.493337e+10	1.439137e+10 1.548670e+10
1.925464e+09 0.157304 1.494182e+10	1.440187e+10 1.549090e+10
1.912365e+09 0.156113 1.495024e+10	1.441236e+10 1.549507e+10
1.899267e+09 0.154924 1.495862e+10	1.442284e+10 1.549921e+10
1.886169e+09 0.153738 1.496697e+10	1.443331e+10 1.550331e+10
1.873070e+09 0.152554 1.497528e+10	1.444376e+10 1.550739e+10
1.859972e+09 0.151372 1.498355e+10	1.445421e+10 1.551143e+10
1.846874e+09 0.150193 1.499179e+10	1.446464e+10 1.551544e+10
1.833775e+09 0.149016 1.499999e+10	1.447507e+10 1.551942e+10
1.820677e+09 0.147840 1.500816e+10	1.448548e+10 1.552337e+10
1.807578e+09 0.146662 1.501629e+10	1.449588e+10 1.552729e+10
1.794480e+09 0.145486 1.502439e+10	1.450628e+10 1.553118e+10
1.781382e+09 0.144312 1.503245e+10	1.451666e+10 1.553504e+10
1.768283e+09 0.143141 1.504047e+10	1.452703e+10 1.553887e+10
1.755185e+09 0.141972 1.504847e+10	1.453739e+10 1.554267e+10
1.742086e+09 0.140806 1.505642e+10	1.454775e+10 1.554643e+10
1.728988e+09 0.139642 1.506435e+10	1.455809e+10 1.555017e+10
1.715890e+09 0.138480 1.507224e+10	1.456842e+10 1.555389e+10
1.702791e+09 0.137321 1.508009e+10	1.457874e+10 1.555757e+10
1.689693e+09 0.136164 1.508791e+10	1.458905e+10 1.556122e+10
1.676594e+09 0.135009 1.509570e+10	1.459935e+10 1.556485e+10
1.663496e+09 0.133851 1.510345e+10	1.460965e+10 1.556844e+10
1.650398e+09 0.132694 1.511117e+10	1.461993e+10 1.557201e+10
1.637299e+09 0.131540 1.511886e+10	1.463020e+10 1.557555e+10
1.624201e+09 0.130388 1.512651e+10	1.464046e+10 1.557906e+10
1.611102e+09 0.129239 1.513413e+10	1.465072e+10 1.558255e+10
1.598004e+09 0.128092 1.514172e+10	1.466096e+10 1.558600e+10
1.584906e+09 0.126947 1.514927e+10	1.467120e+10 1.558943e+10
1.571807e+09 0.125805 1.515679e+10	1.468142e+10 1.559284e+10
1.558709e+09 0.124665 1.516428e+10	1.469164e+10 1.559621e+10
1.545610e+09 0.123527 1.517173e+10	1.470185e+10 1.559957e+10
1.532512e+09 0.122391 1.517915e+10	1.471204e+10 1.560289e+10
1.519414e+09 0.121254 1.518654e+10	1.472223e+10 1.560619e+10
1.506315e+09 0.120116 1.519390e+10	1.473241e+10 1.560946e+10
1.493217e+09 0.118981 1.520123e+10	1.474259e+10 1.561270e+10
1.480118e+09 0.117848 1.520852e+10	1.475275e+10 1.561592e+10
1.467020e+09 0.116718 1.521578e+10	1.476290e+10 1.561912e+10
1.453922e+09 0.115589 1.522301e+10	1.477305e+10 1.562229e+10
1.440823e+09 0.114463 1.523021e+10	1.478318e+10 1.562543e+10
1.427725e+09 0.113340 1.523738e+10	1.479331e+10 1.562855e+10
1.414627e+09 0.112218 1.524451e+10	1.480343e+10 1.563164e+10
1.401528e+09 0.111099 1.525161e+10	1.481354e+10 1.563471e+10
1.388430e+09 0.109982 1.525869e+10	1.482364e+10 1.563776e+10
1.375331e+09 0.108865 1.526573e+10	1.483374e+10 1.564078e+10
1.362233e+09 0.107746 1.527274e+10	1.484382e+10 1.564377e+10
1.349135e+09 0.106629 1.527972e+10	1.485390e+10 1.564675e+10
1.336036e+09 0.105515 1.528667e+10	1.486397e+10 1.564969e+10
1.322938e+09 0.104402 1.529359e+10	1.487403e+10 1.565262e+10
1.309839e+09 0.103292 1.530047e+10	1.488409e+10 1.565552e+10
1.296741e+09 0.102184 1.530733e+10	1.489413e+10 1.565840e+10
1.283643e+09 0.101078 1.531416e+10	1.490417e+10 1.566125e+10
1.270544e+09 0.099975 1.532095e+10	1.491420e+10 1.566408e+10
1.257446e+09 0.098874 1.532772e+10	1.492422e+10 1.566689e+10
1.244347e+09 0.097775 1.533446e+10	1.493424e+10 1.566968e+10
1.231249e+09 0.096678 1.534117e+10	1.494424e+10 1.567244e+10
1.218151e+09 0.095578 1.534784e+10	1.495424e+10 1.567519e+10
1.205052e+09 0.094478 1.535449e+10	1.496423e+10 1.567790e+10
1.191954e+09 0.093381 1.536111e+10	1.497422e+10 1.568060e+10
1.178855e+09 0.092287 1.536770e+10	1.498419e+10 1.568328e+10
1.165757e+09 0.091194 1.537426e+10	1.499416e+10 1.568593e+10
1.152659e+09 0.090104 1.538079e+10	1.500413e+10 1.568856e+10
1.139560e+09 0.089016 1.538729e+10	1.501408e+10 1.569117e+10
1.126462e+09 0.087930 1.539376e+10	1.502403e+10 1.569376e+10
1.113363e+09 0.086846 1.540021e+10	1.503397e+10 1.569633e+10
1.100265e+09 0.085764 1.540662e+10	1.504390e+10 1.569887e+10
1.087167e+09 0.084684 1.541301e+10	1.505383e+10 1.570140e+10
1.074068e+09 0.083605 1.541937e+10	1.506375e+10 1.570391e+10
1.060970e+09 0.082523 1.542569e+10	1.507366e+10 1.570639e+10
1.047872e+09 0.081443 1.543200e+10	1.508357e+10 1.570885e+10
1.034773e+09 0.080366 1.543827e+10	1.509347e+10 1.571130e+10
1.021675e+09 0.079290 1.544451e+10	1.510336e+10 1.571372e+10
1.008576e+09 0.078217 1.545073e+10	1.511324e+10 1.571612e+10
9.954779e+08 0.077146 1.545692e+10	1.512312e+10 1.571851e+10
9.823795e+08 0.076076 1.546308e+10	1.513299e+10 1.572087e+10
9.692811e+08 0.075009 1.546921e+10	1.514286e+10 1.572321e+10
9.561827e+08 0.073945 1.547532e+10	1.515272e+10 1.572554e+10
9.430844e+08 0.072882 1.548140e+10	1.516257e+10 1.572784e+10
9.299860e+08 0.071821 1.548745e+10	1.517242e+10 1.573013e+10
9.168876e+08 0.070758 1.549348e+10	1.518226e+10 1.573239e+10
9.037892e+08 0.069695 1.549947e+10	1.519209e+10 1.573464e+10
8.906908e+08 0.068634 1.550544e+10	1.520192e+10 1.573687e+10
8.775924e+08 0.067575 1.551139e+10	1.521174e+10 1.573908e+10
8.644940e+08 0.066518 1.551730e+10	1.522156e+10 1.574127e+10
8.513956e+08 0.065463 1.552319e+10	1.523137e+10 1.574344e+10
8.382972e+08 0.064410 1.552906e+10	1.524117e+10 1.574559e+10
8.251988e+08 0.063360 1.553489e+10	1.525097e+10 1.574773e+10
8.121004e+08 0.062311 1.554070e+10	1.526076e+10 1.574984e+10
7.990020e+08 0.061265 1.554649e+10	1.527055e+10 1.575194e+10
7.859036e+08 0.060220 1.555224e+10	1.528033e+10 1.575403e+10
7.728052e+08 0.059177 1.555798e+10	1.529010e+10 1.575609e+10
7.597068e+08 0.058130 1.556368e+10	1.529987e+10 1.575813e+10
7.466084e+08 0.057085 1.556936e+10	1.530963e+10 1.576016e+10
7.335101e+08 0.056042 1.557501e+10	1.531939e+10 1.576217e+10
7.204117e+08 0.055001 1.558064e+10	1.532914e+10 1.576417e+10
7.073133e+08 0.053963 1.558624e+10	1.533889e+10 1.576614e+10
6.942149e+08 0.052926 1.559182e+10	1.534863e+10 1.576810e+10
6.811165e+08 0.051891 1.559737e+10	1.535837e+10 1.577004e+10
6.680181e+08 0.050858 1.560290e+10	1.536810e+10 1.577197e+10
6.549197e+08 0.049828 1.560840e+10	1.537782e+10 1.577388e+10
6.418213e+08 0.048799 1.561388e+10	1.538754e+10 1.577577e+10
6.287229e+08 0.047773 1.561933e+10	1.539726e+10 1.577764e+10
6.156245e+08 0.046745 1.562475e+10	1.540697e+10 1.577950e+10
6.025261e+08 0.045716 1.563015e+10	1.541667e+10 1.578135e+10
5.894277e+08 0.044689 1.563553e+10	1.542637e+10 1.578317e+10
5.763293e+08 0.043663 1.564088e+10	1.543607e+10 1.578498e+10
5.632309e+08 0.042640 1.564621e+10	1.544576e+10 1.578677e+10
5.501325e+08 0.041619 1.565151e+10	1.545544e+10 1.578855e+10
5.370341e+08 0.040599 1.565679e+10	1.546512e+10 1.579031e+10
5.239358e+08 0.039582 1.566204e+10	1.547480e+10 1.579206e+10
5.108374e+08 0.038567 1.566727e+10	1.548447e+10 1.579379e+10
4.977390e+08 0.037553 1.567248e+10	1.549413e+10 1.579551e+10
4.846406e+08 0.036542 1.567766e+10	1.550379e+10 1.579721e+10
4.715422e+08 0.035533 1.568282e+10	1.551345e+10 1.579889e+10
4.584438e+08 0.034521 1.568795e+10	1.552310e+10 1.580056e+10
4.453454e+08 0.033509 1.569306e+10	1.553275e+10 1.580222e+10
4.322470e+08 0.032498 1.569815e+10	1.554240e+10 1.580385e+10
4.191486e+08 0.031490 1.570321e+10	1.555204e+10 1.580548e+10
4.060502e+08 0.030484 1.570825e+10	1.556167e+10 1.580709e+10
3.929518e+08 0.029480 1.571326e+10	1.557130e+10 1.580868e+10
3.798534e+08 0.028477 1.571826e+10	1.558093e+10 1.581026e+10
3.667550e+08 0.027477 1.572322e+10	1.559055e+10 1.581183e+10
3.536566e+08 0.026478 1.572817e+10	1.560017e+10 1.581338e+10
3.405582e+08 0.025482 1.573309e+10	1.560978e+10 1.581492e+10
3.274598e+08 0.024487 1.573799e+10	1.561939e+10 1.581644e+10
3.143615e+08 0.023494 1.574287e+10	1.562900e+10 1.581795e+10
3.012631e+08 0.022498 1.574773e+10	1.563860e+10 1.581944e+10
2.881647e+08 0.021502 1.575256e+10	1.564820e+10 1.582092e+10
2.750663e+08 0.020509 1.575737e+10	1.565779e+10 1.582239e+10
2.619679e+08 0.019517 1.576215e+10	1.566738e+10 1.582384e+10
2.488695e+08 0.018527 1.576692e+10	1.567697e+10 1.582528e+10
2.357711e+08 0.017539 1.577166e+10	1.568655e+10 1.582670e+10
2.226727e+08 0.016553 1.577638e+10	1.569613e+10 1.582812e+10
2.095743e+08 0.015569 1.578108e+10	1.570570e+10 1.582951e+10
1.964759e+08 0.014587 1.578575e+10	1.571528e+10 1.583090e+10
1.833775e+08 0.013607 1.579040e+10	1.572485e+10 1.583227e+10
1.702791e+08 0.012628 1.579504e+10	1.573441e+10 1.583363e+10
1.571807e+08 0.011652 1.579965e+10	1.574397e+10 1.583497e+10
1.440823e+08 0.010671 1.580423e+10	1.575353e+10 1.583631e+10
1.309839e+08 0.009692 1.580880e+10	1.576308e+10 1.583763e+10
1.178855e+08 0.008714 1.581334e+10	1.577264e+10 1.583893e+10
1.047872e+08 0.007738 1.581787e+10	1.578218e+10 1.584023e+10
9.168876e+07 0.006764 1.582237e+10	1.579173e+10 1.584151e+10
7.859036e+07 0.005792 1.582685e+10	1.580127e+10 1.584278e+10
6.549197e+07 0.004822 1.583131e+10	1.581081e+10 1.584403e+10
5.239358e+07 0.003854 1.583574e+10	1.582034e+10 1.584528e+10
3.929518e+07 0.002888 1.584016e+10	1.582988e+10 1.584651e+10
2.619679e+07 0.001923 1.584456e+10	1.583941e+10 1.584773e+10
1.309839e+07 0.000961 1.584893e+10	1.584893e+10 1.584893e+10
