#t0_Mstar=3.162278e+10 (N07Mbar=4.898739e+10) t0_sfr=1.533350e+00	1.00000000000000001988462483866e+30 t0_sfr=8.160737e-01
#tlb ,red_binl[i],Mstar[i],CSFH[i],phi[i],dMLdt[i],massloss_to_t0[i], Mstar_Noeske(tlb,Mbar_Noeske),phi_Noeske(tlb,Mbar_Noeske)FWHM=0.50:Ms,Cs,phi,FWHM=0.75:Ms,Cs,phi,FWHM=1.00:Ms,Cs,phi	1.00000000000000001988462483866e+30 Mstar_Noeske(tlb,Mbar_Noeske),phi_Noeske(tlb,Mbar_Noeske)FWHM=0.50:Ms,Cs,phi,FWHM=0.75:Ms,Cs,phi,FWHM=1.00:Ms,Cs,phi
1.309839e+10 9.000000 0.000000e+00	0.000000e+00 5.209433e+08
1.308530e+10 8.847726 0.000000e+00	0.000000e+00 4.282970e+08
1.307220e+10 8.701050 0.000000e+00	0.000000e+00 4.134609e+08
1.305910e+10 8.559660 0.000000e+00	0.000000e+00 4.053918e+08
1.304600e+10 8.423368 0.000000e+00	0.000000e+00 4.000985e+08
1.303290e+10 8.291842 0.000000e+00	0.000000e+00 3.963222e+08
1.301980e+10 8.164779 0.000000e+00	0.000000e+00 3.935020e+08
1.300671e+10 8.041947 0.000000e+00	0.000000e+00 3.913390e+08
1.299361e+10 7.923131 0.000000e+00	0.000000e+00 3.896553e+08
1.298051e+10 7.808144 0.000000e+00	0.000000e+00 3.883366e+08
1.296741e+10 7.696830 0.000000e+00	0.000000e+00 3.873048e+08
1.295431e+10 7.588952 0.000000e+00	0.000000e+00 3.865046e+08
1.294121e+10 7.484347 0.000000e+00	0.000000e+00 3.858953e+08
1.292811e+10 7.382859 0.000000e+00	0.000000e+00 3.854461e+08
1.291502e+10 7.284344 0.000000e+00	0.000000e+00 3.851329e+08
1.290192e+10 7.188666 0.000000e+00	0.000000e+00 3.849371e+08
1.288882e+10 7.095696 0.000000e+00	0.000000e+00 3.848434e+08
1.287572e+10 7.005312 0.000000e+00	0.000000e+00 3.848395e+08
1.286262e+10 6.917401 0.000000e+00	0.000000e+00 3.849153e+08
1.284952e+10 6.831855 0.000000e+00	0.000000e+00 3.850621e+08
1.283643e+10 6.748572 0.000000e+00	0.000000e+00 3.852728e+08
1.282333e+10 6.667456 0.000000e+00	0.000000e+00 3.855414e+08
1.281023e+10 6.588431 0.000000e+00	0.000000e+00 3.858627e+08
1.279713e+10 6.511436 0.000000e+00	0.000000e+00 3.862320e+08
1.278403e+10 6.436355 0.000000e+00	0.000000e+00 3.866456e+08
1.277093e+10 6.363109 0.000000e+00	0.000000e+00 3.870999e+08
1.275784e+10 6.291625 0.000000e+00	0.000000e+00 3.875921e+08
1.274474e+10 6.221832 0.000000e+00	0.000000e+00 3.881193e+08
1.273164e+10 6.153665 0.000000e+00	0.000000e+00 3.886794e+08
1.271854e+10 6.087102 0.000000e+00	0.000000e+00 3.892701e+08
1.270544e+10 6.022088 0.000000e+00	0.000000e+00 3.898896e+08
1.269234e+10 5.958522 0.000000e+00	0.000000e+00 3.905363e+08
1.267925e+10 5.896348 0.000000e+00	0.000000e+00 3.912085e+08
1.266615e+10 5.835515 0.000000e+00	0.000000e+00 3.919050e+08
1.265305e+10 5.776057 0.000000e+00	0.000000e+00 3.926245e+08
1.263995e+10 5.717866 0.000000e+00	0.000000e+00 3.933659e+08
1.262685e+10 5.660874 0.000000e+00	0.000000e+00 3.941281e+08
1.261375e+10 5.605040 0.000000e+00	0.000000e+00 3.949102e+08
1.260065e+10 5.550427 0.000000e+00	0.000000e+00 3.957113e+08
1.258756e+10 5.496902 0.000000e+00	0.000000e+00 3.965308e+08
1.257446e+10 5.444416 0.000000e+00	0.000000e+00 3.973677e+08
1.256136e+10 5.392990 0.000000e+00	0.000000e+00 3.982216e+08
1.254826e+10 5.342602 0.000000e+00	0.000000e+00 3.990917e+08
1.253516e+10 5.293149 0.000000e+00	0.000000e+00 3.999775e+08
1.252206e+10 5.244640 0.000000e+00	0.000000e+00 4.008784e+08
1.250897e+10 5.197097 0.000000e+00	0.000000e+00 4.017941e+08
1.249587e+10 5.150398 0.000000e+00	0.000000e+00 4.027240e+08
1.248277e+10 5.104567 0.000000e+00	0.000000e+00 4.036677e+08
1.246967e+10 5.059611 0.000000e+00	0.000000e+00 4.046248e+08
1.245657e+10 5.015419 0.000000e+00	0.000000e+00 4.055950e+08
1.244347e+10 4.972050 0.000000e+00	0.000000e+00 4.065779e+08
1.243038e+10 4.929453 0.000000e+00	0.000000e+00 4.075732e+08
1.241728e+10 4.887546 0.000000e+00	0.000000e+00 4.085807e+08
1.240418e+10 4.846450 0.000000e+00	0.000000e+00 4.095999e+08
1.239108e+10 4.806006 0.000000e+00	0.000000e+00 4.106308e+08
1.237798e+10 4.766255 0.000000e+00	0.000000e+00 4.116730e+08
1.236488e+10 4.727194 0.000000e+00	0.000000e+00 4.127263e+08
1.235179e+10 4.688723 0.000000e+00	0.000000e+00 4.137905e+08
1.233869e+10 4.650970 0.000000e+00	0.000000e+00 4.148654e+08
1.232559e+10 4.613770 0.000000e+00	0.000000e+00 4.159508e+08
1.231249e+10 4.577204 0.000000e+00	0.000000e+00 4.170465e+08
1.229939e+10 4.541209 0.000000e+00	0.000000e+00 4.181525e+08
1.228629e+10 4.505773 0.000000e+00	0.000000e+00 4.192684e+08
1.227319e+10 4.470921 0.000000e+00	0.000000e+00 4.203942e+08
1.226010e+10 4.436563 0.000000e+00	0.000000e+00 4.215297e+08
1.224700e+10 4.402796 0.000000e+00	0.000000e+00 4.226749e+08
1.223390e+10 4.369472 0.000000e+00	0.000000e+00 4.238295e+08
1.222080e+10 4.336729 0.000000e+00	0.000000e+00 4.249935e+08
1.220770e+10 4.304408 0.000000e+00	0.000000e+00 4.261667e+08
1.219460e+10 4.272625 0.000000e+00	0.000000e+00 4.273491e+08
1.218151e+10 4.241257 0.000000e+00	0.000000e+00 4.285406e+08
1.216841e+10 4.210391 0.000000e+00	0.000000e+00 4.297410e+08
1.215531e+10 4.179930 0.000000e+00	0.000000e+00 4.309503e+08
1.214221e+10 4.149942 0.000000e+00	0.000000e+00 4.321684e+08
1.212911e+10 4.120344 0.000000e+00	0.000000e+00 4.333953e+08
1.211601e+10 4.091197 0.000000e+00	0.000000e+00 4.346307e+08
1.210292e+10 4.062421 0.000000e+00	0.000000e+00 4.358748e+08
1.208982e+10 4.034080 0.000000e+00	0.000000e+00 4.371275e+08
1.207672e+10 4.006087 0.000000e+00	0.000000e+00 4.383885e+08
1.206362e+10 3.978520 0.000000e+00	0.000000e+00 4.396580e+08
1.205052e+10 3.951272 0.000000e+00	0.000000e+00 4.409359e+08
1.203742e+10 3.924447 0.000000e+00	0.000000e+00 4.422221e+08
1.202433e+10 3.897912 0.000000e+00	0.000000e+00 4.435165e+08
1.201123e+10 3.871800 0.000000e+00	0.000000e+00 4.448192e+08
1.199813e+10 3.845965 0.000000e+00	0.000000e+00 4.461301e+08
1.198503e+10 3.820516 0.000000e+00	0.000000e+00 4.474491e+08
1.197193e+10 3.795355 0.000000e+00	0.000000e+00 4.487762e+08
1.195883e+10 3.770540 0.000000e+00	0.000000e+00 4.501114e+08
1.194574e+10 3.746027 0.000000e+00	0.000000e+00 4.514547e+08
1.193264e+10 3.721816 0.000000e+00	0.000000e+00 4.528060e+08
1.191954e+10 3.697926 0.000000e+00	0.000000e+00 4.541653e+08
1.190644e+10 3.674294 0.000000e+00	0.000000e+00 4.555325e+08
1.189334e+10 3.651005 0.000000e+00	0.000000e+00 4.569077e+08
1.188024e+10 3.627947 0.000000e+00	0.000000e+00 4.582909e+08
1.186714e+10 3.605214 0.000000e+00	0.000000e+00 4.596820e+08
1.185405e+10 3.582725 0.000000e+00	0.000000e+00 4.610810e+08
1.184095e+10 3.560509 0.000000e+00	0.000000e+00 4.624878e+08
1.182785e+10 3.538569 0.000000e+00	0.000000e+00 4.639026e+08
1.181475e+10 3.516848 0.000000e+00	0.000000e+00 4.653252e+08
1.180165e+10 3.495436 0.000000e+00	0.000000e+00 4.667557e+08
1.178855e+10 3.474227 0.000000e+00	0.000000e+00 4.681940e+08
1.177546e+10 3.453288 0.000000e+00	0.000000e+00 4.696401e+08
1.176236e+10 3.432582 0.000000e+00	0.000000e+00 4.710941e+08
1.174926e+10 3.412087 0.000000e+00	0.000000e+00 4.725560e+08
1.173616e+10 3.391866 0.000000e+00	0.000000e+00 4.740256e+08
1.172306e+10 3.371830 0.000000e+00	0.000000e+00 4.755031e+08
1.170996e+10 3.352044 0.000000e+00	0.000000e+00 4.769884e+08
1.169687e+10 3.332470 0.000000e+00	0.000000e+00 4.784815e+08
1.168377e+10 3.313083 0.000000e+00	0.000000e+00 4.799825e+08
1.167067e+10 3.293956 0.000000e+00	0.000000e+00 4.814912e+08
1.165757e+10 3.274998 0.000000e+00	0.000000e+00 4.830079e+08
1.164447e+10 3.256256 0.000000e+00	0.000000e+00 4.845323e+08
1.163137e+10 3.237724 0.000000e+00	0.000000e+00 4.860646e+08
1.161828e+10 3.219353 0.000000e+00	0.000000e+00 4.876048e+08
1.160518e+10 3.201221 0.000000e+00	0.000000e+00 4.891528e+08
1.159208e+10 3.183256 0.000000e+00	0.000000e+00 4.907086e+08
1.157898e+10 3.165461 0.000000e+00	0.000000e+00 4.922724e+08
1.156588e+10 3.147889 0.000000e+00	0.000000e+00 4.938440e+08
1.155278e+10 3.130466 0.000000e+00	0.000000e+00 4.954235e+08
1.153968e+10 3.113227 0.000000e+00	0.000000e+00 4.970109e+08
1.152659e+10 3.096179 0.000000e+00	0.000000e+00 4.986063e+08
1.151349e+10 3.079272 0.000000e+00	0.000000e+00 5.002096e+08
1.150039e+10 3.062561 0.000000e+00	0.000000e+00 5.018208e+08
1.148729e+10 3.046014 0.000000e+00	0.000000e+00 5.034400e+08
1.147419e+10 3.029600 0.000000e+00	0.000000e+00 5.050671e+08
1.146109e+10 3.013389 0.000000e+00	0.000000e+00 5.067023e+08
1.144800e+10 2.997320 0.000000e+00	0.000000e+00 5.083454e+08
1.143490e+10 2.981379 0.000000e+00	0.000000e+00 5.099966e+08
1.142180e+10 2.965641 0.000000e+00	0.000000e+00 5.116558e+08
1.140870e+10 2.950030 0.000000e+00	0.000000e+00 5.133231e+08
1.139560e+10 2.934545 0.000000e+00	0.000000e+00 5.149984e+08
1.138250e+10 2.919253 0.000000e+00	0.000000e+00 5.166819e+08
1.136941e+10 2.904079 0.000000e+00	0.000000e+00 5.183734e+08
1.135631e+10 2.889029 0.000000e+00	0.000000e+00 5.200731e+08
1.134321e+10 2.874162 0.000000e+00	0.000000e+00 5.217810e+08
1.133011e+10 2.859408 0.000000e+00	0.000000e+00 5.234970e+08
1.131701e+10 2.844771 0.000000e+00	0.000000e+00 5.252212e+08
1.130391e+10 2.830311 0.000000e+00	0.000000e+00 5.269537e+08
1.129082e+10 2.815959 0.000000e+00	0.000000e+00 5.286944e+08
1.127772e+10 2.801715 0.000000e+00	0.000000e+00 5.304434e+08
1.126462e+10 2.787645 0.000000e+00	0.000000e+00 5.322006e+08
1.125152e+10 2.773679 0.000000e+00	0.000000e+00 5.339662e+08
1.123842e+10 2.759815 0.000000e+00	0.000000e+00 5.357402e+08
1.122532e+10 2.746113 0.000000e+00	0.000000e+00 5.375225e+08
1.121223e+10 2.732517 0.000000e+00	0.000000e+00 5.393132e+08
1.119913e+10 2.719020 0.000000e+00	0.000000e+00 5.411123e+08
1.118603e+10 2.705666 0.000000e+00	0.000000e+00 5.429199e+08
1.117293e+10 2.692426 0.000000e+00	0.000000e+00 5.447359e+08
1.115983e+10 2.679280 0.000000e+00	0.000000e+00 5.465605e+08
1.114673e+10 2.666259 0.000000e+00	0.000000e+00 5.483936e+08
1.113363e+10 2.653361 0.000000e+00	0.000000e+00 5.502352e+08
1.112054e+10 2.640553 0.000000e+00	0.000000e+00 5.520855e+08
1.110744e+10 2.627848 0.000000e+00	0.000000e+00 5.539444e+08
1.109434e+10 2.615278 0.000000e+00	0.000000e+00 5.558119e+08
1.108124e+10 2.602795 0.000000e+00	0.000000e+00 5.576881e+08
1.106814e+10 2.590398 0.000000e+00	0.000000e+00 5.595730e+08
1.105504e+10 2.578138 0.000000e+00	0.000000e+00 5.614666e+08
1.104195e+10 2.565967 0.000000e+00	0.000000e+00 5.633691e+08
1.102885e+10 2.553879 0.000000e+00	0.000000e+00 5.652803e+08
1.101575e+10 2.541902 0.000000e+00	0.000000e+00 5.672004e+08
1.100265e+10 2.530033 0.000000e+00	0.000000e+00 5.691293e+08
1.098955e+10 2.518242 0.000000e+00	0.000000e+00 5.710672e+08
1.097645e+10 2.506535 0.000000e+00	0.000000e+00 5.730140e+08
1.096336e+10 2.494955 0.000000e+00	0.000000e+00 5.749697e+08
1.095026e+10 2.483451 0.000000e+00	0.000000e+00 5.769345e+08
1.093716e+10 2.472022 0.000000e+00	0.000000e+00 5.789083e+08
1.092406e+10 2.460700 0.000000e+00	0.000000e+00 5.808912e+08
1.091096e+10 2.449472 0.000000e+00	0.000000e+00 5.828832e+08
1.089786e+10 2.438317 0.000000e+00	0.000000e+00 5.848843e+08
1.088477e+10 2.427236 0.000000e+00	0.000000e+00 5.868947e+08
1.087167e+10 2.416275 0.000000e+00	0.000000e+00 5.889142e+08
1.085857e+10 2.405383 0.000000e+00	0.000000e+00 5.909430e+08
1.084547e+10 2.394561 0.000000e+00	0.000000e+00 5.929812e+08
1.083237e+10 2.383828 0.000000e+00	0.000000e+00 5.950286e+08
1.081927e+10 2.373191 0.000000e+00	0.000000e+00 5.970854e+08
1.080617e+10 2.362621 0.000000e+00	0.000000e+00 5.991516e+08
1.079308e+10 2.352116 0.000000e+00	0.000000e+00 6.012273e+08
1.077998e+10 2.341713 0.000000e+00	0.000000e+00 6.033124e+08
1.076688e+10 2.331385 0.000000e+00	0.000000e+00 6.054071e+08
1.075378e+10 2.321121 0.000000e+00	0.000000e+00 6.075114e+08
1.074068e+10 2.310922 0.000000e+00	0.000000e+00 6.096252e+08
1.072758e+10 2.300829 0.000000e+00	0.000000e+00 6.117487e+08
1.071449e+10 2.290797 0.000000e+00	0.000000e+00 6.138819e+08
1.070139e+10 2.280826 0.000000e+00	0.000000e+00 6.160248e+08
1.068829e+10 2.270927 0.000000e+00	0.000000e+00 6.181775e+08
1.067519e+10 2.261119 0.000000e+00	0.000000e+00 6.203400e+08
1.066209e+10 2.251370 0.000000e+00	0.000000e+00 6.225124e+08
1.064899e+10 2.241680 0.000000e+00	0.000000e+00 6.246946e+08
1.063590e+10 2.232064 0.000000e+00	0.000000e+00 6.268868e+08
1.062280e+10 2.222530 0.000000e+00	0.000000e+00 6.290890e+08
1.060970e+10 2.213052 0.000000e+00	0.000000e+00 6.313012e+08
1.059660e+10 2.203629 0.000000e+00	0.000000e+00 6.335234e+08
1.058350e+10 2.194282 0.000000e+00	0.000000e+00 6.357558e+08
1.057040e+10 2.185010 0.000000e+00	0.000000e+00 6.379983e+08
1.055731e+10 2.175791 0.000000e+00	0.000000e+00 6.402511e+08
1.054421e+10 2.166626 0.000000e+00	0.000000e+00 6.425141e+08
1.053111e+10 2.157534 0.000000e+00	0.000000e+00 6.447874e+08
1.051801e+10 2.148512 0.000000e+00	0.000000e+00 6.470710e+08
1.050491e+10 2.139542 0.000000e+00	0.000000e+00 6.493650e+08
1.049181e+10 2.130623 0.000000e+00	0.000000e+00 6.516695e+08
1.047872e+10 2.121773 0.000000e+00	0.000000e+00 6.539844e+08
1.046562e+10 2.112992 0.000000e+00	0.000000e+00 6.684630e+08
1.045252e+10 2.104260 0.000000e+00	0.000000e+00 6.931067e+08
1.043942e+10 2.095577 0.000000e+00	0.000000e+00 7.185074e+08
1.042632e+10 2.086957 0.000000e+00	0.000000e+00 7.446836e+08
1.041322e+10 2.078407 0.000000e+00	0.000000e+00 7.716544e+08
1.040012e+10 2.069904 0.000000e+00	0.000000e+00 7.994390e+08
1.038703e+10 2.061447 0.000000e+00	0.000000e+00 8.280569e+08
1.037393e+10 2.053045 0.000000e+00	0.000000e+00 8.575282e+08
1.036083e+10 2.044717 1.709203e+06	0.000000e+00 8.878731e+08
1.034773e+10 2.036433 3.917540e+06	0.000000e+00 9.191123e+08
1.033463e+10 2.028194 7.113313e+06	0.000000e+00 9.512668e+08
1.032153e+10 2.020000 1.137205e+07	0.000000e+00 9.843582e+08
1.030844e+10 2.011884 1.675696e+07	0.000000e+00 1.018408e+09
1.029534e+10 2.003811 2.332087e+07	0.000000e+00 1.053439e+09
1.028224e+10 1.995781 3.110821e+07	0.000000e+00 1.089218e+09
1.026914e+10 1.987794 4.015624e+07	0.000000e+00 1.125560e+09
1.025604e+10 1.979872 5.049647e+07	0.000000e+00 1.162503e+09
1.024294e+10 1.972002 6.215486e+07	0.000000e+00 1.200054e+09
1.022985e+10 1.964173 7.515253e+07	0.000000e+00 1.238211e+09
1.021675e+10 1.956386 8.950638e+07	0.000000e+00 1.276975e+09
1.020365e+10 1.948649 1.052299e+08	0.000000e+00 1.316343e+09
1.019055e+10 1.940974 1.223334e+08	0.000000e+00 1.356314e+09
1.017745e+10 1.933338 1.408239e+08	0.000000e+00 1.396885e+09
1.016435e+10 1.925742 1.607056e+08	0.000000e+00 1.438053e+09
1.015126e+10 1.918185 1.819801e+08	0.000000e+00 1.479814e+09
1.013816e+10 1.910694 2.046482e+08	0.000000e+00 1.522165e+09
1.012506e+10 1.903244 2.287074e+08	0.000000e+00 1.565102e+09
1.011196e+10 1.895832 2.541535e+08	0.000000e+00 1.608620e+09
1.009886e+10 1.888458 2.809807e+08	0.000000e+00 1.652716e+09
1.008576e+10 1.881133 3.091822e+08	0.000000e+00 1.697384e+09
1.007266e+10 1.873862 3.387500e+08	0.000000e+00 1.742622e+09
1.005957e+10 1.866627 3.696742e+08	0.000000e+00 1.788423e+09
1.004647e+10 1.859429 4.019437e+08	8.408963e+06 1.834783e+09
1.003337e+10 1.852267 4.355466e+08	1.728686e+07 1.881695e+09
1.002027e+10 1.845164 4.704712e+08	2.900084e+07 1.929158e+09
1.000717e+10 1.838100 5.067040e+08	4.356269e+07 1.977164e+09
9.994074e+09 1.831072 5.442303e+08	6.098579e+07 2.025708e+09
9.980976e+09 1.824078 5.830351e+08	8.128189e+07 2.074785e+09
9.967878e+09 1.817123 6.231028e+08	1.044603e+08 2.124389e+09
9.954779e+09 1.810224 6.644187e+08	1.305279e+08 2.174515e+09
9.941681e+09 1.803359 7.069658e+08	1.594887e+08 2.225158e+09
9.928582e+09 1.796527 7.507269e+08	1.909819e+08 2.276312e+09
9.915484e+09 1.789728 7.956844e+08	2.246248e+08 2.327969e+09
9.902386e+09 1.782974 8.418214e+08	2.603612e+08 2.380126e+09
9.889287e+09 1.776267 8.891206e+08	2.980991e+08 2.432777e+09
9.876189e+09 1.769591 9.375634e+08	3.377462e+08 2.485915e+09
9.863091e+09 1.762947 9.871313e+08	3.792141e+08 2.539534e+09
9.849992e+09 1.756335 1.037805e+09	4.224184e+08 2.593628e+09
9.836894e+09 1.749772 1.089568e+09	4.672816e+08 2.648191e+09
9.823795e+09 1.743247 1.142401e+09	5.137278e+08 2.703218e+09
9.810697e+09 1.736752 1.196285e+09	5.602215e+08 2.758703e+09
9.797599e+09 1.730289 1.251200e+09	5.994650e+08 2.814638e+09
9.784500e+09 1.723856 1.307128e+09	6.400034e+08 2.871018e+09
9.771402e+09 1.717472 1.364051e+09	6.818261e+08 2.927836e+09
9.758303e+09 1.711122 1.421950e+09	7.249205e+08 2.985088e+09
9.745205e+09 1.704802 1.480805e+09	7.692737e+08 3.042767e+09
9.732107e+09 1.698511 1.540598e+09	8.123147e+08 3.100865e+09
9.719008e+09 1.692249 1.601309e+09	8.172382e+08 3.159376e+09
9.705910e+09 1.686036 1.662921e+09	8.224279e+08 3.218295e+09
9.692811e+09 1.679854 1.725415e+09	8.278961e+08 3.277617e+09
9.679713e+09 1.673700 1.788772e+09	8.336555e+08 3.337334e+09
9.666615e+09 1.667575 1.852974e+09	8.397197e+08 3.397439e+09
9.653516e+09 1.661477 1.918002e+09	8.461032e+08 3.457927e+09
9.640418e+09 1.655426 1.983839e+09	8.528198e+08 3.518792e+09
9.627319e+09 1.649405 2.050467e+09	8.598855e+08 3.580027e+09
9.614221e+09 1.643411 2.117867e+09	8.673173e+08 3.641628e+09
9.601123e+09 1.637444 2.186022e+09	8.751328e+08 3.703585e+09
9.588024e+09 1.631504 2.254913e+09	8.833510e+08 3.765894e+09
9.574926e+09 1.625607 2.324525e+09	8.919902e+08 3.828549e+09
9.561827e+09 1.619740 2.394841e+09	9.010713e+08 3.891544e+09
9.548729e+09 1.613899 2.465841e+09	9.106162e+08 3.954872e+09
9.535631e+09 1.608084 2.537511e+09	9.206481e+08 4.018528e+09
9.522532e+09 1.602295 2.609831e+09	9.311915e+08 4.082504e+09
9.509434e+09 1.596544 2.682787e+09	9.422711e+08 4.146795e+09
9.496335e+09 1.590825 2.756364e+09	9.539133e+08 4.211396e+09
9.483237e+09 1.585132 2.830544e+09	9.661471e+08 4.276301e+09
9.470139e+09 1.579463 2.905310e+09	9.790027e+08 4.341502e+09
9.457040e+09 1.573819 2.980647e+09	9.925120e+08 4.406994e+09
9.443942e+09 1.568207 3.056540e+09	1.006708e+09 4.472771e+09
9.430844e+09 1.562630 3.132975e+09	1.021624e+09 4.538829e+09
9.417745e+09 1.557078 3.209935e+09	1.037299e+09 4.605160e+09
9.404647e+09 1.551549 3.287406e+09	1.053772e+09 4.671759e+09
9.391548e+09 1.546045 3.365372e+09	1.071083e+09 4.738619e+09
9.378450e+09 1.540565 3.443818e+09	1.089278e+09 4.805734e+09
9.365352e+09 1.535125 3.522733e+09	1.108400e+09 4.873101e+09
9.352253e+09 1.529709 3.602101e+09	1.128498e+09 4.940714e+09
9.339155e+09 1.524315 3.681907e+09	1.149622e+09 5.008565e+09
9.326056e+09 1.518944 3.762139e+09	1.171828e+09 5.076650e+09
9.312958e+09 1.513596 3.842781e+09	1.195172e+09 5.144961e+09
9.299860e+09 1.508282 3.923822e+09	1.219713e+09 5.213496e+09
9.286761e+09 1.502996 4.005249e+09	1.245511e+09 5.282248e+09
9.273663e+09 1.497732 4.087049e+09	1.272635e+09 5.351212e+09
9.260564e+09 1.492490 4.169208e+09	1.301154e+09 5.420382e+09
9.247466e+09 1.487270 4.251713e+09	1.331141e+09 5.489752e+09
9.234368e+09 1.482075 4.334553e+09	1.362673e+09 5.559317e+09
9.221269e+09 1.476914 4.417717e+09	1.395828e+09 5.629074e+09
9.208171e+09 1.471775 4.501192e+09	1.430692e+09 5.699015e+09
9.195072e+09 1.466656 4.584965e+09	1.467354e+09 5.769136e+09
9.181974e+09 1.461559 4.669026e+09	1.505908e+09 5.839432e+09
9.168876e+09 1.456483 4.753362e+09	1.546452e+09 5.909896e+09
9.155777e+09 1.451438 4.837963e+09	1.589085e+09 5.980525e+09
9.142679e+09 1.446418 4.922820e+09	1.633915e+09 6.051315e+09
9.129580e+09 1.441419 5.007919e+09	1.681053e+09 6.122259e+09
9.116482e+09 1.436441 5.093251e+09	1.730618e+09 6.193353e+09
9.103384e+09 1.431482 5.178805e+09	1.782732e+09 6.264590e+09
9.090285e+09 1.426544 5.264569e+09	1.837523e+09 6.335967e+09
9.077187e+09 1.421640 5.350536e+09	1.895118e+09 6.407481e+09
9.064088e+09 1.416755 5.436696e+09	1.955658e+09 6.479125e+09
9.050990e+09 1.411891 5.523038e+09	2.019285e+09 6.550895e+09
9.037892e+09 1.407045 5.609553e+09	2.086150e+09 6.622785e+09
9.024793e+09 1.402220 5.696230e+09	2.156408e+09 6.694792e+09
9.011695e+09 1.397417 5.783060e+09	2.230218e+09 6.766911e+09
8.998597e+09 1.392643 5.870037e+09	2.307741e+09 6.839137e+09
8.985498e+09 1.387888 5.957150e+09	2.389151e+09 6.911468e+09
8.972400e+09 1.383152 6.044390e+09	2.474623e+09 6.983897e+09
8.959301e+09 1.378435 6.131749e+09	2.562919e+09 7.056420e+09
8.946203e+09 1.373736 6.219217e+09	2.651447e+09 7.129032e+09
8.933105e+09 1.369062 6.306788e+09	2.740663e+09 7.201730e+09
8.920006e+09 1.364413 6.394453e+09	2.830615e+09 7.274511e+09
8.906908e+09 1.359782 6.482205e+09	2.921316e+09 7.347369e+09
8.893809e+09 1.355169 6.570035e+09	3.012763e+09 7.420300e+09
8.880711e+09 1.350574 6.657934e+09	3.104945e+09 7.493300e+09
8.867613e+09 1.345997 6.745897e+09	3.197849e+09 7.566365e+09
8.854514e+09 1.341445 6.833915e+09	3.291459e+09 7.639491e+09
8.841416e+09 1.336915 6.921982e+09	3.385758e+09 7.712676e+09
8.828317e+09 1.332403 7.010091e+09	3.480725e+09 7.785913e+09
8.815219e+09 1.327908 7.098235e+09	3.576339e+09 7.859201e+09
8.802121e+09 1.323430 7.186405e+09	3.672579e+09 7.932534e+09
8.789022e+09 1.318970 7.274596e+09	3.769423e+09 8.005908e+09
8.775924e+09 1.314534 7.362801e+09	3.866851e+09 8.079321e+09
8.762825e+09 1.310118 7.451015e+09	3.964843e+09 8.152769e+09
8.749727e+09 1.305720 7.539231e+09	4.063377e+09 8.226248e+09
8.736629e+09 1.301338 7.627443e+09	4.162430e+09 8.299755e+09
8.723530e+09 1.296973 7.715643e+09	4.261981e+09 8.373285e+09
8.710432e+09 1.292625 7.803826e+09	4.362009e+09 8.446836e+09
8.697333e+09 1.288299 7.891987e+09	4.462494e+09 8.520403e+09
8.684235e+09 1.283994 7.980121e+09	4.563416e+09 8.593985e+09
8.671137e+09 1.279704 8.068221e+09	4.664755e+09 8.667578e+09
8.658038e+09 1.275431 8.156282e+09	4.766491e+09 8.741177e+09
8.644940e+09 1.271174 8.244299e+09	4.868602e+09 8.814780e+09
8.631841e+09 1.266933 8.332265e+09	4.971069e+09 8.888383e+09
8.618743e+09 1.262712 8.420177e+09	5.073875e+09 8.961983e+09
8.605645e+09 1.258512 8.508029e+09	5.177002e+09 9.035579e+09
8.592546e+09 1.254328 8.595817e+09	5.280430e+09 9.109165e+09
8.579448e+09 1.250159 8.683536e+09	5.384142e+09 9.182740e+09
8.566350e+09 1.246006 8.771180e+09	5.488119e+09 9.256300e+09
8.553251e+09 1.241868 8.858744e+09	5.592343e+09 9.329841e+09
8.540153e+09 1.237747 8.946225e+09	5.696798e+09 9.403361e+09
8.527054e+09 1.233648 9.033619e+09	5.801469e+09 9.476858e+09
8.513956e+09 1.229565 9.120922e+09	5.906339e+09 9.550329e+09
8.500858e+09 1.225496 9.208128e+09	6.011392e+09 9.623771e+09
8.487759e+09 1.221442 9.295234e+09	6.116611e+09 9.697181e+09
8.474661e+09 1.217403 9.382234e+09	6.221981e+09 9.770555e+09
8.461562e+09 1.213378 9.469126e+09	6.327487e+09 9.843891e+09
8.448464e+09 1.209376 9.555906e+09	6.433116e+09 9.917188e+09
8.435366e+09 1.205390 9.642571e+09	6.538854e+09 9.990443e+09
8.422267e+09 1.201417 9.729116e+09	6.644686e+09 1.006365e+10
8.409169e+09 1.197459 9.815537e+09	6.750598e+09 1.013681e+10
8.396070e+09 1.193515 9.901832e+09	6.856577e+09 1.022389e+10
8.382972e+09 1.189585 9.987995e+09	6.962609e+09 1.031261e+10
8.369874e+09 1.185673 1.007403e+10	7.068682e+09 1.040097e+10
8.356775e+09 1.181779 1.015992e+10	7.174785e+09 1.048896e+10
8.343677e+09 1.177899 1.024567e+10	7.280906e+09 1.057658e+10
8.330578e+09 1.174033 1.033128e+10	7.387033e+09 1.066384e+10
8.317480e+09 1.170180 1.041675e+10	7.493152e+09 1.075072e+10
8.304382e+09 1.166341 1.050206e+10	7.599254e+09 1.083722e+10
8.291283e+09 1.162516 1.058722e+10	7.705326e+09 1.092335e+10
8.278185e+09 1.158712 1.067223e+10	7.811361e+09 1.100911e+10
8.265086e+09 1.154921 1.075708e+10	7.917347e+09 1.109449e+10
8.251988e+09 1.151143 1.084177e+10	8.023275e+09 1.117950e+10
8.238890e+09 1.147378 1.092630e+10	8.129133e+09 1.126413e+10
8.225791e+09 1.143627 1.101066e+10	8.234912e+09 1.134838e+10
8.212693e+09 1.139888 1.109485e+10	8.340602e+09 1.143225e+10
8.199594e+09 1.136166 1.117887e+10	8.446196e+09 1.151574e+10
8.186496e+09 1.132460 1.126272e+10	8.551685e+09 1.159885e+10
8.173398e+09 1.128768 1.134639e+10	8.657057e+09 1.168159e+10
8.160299e+09 1.125088 1.142988e+10	8.762299e+09 1.176394e+10
8.147201e+09 1.121420 1.151320e+10	8.867405e+09 1.184592e+10
8.134103e+09 1.117766 1.159633e+10	8.972371e+09 1.192752e+10
8.121004e+09 1.114123 1.167928e+10	9.077190e+09 1.200873e+10
8.107906e+09 1.110499 1.176204e+10	9.181858e+09 1.208957e+10
8.094807e+09 1.106888 1.184462e+10	9.286370e+09 1.217004e+10
8.081709e+09 1.103289 1.192700e+10	9.390720e+09 1.225012e+10
8.068611e+09 1.099703 1.200920e+10	9.494902e+09 1.232983e+10
8.055512e+09 1.096129 1.209119e+10	9.598912e+09 1.240916e+10
8.042414e+09 1.092567 1.217300e+10	9.702745e+09 1.248811e+10
8.029315e+09 1.089017 1.225460e+10	9.806395e+09 1.256669e+10
8.016217e+09 1.085485 1.233601e+10	9.909861e+09 1.264490e+10
8.003119e+09 1.081965 1.241722e+10	1.001314e+10 1.272273e+10
7.990020e+09 1.078456 1.249822e+10	1.011622e+10 1.280018e+10
7.976922e+09 1.074960 1.257903e+10	1.021910e+10 1.287727e+10
7.963823e+09 1.071475 1.265962e+10	1.032178e+10 1.295399e+10
7.950725e+09 1.068002 1.274001e+10	1.042425e+10 1.303033e+10
7.937627e+09 1.064542 1.282019e+10	1.052651e+10 1.310630e+10
7.924528e+09 1.061097 1.290017e+10	1.062856e+10 1.318191e+10
7.911430e+09 1.057664 1.297993e+10	1.073039e+10 1.325715e+10
7.898331e+09 1.054242 1.305948e+10	1.083201e+10 1.333203e+10
7.885233e+09 1.050831 1.313882e+10	1.093340e+10 1.340654e+10
7.872135e+09 1.047432 1.321794e+10	1.103456e+10 1.348069e+10
7.859036e+09 1.044044 1.329685e+10	1.113549e+10 1.355447e+10
7.845938e+09 1.040669 1.337554e+10	1.123619e+10 1.362790e+10
7.832839e+09 1.037308 1.345401e+10	1.133665e+10 1.370096e+10
7.819741e+09 1.033958 1.353227e+10	1.143688e+10 1.377367e+10
7.806643e+09 1.030619 1.361031e+10	1.153686e+10 1.384602e+10
7.793544e+09 1.027292 1.368812e+10	1.163661e+10 1.391802e+10
7.780446e+09 1.023975 1.376572e+10	1.173611e+10 1.398966e+10
7.767348e+09 1.020668 1.384309e+10	1.183536e+10 1.406095e+10
7.754249e+09 1.017374 1.392024e+10	1.193436e+10 1.413189e+10
7.741151e+09 1.014094 1.399716e+10	1.203311e+10 1.420248e+10
7.728052e+09 1.010824 1.407386e+10	1.213160e+10 1.427272e+10
7.714954e+09 1.007565 1.415034e+10	1.222984e+10 1.434262e+10
7.701856e+09 1.004316 1.422659e+10	1.232783e+10 1.441217e+10
7.688757e+09 1.001078 1.430261e+10	1.242555e+10 1.448138e+10
7.675659e+09 0.997850 1.437840e+10	1.252301e+10 1.455025e+10
7.662560e+09 0.994634 1.445397e+10	1.262021e+10 1.461878e+10
7.649462e+09 0.991431 1.452931e+10	1.271715e+10 1.468697e+10
7.636364e+09 0.988238 1.460441e+10	1.281382e+10 1.477430e+10
7.623265e+09 0.985055 1.467929e+10	1.291022e+10 1.486667e+10
7.610167e+09 0.981883 1.475394e+10	1.300636e+10 1.495872e+10
7.597068e+09 0.978720 1.482836e+10	1.310223e+10 1.505045e+10
7.583970e+09 0.975568 1.490254e+10	1.319783e+10 1.514186e+10
7.570872e+09 0.972426 1.497650e+10	1.329315e+10 1.523297e+10
7.557773e+09 0.969296 1.505022e+10	1.338820e+10 1.532376e+10
7.544675e+09 0.966177 1.512371e+10	1.348298e+10 1.541424e+10
7.531576e+09 0.963068 1.519696e+10	1.357749e+10 1.550442e+10
7.518478e+09 0.959969 1.526999e+10	1.367172e+10 1.559430e+10
7.505380e+09 0.956879 1.534277e+10	1.376567e+10 1.568387e+10
7.492281e+09 0.953799 1.541533e+10	1.385934e+10 1.577314e+10
7.479183e+09 0.950729 1.548765e+10	1.395274e+10 1.586211e+10
7.466084e+09 0.947670 1.555974e+10	1.404586e+10 1.595078e+10
7.452986e+09 0.944622 1.563159e+10	1.413870e+10 1.603916e+10
7.439888e+09 0.941584 1.570321e+10	1.423127e+10 1.612724e+10
7.426789e+09 0.938554 1.577459e+10	1.432355e+10 1.621504e+10
7.413691e+09 0.935535 1.584573e+10	1.441555e+10 1.630254e+10
7.400592e+09 0.932524 1.591664e+10	1.450727e+10 1.638976e+10
7.387494e+09 0.929523 1.598732e+10	1.459871e+10 1.647669e+10
7.374396e+09 0.926532 1.605776e+10	1.468986e+10 1.656333e+10
7.361297e+09 0.923552 1.612796e+10	1.478074e+10 1.664969e+10
7.348199e+09 0.920582 1.619793e+10	1.487133e+10 1.673578e+10
7.335101e+09 0.917620 1.626767e+10	1.496164e+10 1.682158e+10
7.322002e+09 0.914668 1.633716e+10	1.505167e+10 1.690710e+10
7.308904e+09 0.911724 1.640642e+10	1.514142e+10 1.699235e+10
7.295805e+09 0.908790 1.647545e+10	1.523088e+10 1.707733e+10
7.282707e+09 0.905864 1.654424e+10	1.532006e+10 1.716203e+10
7.269609e+09 0.902950 1.661279e+10	1.540895e+10 1.724646e+10
7.256510e+09 0.900044 1.668111e+10	1.549757e+10 1.733063e+10
7.243412e+09 0.897147 1.674919e+10	1.558548e+10 1.741445e+10
7.230313e+09 0.894260 1.681704e+10	1.567275e+10 1.749796e+10
7.217215e+09 0.891381 1.688465e+10	1.575942e+10 1.758114e+10
7.204117e+09 0.888510 1.695202e+10	1.584547e+10 1.766400e+10
7.191018e+09 0.885649 1.701916e+10	1.593093e+10 1.774654e+10
7.177920e+09 0.882796 1.708607e+10	1.601580e+10 1.782877e+10
7.164821e+09 0.879953 1.715274e+10	1.610008e+10 1.791067e+10
7.151723e+09 0.877119 1.721917e+10	1.618379e+10 1.799226e+10
7.138625e+09 0.874294 1.728537e+10	1.626692e+10 1.807354e+10
7.125526e+09 0.871476 1.735134e+10	1.634948e+10 1.815450e+10
7.112428e+09 0.868668 1.741707e+10	1.643148e+10 1.823515e+10
7.099329e+09 0.865867 1.748257e+10	1.651293e+10 1.831549e+10
7.086231e+09 0.863076 1.754783e+10	1.659381e+10 1.839552e+10
7.073133e+09 0.860293 1.761286e+10	1.667415e+10 1.847523e+10
7.060034e+09 0.857519 1.767766e+10	1.675393e+10 1.855464e+10
7.046936e+09 0.854753 1.774222e+10	1.683318e+10 1.863374e+10
7.033837e+09 0.851996 1.780655e+10	1.691189e+10 1.871253e+10
7.020739e+09 0.849246 1.787065e+10	1.699006e+10 1.879101e+10
7.007641e+09 0.846505 1.793451e+10	1.706771e+10 1.886919e+10
6.994542e+09 0.843772 1.799815e+10	1.714482e+10 1.894707e+10
6.981444e+09 0.841047 1.806155e+10	1.722142e+10 1.902463e+10
6.968345e+09 0.838331 1.812472e+10	1.729749e+10 1.910190e+10
6.955247e+09 0.835623 1.818766e+10	1.737305e+10 1.917887e+10
6.942149e+09 0.832923 1.825037e+10	1.744810e+10 1.925553e+10
6.929050e+09 0.830230 1.831285e+10	1.752264e+10 1.933189e+10
6.915952e+09 0.827546 1.837510e+10	1.759667e+10 1.940796e+10
6.902854e+09 0.824870 1.843711e+10	1.767020e+10 1.948373e+10
6.889755e+09 0.822201 1.849890e+10	1.774324e+10 1.955920e+10
6.876657e+09 0.819540 1.856046e+10	1.781578e+10 1.963437e+10
6.863558e+09 0.816888 1.862180e+10	1.788783e+10 1.970925e+10
6.850460e+09 0.814243 1.868290e+10	1.795940e+10 1.978383e+10
6.837362e+09 0.811606 1.874378e+10	1.803048e+10 1.985813e+10
6.824263e+09 0.808976 1.880443e+10	1.810108e+10 1.993213e+10
6.811165e+09 0.806354 1.886485e+10	1.817121e+10 2.000583e+10
6.798066e+09 0.803740 1.892505e+10	1.824086e+10 2.007925e+10
6.784968e+09 0.801133 1.898502e+10	1.831004e+10 2.015238e+10
6.771870e+09 0.798534 1.904476e+10	1.837581e+10 2.022523e+10
6.758771e+09 0.795942 1.910428e+10	1.843215e+10 2.029778e+10
6.745673e+09 0.793358 1.916357e+10	1.848832e+10 2.037005e+10
6.732574e+09 0.790782 1.922265e+10	1.854433e+10 2.044204e+10
6.719476e+09 0.788212 1.928149e+10	1.860017e+10 2.051374e+10
6.706378e+09 0.785650 1.934012e+10	1.865584e+10 2.058516e+10
6.693279e+09 0.783096 1.939852e+10	1.871135e+10 2.065629e+10
6.680181e+09 0.780548 1.945670e+10	1.876669e+10 2.072715e+10
6.667082e+09 0.778008 1.951465e+10	1.882186e+10 2.079773e+10
6.653984e+09 0.775475 1.957239e+10	1.887687e+10 2.086803e+10
6.640886e+09 0.772950 1.962990e+10	1.893171e+10 2.093805e+10
6.627787e+09 0.770431 1.968720e+10	1.898638e+10 2.100779e+10
6.614689e+09 0.767919 1.974427e+10	1.904089e+10 2.107727e+10
6.601590e+09 0.765415 1.980113e+10	1.909523e+10 2.114646e+10
6.588492e+09 0.762918 1.985777e+10	1.914941e+10 2.121539e+10
6.575394e+09 0.760428 1.991418e+10	1.920342e+10 2.128404e+10
6.562295e+09 0.757944 1.997039e+10	1.925726e+10 2.135242e+10
6.549197e+09 0.755468 2.002637e+10	1.931094e+10 2.142053e+10
6.536098e+09 0.752998 2.008214e+10	1.936445e+10 2.148838e+10
6.523000e+09 0.750535 2.013769e+10	1.941780e+10 2.155595e+10
6.509902e+09 0.748079 2.019302e+10	1.947098e+10 2.162326e+10
6.496803e+09 0.745630 2.024814e+10	1.952399e+10 2.169030e+10
6.483705e+09 0.743188 2.030305e+10	1.957684e+10 2.175708e+10
6.470607e+09 0.740753 2.035774e+10	1.962953e+10 2.182360e+10
6.457508e+09 0.738324 2.041222e+10	1.968205e+10 2.188986e+10
6.444410e+09 0.735902 2.046649e+10	1.973440e+10 2.195585e+10
6.431311e+09 0.733486 2.052054e+10	1.978659e+10 2.202159e+10
6.418213e+09 0.731076 2.057439e+10	1.983440e+10 2.208706e+10
6.405115e+09 0.728674 2.062802e+10	1.987821e+10 2.215228e+10
6.392016e+09 0.726278 2.068144e+10	1.992183e+10 2.221724e+10
6.378918e+09 0.723889 2.073465e+10	1.996527e+10 2.228195e+10
6.365819e+09 0.721506 2.078765e+10	2.000853e+10 2.234640e+10
6.352721e+09 0.719130 2.084044e+10	2.005161e+10 2.241060e+10
6.339623e+09 0.716760 2.089303e+10	2.009451e+10 2.247454e+10
6.326524e+09 0.714396 2.094541e+10	2.013723e+10 2.253824e+10
6.313426e+09 0.712039 2.099758e+10	2.017978e+10 2.260168e+10
6.300327e+09 0.709688 2.104954e+10	2.022215e+10 2.266488e+10
6.287229e+09 0.707343 2.110130e+10	2.026434e+10 2.272783e+10
6.274131e+09 0.705005 2.115285e+10	2.030637e+10 2.279053e+10
6.261032e+09 0.702673 2.120420e+10	2.034822e+10 2.285299e+10
6.247934e+09 0.700347 2.125535e+10	2.038990e+10 2.291520e+10
6.234835e+09 0.698028 2.130629e+10	2.043141e+10 2.297706e+10
6.221737e+09 0.695714 2.135702e+10	2.047275e+10 2.303858e+10
6.208639e+09 0.693406 2.140756e+10	2.051393e+10 2.309976e+10
6.195540e+09 0.691104 2.145789e+10	2.055494e+10 2.316060e+10
6.182442e+09 0.688809 2.150803e+10	2.059578e+10 2.322112e+10
6.169343e+09 0.686519 2.155796e+10	2.063647e+10 2.328131e+10
6.156245e+09 0.684236 2.160769e+10	2.067698e+10 2.334117e+10
6.143147e+09 0.681960 2.165723e+10	2.071734e+10 2.340071e+10
6.130048e+09 0.679689 2.170656e+10	2.075754e+10 2.345994e+10
6.116950e+09 0.677423 2.175570e+10	2.079757e+10 2.351884e+10
6.103851e+09 0.675163 2.180464e+10	2.083745e+10 2.357744e+10
6.090753e+09 0.672909 2.185338e+10	2.087717e+10 2.363572e+10
6.077655e+09 0.670661 2.190193e+10	2.091674e+10 2.369369e+10
6.064556e+09 0.668419 2.195028e+10	2.095615e+10 2.375135e+10
6.051458e+09 0.666183 2.199844e+10	2.099541e+10 2.380871e+10
6.038360e+09 0.663953 2.204640e+10	2.103451e+10 2.386577e+10
6.025261e+09 0.661729 2.209417e+10	2.107346e+10 2.392252e+10
6.012163e+09 0.659510 2.214175e+10	2.111226e+10 2.397897e+10
5.999064e+09 0.657296 2.218913e+10	2.115091e+10 2.403513e+10
5.985966e+09 0.655088 2.223632e+10	2.118941e+10 2.409099e+10
5.972868e+09 0.652885 2.228332e+10	2.122776e+10 2.414656e+10
5.959769e+09 0.650689 2.233013e+10	2.126597e+10 2.420184e+10
5.946671e+09 0.648498 2.237676e+10	2.130403e+10 2.425682e+10
5.933572e+09 0.646313 2.242319e+10	2.134195e+10 2.431152e+10
5.920474e+09 0.644134 2.246943e+10	2.137972e+10 2.436594e+10
5.907376e+09 0.641961 2.251548e+10	2.141735e+10 2.442007e+10
5.894277e+09 0.639792 2.256135e+10	2.145483e+10 2.447391e+10
5.881179e+09 0.637628 2.260703e+10	2.149218e+10 2.452748e+10
5.868080e+09 0.635469 2.265252e+10	2.152938e+10 2.458077e+10
5.854982e+09 0.633317 2.269783e+10	2.156645e+10 2.463378e+10
5.841884e+09 0.631169 2.274296e+10	2.160338e+10 2.468651e+10
5.828785e+09 0.629028 2.278790e+10	2.164017e+10 2.473898e+10
5.815687e+09 0.626892 2.283265e+10	2.167682e+10 2.479117e+10
5.802588e+09 0.624762 2.287722e+10	2.171334e+10 2.484309e+10
5.789490e+09 0.622637 2.292161e+10	2.174972e+10 2.489474e+10
5.776392e+09 0.620516 2.296582e+10	2.178597e+10 2.494613e+10
5.763293e+09 0.618400 2.300985e+10	2.182209e+10 2.499725e+10
5.750195e+09 0.616289 2.305370e+10	2.185807e+10 2.504810e+10
5.737096e+09 0.614184 2.309736e+10	2.189393e+10 2.509870e+10
5.723998e+09 0.612084 2.314085e+10	2.192965e+10 2.514904e+10
5.710900e+09 0.609990 2.318416e+10	2.196525e+10 2.519911e+10
5.697801e+09 0.607901 2.322729e+10	2.200071e+10 2.524893e+10
5.684703e+09 0.605818 2.327024e+10	2.203605e+10 2.529850e+10
5.671604e+09 0.603740 2.331302e+10	2.207126e+10 2.534781e+10
5.658506e+09 0.601665 2.335562e+10	2.210635e+10 2.539687e+10
5.645408e+09 0.599595 2.339804e+10	2.214131e+10 2.544568e+10
5.632309e+09 0.597531 2.344029e+10	2.217615e+10 2.549424e+10
5.619211e+09 0.595471 2.348236e+10	2.221086e+10 2.554255e+10
5.606113e+09 0.593417 2.352427e+10	2.224545e+10 2.559062e+10
5.593014e+09 0.591369 2.356599e+10	2.227992e+10 2.563844e+10
5.579916e+09 0.589325 2.360755e+10	2.231427e+10 2.568602e+10
5.566817e+09 0.587287 2.364893e+10	2.234849e+10 2.573335e+10
5.553719e+09 0.585254 2.369014e+10	2.238260e+10 2.578045e+10
5.540621e+09 0.583223 2.373119e+10	2.241659e+10 2.582731e+10
5.527522e+09 0.581198 2.377206e+10	2.245046e+10 2.587393e+10
5.514424e+09 0.579177 2.381276e+10	2.248422e+10 2.592032e+10
5.501325e+09 0.577162 2.385329e+10	2.251786e+10 2.596647e+10
5.488227e+09 0.575152 2.389366e+10	2.255138e+10 2.601239e+10
5.475129e+09 0.573147 2.393385e+10	2.258479e+10 2.605808e+10
5.462030e+09 0.571147 2.397388e+10	2.261808e+10 2.610354e+10
5.448932e+09 0.569152 2.401375e+10	2.265126e+10 2.614877e+10
5.435833e+09 0.567162 2.405344e+10	2.268433e+10 2.619378e+10
5.422735e+09 0.565175 2.409298e+10	2.271729e+10 2.623855e+10
5.409637e+09 0.563192 2.413235e+10	2.275013e+10 2.628311e+10
5.396538e+09 0.561214 2.417155e+10	2.278287e+10 2.632744e+10
5.383440e+09 0.559241 2.421059e+10	2.281549e+10 2.637155e+10
5.370341e+09 0.557273 2.424947e+10	2.284801e+10 2.641544e+10
5.357243e+09 0.555310 2.428818e+10	2.288042e+10 2.645911e+10
5.344145e+09 0.553352 2.432673e+10	2.291272e+10 2.650256e+10
5.331046e+09 0.551399 2.436513e+10	2.294492e+10 2.654580e+10
5.317948e+09 0.549450 2.440336e+10	2.297700e+10 2.658882e+10
5.304849e+09 0.547505 2.444143e+10	2.300899e+10 2.663163e+10
5.291751e+09 0.545563 2.447934e+10	2.304087e+10 2.667422e+10
5.278653e+09 0.543626 2.451710e+10	2.307264e+10 2.671661e+10
5.265554e+09 0.541694 2.455469e+10	2.310431e+10 2.675878e+10
5.252456e+09 0.539766 2.459213e+10	2.313588e+10 2.680075e+10
5.239358e+09 0.537844 2.462941e+10	2.316735e+10 2.684251e+10
5.226259e+09 0.535926 2.466654e+10	2.319871e+10 2.688406e+10
5.213161e+09 0.534013 2.470351e+10	2.322998e+10 2.692541e+10
5.200062e+09 0.532105 2.474032e+10	2.326114e+10 2.696655e+10
5.186964e+09 0.530200 2.477698e+10	2.329221e+10 2.700750e+10
5.173866e+09 0.528297 2.481349e+10	2.332317e+10 2.704824e+10
5.160767e+09 0.526400 2.484984e+10	2.335404e+10 2.708878e+10
5.147669e+09 0.524507 2.488604e+10	2.338481e+10 2.712912e+10
5.134570e+09 0.522618 2.492209e+10	2.341549e+10 2.716927e+10
5.121472e+09 0.520735 2.495798e+10	2.344607e+10 2.720922e+10
5.108374e+09 0.518856 2.499373e+10	2.347655e+10 2.724897e+10
5.095275e+09 0.516981 2.502932e+10	2.350694e+10 2.728853e+10
5.082177e+09 0.515112 2.506477e+10	2.353723e+10 2.732790e+10
5.069078e+09 0.513246 2.510006e+10	2.356743e+10 2.736708e+10
5.055980e+09 0.511382 2.513521e+10	2.359754e+10 2.740606e+10
5.042882e+09 0.509522 2.517020e+10	2.362755e+10 2.744486e+10
5.029783e+09 0.507667 2.520505e+10	2.365747e+10 2.748347e+10
5.016685e+09 0.505816 2.523975e+10	2.368730e+10 2.752189e+10
5.003586e+09 0.503970 2.527431e+10	2.371704e+10 2.756012e+10
4.990488e+09 0.502129 2.530872e+10	2.374669e+10 2.759817e+10
4.977390e+09 0.500291 2.534298e+10	2.377625e+10 2.763604e+10
4.964291e+09 0.498459 2.537710e+10	2.380572e+10 2.767353e+10
4.951193e+09 0.496631 2.541108e+10	2.383510e+10 2.771064e+10
4.938094e+09 0.494804 2.544491e+10	2.386440e+10 2.774740e+10
4.924996e+09 0.492981 2.547860e+10	2.389360e+10 2.778380e+10
4.911898e+09 0.491162 2.551214e+10	2.392272e+10 2.781986e+10
4.898799e+09 0.489348 2.554554e+10	2.395176e+10 2.785558e+10
4.885701e+09 0.487538 2.557880e+10	2.398071e+10 2.789097e+10
4.872602e+09 0.485732 2.561192e+10	2.400957e+10 2.792602e+10
4.859504e+09 0.483931 2.564490e+10	2.403835e+10 2.796075e+10
4.846406e+09 0.482134 2.567774e+10	2.406704e+10 2.799516e+10
4.833307e+09 0.480342 2.571044e+10	2.409565e+10 2.802925e+10
4.820209e+09 0.478552 2.574301e+10	2.412418e+10 2.806303e+10
4.807111e+09 0.476764 2.577543e+10	2.415263e+10 2.809650e+10
4.794012e+09 0.474980 2.580771e+10	2.418099e+10 2.812966e+10
4.780914e+09 0.473201 2.583986e+10	2.420927e+10 2.816251e+10
4.767815e+09 0.471426 2.587187e+10	2.423747e+10 2.819507e+10
4.754717e+09 0.469655 2.590375e+10	2.426559e+10 2.822733e+10
4.741619e+09 0.467888 2.593548e+10	2.429363e+10 2.825930e+10
4.728520e+09 0.466126 2.596709e+10	2.432160e+10 2.829097e+10
4.715422e+09 0.464368 2.599856e+10	2.434948e+10 2.832236e+10
4.702323e+09 0.462614 2.602989e+10	2.437728e+10 2.835347e+10
4.689225e+09 0.460861 2.606109e+10	2.440501e+10 2.838429e+10
4.676127e+09 0.459111 2.609216e+10	2.443266e+10 2.841484e+10
4.663028e+09 0.457365 2.612310e+10	2.446023e+10 2.844511e+10
4.649930e+09 0.455624 2.615390e+10	2.448772e+10 2.847510e+10
4.636831e+09 0.453886 2.618457e+10	2.451514e+10 2.850483e+10
4.623733e+09 0.452153 2.621511e+10	2.454249e+10 2.853429e+10
4.610635e+09 0.450424 2.624552e+10	2.456975e+10 2.856348e+10
4.597536e+09 0.448699 2.627580e+10	2.459695e+10 2.859242e+10
4.584438e+09 0.446978 2.630595e+10	2.462407e+10 2.862109e+10
4.571339e+09 0.445261 2.633598e+10	2.465111e+10 2.864951e+10
4.558241e+09 0.443544 2.636587e+10	2.467809e+10 2.867768e+10
4.545143e+09 0.441830 2.639564e+10	2.470499e+10 2.870559e+10
4.532044e+09 0.440121 2.642527e+10	2.473182e+10 2.873325e+10
4.518946e+09 0.438416 2.645478e+10	2.475857e+10 2.876066e+10
4.505847e+09 0.436715 2.648417e+10	2.478526e+10 2.878784e+10
4.492749e+09 0.435018 2.651343e+10	2.481187e+10 2.881477e+10
4.479651e+09 0.433325 2.654256e+10	2.483841e+10 2.884146e+10
4.466552e+09 0.431636 2.657157e+10	2.486489e+10 2.886791e+10
4.453454e+09 0.429951 2.660045e+10	2.489129e+10 2.889413e+10
4.440355e+09 0.428268 2.662921e+10	2.491763e+10 2.892011e+10
4.427257e+09 0.426586 2.665785e+10	2.494389e+10 2.894587e+10
4.414159e+09 0.424908 2.668636e+10	2.497009e+10 2.897139e+10
4.401060e+09 0.423234 2.671475e+10	2.499622e+10 2.899669e+10
4.387962e+09 0.421564 2.674302e+10	2.502228e+10 2.902177e+10
4.374864e+09 0.419898 2.677117e+10	2.504828e+10 2.904662e+10
4.361765e+09 0.418235 2.679919e+10	2.507420e+10 2.907125e+10
4.348667e+09 0.416577 2.682710e+10	2.510007e+10 2.909567e+10
4.335568e+09 0.414922 2.685488e+10	2.512586e+10 2.911987e+10
4.322470e+09 0.413272 2.688255e+10	2.515159e+10 2.914386e+10
4.309372e+09 0.411622 2.691009e+10	2.517726e+10 2.916763e+10
4.296273e+09 0.409974 2.693752e+10	2.520286e+10 2.919120e+10
4.283175e+09 0.408330 2.696483e+10	2.522840e+10 2.921456e+10
4.270076e+09 0.406690 2.699202e+10	2.525387e+10 2.923771e+10
4.256978e+09 0.405054 2.701910e+10	2.527928e+10 2.926065e+10
4.243880e+09 0.403421 2.704605e+10	2.530463e+10 2.928340e+10
4.230781e+09 0.401793 2.707289e+10	2.532991e+10 2.930594e+10
4.217683e+09 0.400168 2.709962e+10	2.535513e+10 2.932829e+10
4.204584e+09 0.398547 2.712623e+10	2.538029e+10 2.935044e+10
4.191486e+09 0.396929 2.715272e+10	2.540539e+10 2.937240e+10
4.178388e+09 0.395312 2.717910e+10	2.543043e+10 2.939416e+10
4.165289e+09 0.393697 2.720537e+10	2.545541e+10 2.941574e+10
4.152191e+09 0.392086 2.723152e+10	2.548032e+10 2.943712e+10
4.139092e+09 0.390478 2.725756e+10	2.550518e+10 2.945831e+10
4.125994e+09 0.388874 2.728349e+10	2.552997e+10 2.947932e+10
4.112896e+09 0.387274 2.730930e+10	2.555471e+10 2.950015e+10
4.099797e+09 0.385678 2.733501e+10	2.557939e+10 2.952079e+10
4.086699e+09 0.384085 2.736060e+10	2.560401e+10 2.954125e+10
4.073600e+09 0.382496 2.738608e+10	2.562857e+10 2.956153e+10
4.060502e+09 0.380911 2.741145e+10	2.565307e+10 2.958164e+10
4.047404e+09 0.379325 2.743671e+10	2.567752e+10 2.960157e+10
4.034305e+09 0.377742 2.746186e+10	2.570191e+10 2.962132e+10
4.021207e+09 0.376162 2.748690e+10	2.572624e+10 2.964090e+10
4.008108e+09 0.374586 2.751183e+10	2.575052e+10 2.966031e+10
3.995010e+09 0.373014 2.753665e+10	2.577474e+10 2.967955e+10
3.981912e+09 0.371445 2.756137e+10	2.579890e+10 2.969863e+10
3.968813e+09 0.369879 2.758598e+10	2.582301e+10 2.971753e+10
3.955715e+09 0.368318 2.761048e+10	2.584706e+10 2.973627e+10
3.942617e+09 0.366759 2.763487e+10	2.587106e+10 2.975485e+10
3.929518e+09 0.365205 2.765916e+10	2.589501e+10 2.977326e+10
3.916420e+09 0.363650 2.768335e+10	2.591890e+10 2.979152e+10
3.903321e+09 0.362098 2.770743e+10	2.594273e+10 2.980961e+10
3.890223e+09 0.360548 2.773140e+10	2.596652e+10 2.982755e+10
3.877125e+09 0.359002 2.775527e+10	2.599024e+10 2.984533e+10
3.864026e+09 0.357460 2.777903e+10	2.601392e+10 2.986295e+10
3.850928e+09 0.355921 2.780269e+10	2.603755e+10 2.988042e+10
3.837829e+09 0.354386 2.782625e+10	2.606112e+10 2.989774e+10
3.824731e+09 0.352854 2.784970e+10	2.608464e+10 2.991490e+10
3.811633e+09 0.351326 2.787306e+10	2.610811e+10 2.993192e+10
3.798534e+09 0.349801 2.789631e+10	2.613153e+10 2.994879e+10
3.785436e+09 0.348277 2.791946e+10	2.615489e+10 2.996551e+10
3.772337e+09 0.346753 2.794251e+10	2.617821e+10 2.998209e+10
3.759239e+09 0.345233 2.796545e+10	2.620148e+10 2.999852e+10
3.746141e+09 0.343717 2.798830e+10	2.622469e+10 3.001481e+10
3.733042e+09 0.342204 2.801105e+10	2.624786e+10 3.003095e+10
3.719944e+09 0.340694 2.803369e+10	2.627098e+10 3.004696e+10
3.706845e+09 0.339187 2.805624e+10	2.629404e+10 3.006282e+10
3.693747e+09 0.337684 2.807869e+10	2.631706e+10 3.007855e+10
3.680649e+09 0.336185 2.810104e+10	2.634003e+10 3.009414e+10
3.667550e+09 0.334688 2.812330e+10	2.636296e+10 3.010959e+10
3.654452e+09 0.333194 2.814545e+10	2.638583e+10 3.012491e+10
3.641353e+09 0.331699 2.816751e+10	2.640866e+10 3.014010e+10
3.628255e+09 0.330207 2.818948e+10	2.643144e+10 3.015515e+10
3.615157e+09 0.328719 2.821134e+10	2.645417e+10 3.017007e+10
3.602058e+09 0.327234 2.823311e+10	2.647686e+10 3.018486e+10
3.588960e+09 0.325752 2.825478e+10	2.649950e+10 3.019953e+10
3.575861e+09 0.324274 2.827636e+10	2.652209e+10 3.021406e+10
3.562763e+09 0.322798 2.829785e+10	2.654464e+10 3.022847e+10
3.549665e+09 0.321326 2.831924e+10	2.656714e+10 3.024275e+10
3.536566e+09 0.319858 2.834053e+10	2.658960e+10 3.025691e+10
3.523468e+09 0.318392 2.836173e+10	2.661201e+10 3.027094e+10
3.510370e+09 0.316925 2.838284e+10	2.663438e+10 3.028485e+10
3.497271e+09 0.315461 2.840386e+10	2.665670e+10 3.029864e+10
3.484173e+09 0.314000 2.842478e+10	2.667898e+10 3.031231e+10
3.471074e+09 0.312542 2.844561e+10	2.670121e+10 3.032586e+10
3.457976e+09 0.311087 2.846635e+10	2.672340e+10 3.033929e+10
3.444878e+09 0.309635 2.848700e+10	2.674555e+10 3.035261e+10
3.431779e+09 0.308187 2.850756e+10	2.676765e+10 3.036580e+10
3.418681e+09 0.306742 2.852802e+10	2.678971e+10 3.037889e+10
3.405582e+09 0.305300 2.854840e+10	2.681173e+10 3.039185e+10
3.392484e+09 0.303861 2.856868e+10	2.683370e+10 3.040471e+10
3.379386e+09 0.302423 2.858888e+10	2.685564e+10 3.041745e+10
3.366287e+09 0.300984 2.860899e+10	2.687753e+10 3.043008e+10
3.353189e+09 0.299549 2.862901e+10	2.689938e+10 3.044260e+10
3.340090e+09 0.298118 2.864893e+10	2.692119e+10 3.045501e+10
3.326992e+09 0.296689 2.866878e+10	2.694295e+10 3.046731e+10
3.313894e+09 0.295263 2.868853e+10	2.696468e+10 3.047951e+10
3.300795e+09 0.293841 2.870820e+10	2.698636e+10 3.049159e+10
3.287697e+09 0.292422 2.872777e+10	2.700801e+10 3.050357e+10
3.274598e+09 0.291005 2.874727e+10	2.702961e+10 3.051545e+10
3.261500e+09 0.289592 2.876667e+10	2.705118e+10 3.052722e+10
3.248402e+09 0.288182 2.878599e+10	2.707270e+10 3.053889e+10
3.235303e+09 0.286769 2.880523e+10	2.709419e+10 3.055045e+10
3.222205e+09 0.285360 2.882438e+10	2.711564e+10 3.056192e+10
3.209106e+09 0.283953 2.884344e+10	2.713704e+10 3.057328e+10
3.196008e+09 0.282550 2.886242e+10	2.715841e+10 3.058454e+10
3.182910e+09 0.281149 2.888131e+10	2.717974e+10 3.059571e+10
3.169811e+09 0.279752 2.890012e+10	2.720104e+10 3.060677e+10
3.156713e+09 0.278358 2.891885e+10	2.722229e+10 3.061774e+10
3.143615e+09 0.276966 2.893749e+10	2.724351e+10 3.062861e+10
3.130516e+09 0.275578 2.895605e+10	2.726468e+10 3.063939e+10
3.117418e+09 0.274193 2.897453e+10	2.728583e+10 3.065007e+10
3.104319e+09 0.272808 2.899293e+10	2.730693e+10 3.066066e+10
3.091221e+09 0.271423 2.901124e+10	2.732800e+10 3.067115e+10
3.078123e+09 0.270040 2.902948e+10	2.734903e+10 3.068155e+10
3.065024e+09 0.268661 2.904763e+10	2.737002e+10 3.069186e+10
3.051926e+09 0.267285 2.906570e+10	2.739098e+10 3.070207e+10
3.038827e+09 0.265912 2.908369e+10	2.741190e+10 3.071220e+10
3.025729e+09 0.264542 2.910159e+10	2.743279e+10 3.072223e+10
3.012631e+09 0.263175 2.911942e+10	2.745364e+10 3.073218e+10
2.999532e+09 0.261810 2.913717e+10	2.747445e+10 3.074204e+10
2.986434e+09 0.260449 2.915484e+10	2.749523e+10 3.075181e+10
2.973335e+09 0.259091 2.917243e+10	2.751598e+10 3.076150e+10
2.960237e+09 0.257730 2.918995e+10	2.753669e+10 3.077110e+10
2.947139e+09 0.256371 2.920738e+10	2.755736e+10 3.078061e+10
2.934040e+09 0.255016 2.922474e+10	2.757800e+10 3.079004e+10
2.920942e+09 0.253663 2.924201e+10	2.759861e+10 3.079939e+10
2.907843e+09 0.252313 2.925921e+10	2.761918e+10 3.080865e+10
2.894745e+09 0.250966 2.927634e+10	2.763972e+10 3.081783e+10
2.881647e+09 0.249622 2.929338e+10	2.766023e+10 3.082692e+10
2.868548e+09 0.248281 2.931035e+10	2.768070e+10 3.083594e+10
2.855450e+09 0.246943 2.932725e+10	2.770114e+10 3.084487e+10
2.842351e+09 0.245608 2.934407e+10	2.772155e+10 3.085373e+10
2.829253e+09 0.244274 2.936081e+10	2.774192e+10 3.086251e+10
2.816155e+09 0.242938 2.937748e+10	2.776226e+10 3.087120e+10
2.803056e+09 0.241605 2.939407e+10	2.778257e+10 3.087982e+10
2.789958e+09 0.240275 2.941059e+10	2.780285e+10 3.088836e+10
2.776859e+09 0.238948 2.942703e+10	2.782309e+10 3.089683e+10
2.763761e+09 0.237624 2.944340e+10	2.784331e+10 3.090522e+10
2.750663e+09 0.236302 2.945969e+10	2.786349e+10 3.091353e+10
2.737564e+09 0.234984 2.947591e+10	2.788364e+10 3.092177e+10
2.724466e+09 0.233668 2.949206e+10	2.790376e+10 3.092993e+10
2.711368e+09 0.232355 2.950814e+10	2.792385e+10 3.093802e+10
2.698269e+09 0.231044 2.952414e+10	2.794391e+10 3.094604e+10
2.685171e+09 0.229734 2.954007e+10	2.796393e+10 3.095398e+10
2.672072e+09 0.228423 2.955593e+10	2.798393e+10 3.096186e+10
2.658974e+09 0.227115 2.957172e+10	2.800390e+10 3.096966e+10
2.645876e+09 0.225810 2.958743e+10	2.802383e+10 3.097739e+10
2.632777e+09 0.224507 2.960308e+10	2.804374e+10 3.098505e+10
2.619679e+09 0.223208 2.961865e+10	2.806362e+10 3.099264e+10
2.606580e+09 0.221911 2.963415e+10	2.808347e+10 3.100016e+10
2.593482e+09 0.220616 2.964959e+10	2.810329e+10 3.100761e+10
2.580384e+09 0.219325 2.966495e+10	2.812307e+10 3.101499e+10
2.567285e+09 0.218036 2.968024e+10	2.814284e+10 3.102231e+10
2.554187e+09 0.216750 2.969547e+10	2.816257e+10 3.102956e+10
2.541088e+09 0.215463 2.971062e+10	2.818227e+10 3.103674e+10
2.527990e+09 0.214176 2.972571e+10	2.820195e+10 3.104386e+10
2.514892e+09 0.212892 2.974072e+10	2.822159e+10 3.105091e+10
2.501793e+09 0.211611 2.975567e+10	2.824121e+10 3.105790e+10
2.488695e+09 0.210332 2.977055e+10	2.826080e+10 3.106482e+10
2.475596e+09 0.209056 2.978536e+10	2.828037e+10 3.107168e+10
2.462498e+09 0.207782 2.980011e+10	2.829990e+10 3.107847e+10
2.449400e+09 0.206512 2.981479e+10	2.831941e+10 3.108520e+10
2.436301e+09 0.205244 2.982940e+10	2.833889e+10 3.109187e+10
2.423203e+09 0.203978 2.984394e+10	2.835835e+10 3.109848e+10
2.410104e+09 0.202716 2.985842e+10	2.837777e+10 3.110503e+10
2.397006e+09 0.201451 2.987283e+10	2.839717e+10 3.111151e+10
2.383908e+09 0.200188 2.988718e+10	2.841655e+10 3.111794e+10
2.370809e+09 0.198927 2.990146e+10	2.843590e+10 3.112430e+10
2.357711e+09 0.197668 2.991567e+10	2.845522e+10 3.113061e+10
2.344612e+09 0.196412 2.992982e+10	2.847451e+10 3.113685e+10
2.331514e+09 0.195159 2.994391e+10	2.849378e+10 3.114304e+10
2.318416e+09 0.193909 2.995793e+10	2.851303e+10 3.114917e+10
2.305317e+09 0.192661 2.997189e+10	2.853225e+10 3.115524e+10
2.292219e+09 0.191416 2.998578e+10	2.855144e+10 3.116126e+10
2.279121e+09 0.190173 2.999961e+10	2.857061e+10 3.116722e+10
2.266022e+09 0.188933 3.001337e+10	2.858975e+10 3.117312e+10
2.252924e+09 0.187691 3.002707e+10	2.860887e+10 3.117896e+10
2.239825e+09 0.186450 3.004071e+10	2.862796e+10 3.118475e+10
2.226727e+09 0.185211 3.005429e+10	2.864703e+10 3.119049e+10
2.213629e+09 0.183975 3.006780e+10	2.866608e+10 3.119617e+10
2.200530e+09 0.182741 3.008125e+10	2.868510e+10 3.120180e+10
2.187432e+09 0.181510 3.009464e+10	2.870409e+10 3.120737e+10
2.174333e+09 0.180282 3.010797e+10	2.872307e+10 3.121289e+10
2.161235e+09 0.179056 3.012123e+10	2.874202e+10 3.121835e+10
2.148137e+09 0.177833 3.013444e+10	2.876094e+10 3.122377e+10
2.135038e+09 0.176612 3.014758e+10	2.877984e+10 3.122913e+10
2.121940e+09 0.175394 3.016067e+10	2.879872e+10 3.123444e+10
2.108841e+09 0.174174 3.017369e+10	2.881758e+10 3.123970e+10
2.095743e+09 0.172955 3.018665e+10	2.883641e+10 3.124491e+10
2.082645e+09 0.171737 3.019955e+10	2.885522e+10 3.125006e+10
2.069546e+09 0.170523 3.021239e+10	2.887400e+10 3.125517e+10
2.056448e+09 0.169311 3.022518e+10	2.889277e+10 3.126023e+10
2.043349e+09 0.168101 3.023790e+10	2.891151e+10 3.126523e+10
2.030251e+09 0.166894 3.025056e+10	2.893023e+10 3.127019e+10
2.017153e+09 0.165690 3.026317e+10	2.894892e+10 3.127510e+10
2.004054e+09 0.164487 3.027572e+10	2.896760e+10 3.127996e+10
1.990956e+09 0.163288 3.028820e+10	2.898625e+10 3.128478e+10
1.977857e+09 0.162091 3.030064e+10	2.900488e+10 3.128954e+10
1.964759e+09 0.160893 3.031301e+10	2.902349e+10 3.129426e+10
1.951661e+09 0.159694 3.032532e+10	2.904208e+10 3.129893e+10
1.938562e+09 0.158498 3.033758e+10	2.906065e+10 3.130356e+10
1.925464e+09 0.157304 3.034978e+10	2.907919e+10 3.130814e+10
1.912365e+09 0.156113 3.036192e+10	2.909772e+10 3.131267e+10
1.899267e+09 0.154924 3.037401e+10	2.911622e+10 3.131716e+10
1.886169e+09 0.153738 3.038604e+10	2.913470e+10 3.132160e+10
1.873070e+09 0.152554 3.039801e+10	2.915317e+10 3.132600e+10
1.859972e+09 0.151372 3.040993e+10	2.917161e+10 3.133036e+10
1.846874e+09 0.150193 3.042179e+10	2.919003e+10 3.133467e+10
1.833775e+09 0.149016 3.043360e+10	2.920843e+10 3.133893e+10
1.820677e+09 0.147840 3.044535e+10	2.922681e+10 3.134316e+10
1.807578e+09 0.146662 3.045704e+10	2.924518e+10 3.134734e+10
1.794480e+09 0.145486 3.046869e+10	2.926352e+10 3.135147e+10
1.781382e+09 0.144312 3.048027e+10	2.928184e+10 3.135557e+10
1.768283e+09 0.143141 3.049180e+10	2.930014e+10 3.135962e+10
1.755185e+09 0.141972 3.050328e+10	2.931842e+10 3.136363e+10
1.742086e+09 0.140806 3.051470e+10	2.933669e+10 3.136760e+10
1.728988e+09 0.139642 3.052607e+10	2.935493e+10 3.137153e+10
1.715890e+09 0.138480 3.053739e+10	2.937316e+10 3.137542e+10
1.702791e+09 0.137321 3.054865e+10	2.939136e+10 3.137926e+10
1.689693e+09 0.136164 3.055986e+10	2.940955e+10 3.138307e+10
1.676594e+09 0.135009 3.057101e+10	2.942772e+10 3.138684e+10
1.663496e+09 0.133851 3.058212e+10	2.944587e+10 3.139056e+10
1.650398e+09 0.132694 3.059317e+10	2.946400e+10 3.139425e+10
1.637299e+09 0.131540 3.060417e+10	2.948212e+10 3.139790e+10
1.624201e+09 0.130388 3.061511e+10	2.950021e+10 3.140151e+10
1.611102e+09 0.129239 3.062601e+10	2.951829e+10 3.140508e+10
1.598004e+09 0.128092 3.063685e+10	2.953635e+10 3.140861e+10
1.584906e+09 0.126947 3.064764e+10	2.955439e+10 3.141211e+10
1.571807e+09 0.125805 3.065838e+10	2.957242e+10 3.141556e+10
1.558709e+09 0.124665 3.066907e+10	2.959043e+10 3.141898e+10
1.545610e+09 0.123527 3.067971e+10	2.960842e+10 3.142237e+10
1.532512e+09 0.122391 3.069029e+10	2.962639e+10 3.142571e+10
1.519414e+09 0.121254 3.070083e+10	2.964434e+10 3.142902e+10
1.506315e+09 0.120116 3.071132e+10	2.966228e+10 3.143230e+10
1.493217e+09 0.118981 3.072175e+10	2.968020e+10 3.143553e+10
1.480118e+09 0.117848 3.073214e+10	2.969811e+10 3.143874e+10
1.467020e+09 0.116718 3.074247e+10	2.971600e+10 3.144190e+10
1.453922e+09 0.115589 3.075276e+10	2.973387e+10 3.144503e+10
1.440823e+09 0.114463 3.076300e+10	2.975172e+10 3.144813e+10
1.427725e+09 0.113340 3.077319e+10	2.976956e+10 3.145119e+10
1.414627e+09 0.112218 3.078333e+10	2.978738e+10 3.145422e+10
1.401528e+09 0.111099 3.079342e+10	2.980519e+10 3.145721e+10
1.388430e+09 0.109982 3.080346e+10	2.982298e+10 3.146017e+10
1.375331e+09 0.108865 3.081346e+10	2.984076e+10 3.146309e+10
1.362233e+09 0.107746 3.082340e+10	2.985852e+10 3.146599e+10
1.349135e+09 0.106629 3.083330e+10	2.987626e+10 3.146884e+10
1.336036e+09 0.105515 3.084315e+10	2.989399e+10 3.147167e+10
1.322938e+09 0.104402 3.085295e+10	2.991170e+10 3.147446e+10
1.309839e+09 0.103292 3.086271e+10	2.992940e+10 3.147722e+10
1.296741e+09 0.102184 3.087242e+10	2.994708e+10 3.147995e+10
1.283643e+09 0.101078 3.088208e+10	2.996474e+10 3.148265e+10
1.270544e+09 0.099975 3.089169e+10	2.998240e+10 3.148531e+10
1.257446e+09 0.098874 3.090126e+10	3.000003e+10 3.148794e+10
1.244347e+09 0.097775 3.091078e+10	3.001766e+10 3.149055e+10
1.231249e+09 0.096678 3.092026e+10	3.003526e+10 3.149312e+10
1.218151e+09 0.095578 3.092969e+10	3.005286e+10 3.149566e+10
1.205052e+09 0.094478 3.093907e+10	3.007044e+10 3.149817e+10
1.191954e+09 0.093381 3.094841e+10	3.008800e+10 3.150065e+10
1.178855e+09 0.092287 3.095770e+10	3.010555e+10 3.150309e+10
1.165757e+09 0.091194 3.096695e+10	3.012309e+10 3.150551e+10
1.152659e+09 0.090104 3.097615e+10	3.014061e+10 3.150790e+10
1.139560e+09 0.089016 3.098531e+10	3.015812e+10 3.151026e+10
1.126462e+09 0.087930 3.099442e+10	3.017561e+10 3.151259e+10
1.113363e+09 0.086846 3.100349e+10	3.019309e+10 3.151489e+10
1.100265e+09 0.085764 3.101251e+10	3.021056e+10 3.151716e+10
1.087167e+09 0.084684 3.102149e+10	3.022802e+10 3.151941e+10
1.074068e+09 0.083605 3.103042e+10	3.024546e+10 3.152162e+10
1.060970e+09 0.082523 3.103932e+10	3.026288e+10 3.152381e+10
1.047872e+09 0.081443 3.104816e+10	3.028030e+10 3.152597e+10
1.034773e+09 0.080366 3.105697e+10	3.029770e+10 3.152810e+10
1.021675e+09 0.079290 3.106573e+10	3.031509e+10 3.153020e+10
1.008576e+09 0.078217 3.107444e+10	3.033246e+10 3.153228e+10
9.954779e+08 0.077146 3.108312e+10	3.034983e+10 3.153433e+10
9.823795e+08 0.076076 3.109175e+10	3.036718e+10 3.153635e+10
9.692811e+08 0.075009 3.110034e+10	3.038451e+10 3.153834e+10
9.561827e+08 0.073945 3.110888e+10	3.040184e+10 3.154031e+10
9.430844e+08 0.072882 3.111739e+10	3.041915e+10 3.154225e+10
9.299860e+08 0.071821 3.112585e+10	3.043645e+10 3.154417e+10
9.168876e+08 0.070758 3.113427e+10	3.045374e+10 3.154605e+10
9.037892e+08 0.069695 3.114265e+10	3.047102e+10 3.154792e+10
8.906908e+08 0.068634 3.115098e+10	3.048829e+10 3.154976e+10
8.775924e+08 0.067575 3.115928e+10	3.050554e+10 3.155157e+10
8.644940e+08 0.066518 3.116753e+10	3.052278e+10 3.155335e+10
8.513956e+08 0.065463 3.117574e+10	3.054001e+10 3.155511e+10
8.382972e+08 0.064410 3.118392e+10	3.055723e+10 3.155685e+10
8.251988e+08 0.063360 3.119205e+10	3.057443e+10 3.155856e+10
8.121004e+08 0.062311 3.120014e+10	3.059163e+10 3.156025e+10
7.990020e+08 0.061265 3.120819e+10	3.060881e+10 3.156191e+10
7.859036e+08 0.060220 3.121619e+10	3.062599e+10 3.156355e+10
7.728052e+08 0.059177 3.122416e+10	3.064315e+10 3.156516e+10
7.597068e+08 0.058130 3.123209e+10	3.066030e+10 3.156675e+10
7.466084e+08 0.057085 3.123998e+10	3.067744e+10 3.156832e+10
7.335101e+08 0.056042 3.124783e+10	3.069457e+10 3.156986e+10
7.204117e+08 0.055001 3.125564e+10	3.071169e+10 3.157138e+10
7.073133e+08 0.053963 3.126341e+10	3.072880e+10 3.157288e+10
6.942149e+08 0.052926 3.127114e+10	3.074590e+10 3.157435e+10
6.811165e+08 0.051891 3.127883e+10	3.076298e+10 3.157580e+10
6.680181e+08 0.050858 3.128649e+10	3.078006e+10 3.157722e+10
6.549197e+08 0.049828 3.129410e+10	3.079713e+10 3.157863e+10
6.418213e+08 0.048799 3.130168e+10	3.081418e+10 3.158001e+10
6.287229e+08 0.047773 3.130921e+10	3.083123e+10 3.158137e+10
6.156245e+08 0.046745 3.131671e+10	3.084827e+10 3.158271e+10
6.025261e+08 0.045716 3.132417e+10	3.086530e+10 3.158402e+10
5.894277e+08 0.044689 3.133160e+10	3.088231e+10 3.158532e+10
5.763293e+08 0.043663 3.133898e+10	3.089932e+10 3.158659e+10
5.632309e+08 0.042640 3.134633e+10	3.091632e+10 3.158784e+10
5.501325e+08 0.041619 3.135364e+10	3.093331e+10 3.158907e+10
5.370341e+08 0.040599 3.136091e+10	3.095029e+10 3.159028e+10
5.239358e+08 0.039582 3.136814e+10	3.096726e+10 3.159146e+10
5.108374e+08 0.038567 3.137534e+10	3.098422e+10 3.159263e+10
4.977390e+08 0.037553 3.138250e+10	3.100117e+10 3.159377e+10
4.846406e+08 0.036542 3.138963e+10	3.101811e+10 3.159490e+10
4.715422e+08 0.035533 3.139672e+10	3.103505e+10 3.159600e+10
4.584438e+08 0.034521 3.140377e+10	3.105197e+10 3.159708e+10
4.453454e+08 0.033509 3.141078e+10	3.106889e+10 3.159815e+10
4.322470e+08 0.032498 3.141776e+10	3.108580e+10 3.159919e+10
4.191486e+08 0.031490 3.142470e+10	3.110270e+10 3.160021e+10
4.060502e+08 0.030484 3.143161e+10	3.111959e+10 3.160122e+10
3.929518e+08 0.029480 3.143848e+10	3.113647e+10 3.160220e+10
3.798534e+08 0.028477 3.144531e+10	3.115334e+10 3.160317e+10
3.667550e+08 0.027477 3.145211e+10	3.117021e+10 3.160411e+10
3.536566e+08 0.026478 3.145888e+10	3.118707e+10 3.160504e+10
3.405582e+08 0.025482 3.146561e+10	3.120392e+10 3.160594e+10
3.274598e+08 0.024487 3.147230e+10	3.122076e+10 3.160683e+10
3.143615e+08 0.023494 3.147896e+10	3.123759e+10 3.160770e+10
3.012631e+08 0.022498 3.148558e+10	3.125442e+10 3.160855e+10
2.881647e+08 0.021502 3.149217e+10	3.127124e+10 3.160938e+10
2.750663e+08 0.020509 3.149873e+10	3.128805e+10 3.161020e+10
2.619679e+08 0.019517 3.150525e+10	3.130485e+10 3.161099e+10
2.488695e+08 0.018527 3.151173e+10	3.132164e+10 3.161177e+10
2.357711e+08 0.017539 3.151818e+10	3.133843e+10 3.161252e+10
2.226727e+08 0.016553 3.152460e+10	3.135521e+10 3.161327e+10
2.095743e+08 0.015569 3.153099e+10	3.137199e+10 3.161399e+10
1.964759e+08 0.014587 3.153734e+10	3.138875e+10 3.161469e+10
1.833775e+08 0.013607 3.154365e+10	3.140551e+10 3.161538e+10
1.702791e+08 0.012628 3.154994e+10	3.142226e+10 3.161605e+10
1.571807e+08 0.011652 3.155619e+10	3.143901e+10 3.161670e+10
1.440823e+08 0.010671 3.156241e+10	3.145575e+10 3.161734e+10
1.309839e+08 0.009692 3.156859e+10	3.147248e+10 3.161796e+10
1.178855e+08 0.008714 3.157474e+10	3.148921e+10 3.161856e+10
1.047872e+08 0.007738 3.158086e+10	3.150592e+10 3.161915e+10
9.168876e+07 0.006764 3.158694e+10	3.152264e+10 3.161971e+10
7.859036e+07 0.005792 3.159300e+10	3.153934e+10 3.162026e+10
6.549197e+07 0.004822 3.159902e+10	3.155604e+10 3.162080e+10
5.239358e+07 0.003854 3.160500e+10	3.157273e+10 3.162132e+10
3.929518e+07 0.002888 3.161096e+10	3.158942e+10 3.162182e+10
2.619679e+07 0.001923 3.161688e+10	3.160610e+10 3.162231e+10
1.309839e+07 0.000961 3.162278e+10	3.162278e+10 3.162278e+10
