#t0_Mstar=2.511886e+10 (N07Mbar=4.269030e+10) t0_sfr=1.320205e+00	1.00000000000000001988462483866e+30 t0_sfr=9.002981e-01
#tlb ,red_binl[i],Mstar[i],CSFH[i],phi[i],dMLdt[i],massloss_to_t0[i], Mstar_Noeske(tlb,Mbar_Noeske),phi_Noeske(tlb,Mbar_Noeske)FWHM=0.50:Ms,Cs,phi,FWHM=0.75:Ms,Cs,phi,FWHM=1.00:Ms,Cs,phi	1.00000000000000001988462483866e+30 Mstar_Noeske(tlb,Mbar_Noeske),phi_Noeske(tlb,Mbar_Noeske)FWHM=0.50:Ms,Cs,phi,FWHM=0.75:Ms,Cs,phi,FWHM=1.00:Ms,Cs,phi
1.309839e+10 9.000000 0.000000e+00	0.000000e+00 3.040902e+08
1.308530e+10 8.847726 0.000000e+00	0.000000e+00 2.492473e+08
1.307220e+10 8.701050 0.000000e+00	0.000000e+00 2.403714e+08
1.305910e+10 8.559660 0.000000e+00	0.000000e+00 2.354963e+08
1.304600e+10 8.423368 0.000000e+00	0.000000e+00 2.322632e+08
1.303290e+10 8.291842 0.000000e+00	0.000000e+00 2.299280e+08
1.301980e+10 8.164779 0.000000e+00	0.000000e+00 2.281587e+08
1.300671e+10 8.041947 0.000000e+00	0.000000e+00 2.267787e+08
1.299361e+10 7.923131 0.000000e+00	0.000000e+00 2.256825e+08
1.298051e+10 7.808144 0.000000e+00	0.000000e+00 2.248023e+08
1.296741e+10 7.696830 0.000000e+00	0.000000e+00 2.240921e+08
1.295431e+10 7.588952 0.000000e+00	0.000000e+00 2.235191e+08
1.294121e+10 7.484347 0.000000e+00	0.000000e+00 2.230589e+08
1.292811e+10 7.382859 0.000000e+00	0.000000e+00 2.226935e+08
1.291502e+10 7.284344 0.000000e+00	0.000000e+00 2.224085e+08
1.290192e+10 7.188666 0.000000e+00	0.000000e+00 2.221928e+08
1.288882e+10 7.095696 0.000000e+00	0.000000e+00 2.220374e+08
1.287572e+10 7.005312 0.000000e+00	0.000000e+00 2.219350e+08
1.286262e+10 6.917401 0.000000e+00	0.000000e+00 2.218795e+08
1.284952e+10 6.831855 0.000000e+00	0.000000e+00 2.218658e+08
1.283643e+10 6.748572 0.000000e+00	0.000000e+00 2.218897e+08
1.282333e+10 6.667456 0.000000e+00	0.000000e+00 2.219476e+08
1.281023e+10 6.588431 0.000000e+00	0.000000e+00 2.220363e+08
1.279713e+10 6.511436 0.000000e+00	0.000000e+00 2.221533e+08
1.278403e+10 6.436355 0.000000e+00	0.000000e+00 2.222960e+08
1.277093e+10 6.363109 0.000000e+00	0.000000e+00 2.224625e+08
1.275784e+10 6.291625 0.000000e+00	0.000000e+00 2.226511e+08
1.274474e+10 6.221832 0.000000e+00	0.000000e+00 2.228600e+08
1.273164e+10 6.153665 0.000000e+00	0.000000e+00 2.230880e+08
1.271854e+10 6.087102 0.000000e+00	0.000000e+00 2.233338e+08
1.270544e+10 6.022088 0.000000e+00	0.000000e+00 2.235961e+08
1.269234e+10 5.958522 0.000000e+00	0.000000e+00 2.238741e+08
1.267925e+10 5.896348 0.000000e+00	0.000000e+00 2.241669e+08
1.266615e+10 5.835515 0.000000e+00	0.000000e+00 2.244735e+08
1.265305e+10 5.776057 0.000000e+00	0.000000e+00 2.247933e+08
1.263995e+10 5.717866 0.000000e+00	0.000000e+00 2.251256e+08
1.262685e+10 5.660874 0.000000e+00	0.000000e+00 2.254697e+08
1.261375e+10 5.605040 0.000000e+00	0.000000e+00 2.258251e+08
1.260065e+10 5.550427 0.000000e+00	0.000000e+00 2.261914e+08
1.258756e+10 5.496902 0.000000e+00	0.000000e+00 2.265679e+08
1.257446e+10 5.444416 0.000000e+00	0.000000e+00 2.269543e+08
1.256136e+10 5.392990 0.000000e+00	0.000000e+00 2.273502e+08
1.254826e+10 5.342602 0.000000e+00	0.000000e+00 2.277552e+08
1.253516e+10 5.293149 0.000000e+00	0.000000e+00 2.281689e+08
1.252206e+10 5.244640 0.000000e+00	0.000000e+00 2.285911e+08
1.250897e+10 5.197097 0.000000e+00	0.000000e+00 2.290214e+08
1.249587e+10 5.150398 0.000000e+00	0.000000e+00 2.294596e+08
1.248277e+10 5.104567 0.000000e+00	0.000000e+00 2.299055e+08
1.246967e+10 5.059611 0.000000e+00	0.000000e+00 2.303587e+08
1.245657e+10 5.015419 0.000000e+00	0.000000e+00 2.308190e+08
1.244347e+10 4.972050 0.000000e+00	0.000000e+00 2.312863e+08
1.243038e+10 4.929453 0.000000e+00	0.000000e+00 2.317604e+08
1.241728e+10 4.887546 0.000000e+00	0.000000e+00 2.322410e+08
1.240418e+10 4.846450 0.000000e+00	0.000000e+00 2.327281e+08
1.239108e+10 4.806006 0.000000e+00	0.000000e+00 2.332214e+08
1.237798e+10 4.766255 0.000000e+00	0.000000e+00 2.337207e+08
1.236488e+10 4.727194 0.000000e+00	0.000000e+00 2.342261e+08
1.235179e+10 4.688723 0.000000e+00	0.000000e+00 2.347373e+08
1.233869e+10 4.650970 0.000000e+00	0.000000e+00 2.352541e+08
1.232559e+10 4.613770 0.000000e+00	0.000000e+00 2.357766e+08
1.231249e+10 4.577204 0.000000e+00	0.000000e+00 2.363045e+08
1.229939e+10 4.541209 0.000000e+00	0.000000e+00 2.368378e+08
1.228629e+10 4.505773 0.000000e+00	0.000000e+00 2.373764e+08
1.227319e+10 4.470921 0.000000e+00	0.000000e+00 2.379201e+08
1.226010e+10 4.436563 0.000000e+00	0.000000e+00 2.384689e+08
1.224700e+10 4.402796 0.000000e+00	0.000000e+00 2.390228e+08
1.223390e+10 4.369472 0.000000e+00	0.000000e+00 2.395815e+08
1.222080e+10 4.336729 0.000000e+00	0.000000e+00 2.401452e+08
1.220770e+10 4.304408 0.000000e+00	0.000000e+00 2.407136e+08
1.219460e+10 4.272625 0.000000e+00	0.000000e+00 2.412867e+08
1.218151e+10 4.241257 0.000000e+00	0.000000e+00 2.418645e+08
1.216841e+10 4.210391 0.000000e+00	0.000000e+00 2.424469e+08
1.215531e+10 4.179930 0.000000e+00	0.000000e+00 2.430338e+08
1.214221e+10 4.149942 0.000000e+00	0.000000e+00 2.436253e+08
1.212911e+10 4.120344 0.000000e+00	0.000000e+00 2.442211e+08
1.211601e+10 4.091197 0.000000e+00	0.000000e+00 2.448214e+08
1.210292e+10 4.062421 0.000000e+00	0.000000e+00 2.454260e+08
1.208982e+10 4.034080 0.000000e+00	0.000000e+00 2.460349e+08
1.207672e+10 4.006087 0.000000e+00	0.000000e+00 2.466480e+08
1.206362e+10 3.978520 0.000000e+00	0.000000e+00 2.472654e+08
1.205052e+10 3.951272 0.000000e+00	0.000000e+00 2.478870e+08
1.203742e+10 3.924447 0.000000e+00	0.000000e+00 2.485127e+08
1.202433e+10 3.897912 0.000000e+00	0.000000e+00 2.491425e+08
1.201123e+10 3.871800 0.000000e+00	0.000000e+00 2.497765e+08
1.199813e+10 3.845965 0.000000e+00	0.000000e+00 2.504144e+08
1.198503e+10 3.820516 0.000000e+00	0.000000e+00 2.510565e+08
1.197193e+10 3.795355 0.000000e+00	0.000000e+00 2.517025e+08
1.195883e+10 3.770540 0.000000e+00	0.000000e+00 2.523525e+08
1.194574e+10 3.746027 0.000000e+00	0.000000e+00 2.530064e+08
1.193264e+10 3.721816 0.000000e+00	0.000000e+00 2.536643e+08
1.191954e+10 3.697926 0.000000e+00	0.000000e+00 2.543261e+08
1.190644e+10 3.674294 0.000000e+00	0.000000e+00 2.549918e+08
1.189334e+10 3.651005 0.000000e+00	0.000000e+00 2.556614e+08
1.188024e+10 3.627947 0.000000e+00	0.000000e+00 2.563349e+08
1.186714e+10 3.605214 0.000000e+00	0.000000e+00 2.570121e+08
1.185405e+10 3.582725 0.000000e+00	0.000000e+00 2.576932e+08
1.184095e+10 3.560509 0.000000e+00	0.000000e+00 2.583781e+08
1.182785e+10 3.538569 0.000000e+00	0.000000e+00 2.590669e+08
1.181475e+10 3.516848 0.000000e+00	0.000000e+00 2.597594e+08
1.180165e+10 3.495436 0.000000e+00	0.000000e+00 2.604556e+08
1.178855e+10 3.474227 0.000000e+00	0.000000e+00 2.611557e+08
1.177546e+10 3.453288 0.000000e+00	0.000000e+00 2.618594e+08
1.176236e+10 3.432582 0.000000e+00	0.000000e+00 2.625670e+08
1.174926e+10 3.412087 0.000000e+00	0.000000e+00 2.632782e+08
1.173616e+10 3.391866 0.000000e+00	0.000000e+00 2.639932e+08
1.172306e+10 3.371830 0.000000e+00	0.000000e+00 2.647119e+08
1.170996e+10 3.352044 0.000000e+00	0.000000e+00 2.654343e+08
1.169687e+10 3.332470 0.000000e+00	0.000000e+00 2.661604e+08
1.168377e+10 3.313083 0.000000e+00	0.000000e+00 2.668903e+08
1.167067e+10 3.293956 0.000000e+00	0.000000e+00 2.676238e+08
1.165757e+10 3.274998 0.000000e+00	0.000000e+00 2.683610e+08
1.164447e+10 3.256256 0.000000e+00	0.000000e+00 2.691019e+08
1.163137e+10 3.237724 0.000000e+00	0.000000e+00 2.698465e+08
1.161828e+10 3.219353 0.000000e+00	0.000000e+00 2.705947e+08
1.160518e+10 3.201221 0.000000e+00	0.000000e+00 2.713467e+08
1.159208e+10 3.183256 0.000000e+00	0.000000e+00 2.721023e+08
1.157898e+10 3.165461 0.000000e+00	0.000000e+00 2.728616e+08
1.156588e+10 3.147889 0.000000e+00	0.000000e+00 2.736246e+08
1.155278e+10 3.130466 0.000000e+00	0.000000e+00 2.743912e+08
1.153968e+10 3.113227 0.000000e+00	0.000000e+00 2.751615e+08
1.152659e+10 3.096179 0.000000e+00	0.000000e+00 2.759355e+08
1.151349e+10 3.079272 0.000000e+00	0.000000e+00 2.767132e+08
1.150039e+10 3.062561 0.000000e+00	0.000000e+00 2.774946e+08
1.148729e+10 3.046014 0.000000e+00	0.000000e+00 2.782796e+08
1.147419e+10 3.029600 0.000000e+00	0.000000e+00 2.790683e+08
1.146109e+10 3.013389 0.000000e+00	0.000000e+00 2.798607e+08
1.144800e+10 2.997320 0.000000e+00	0.000000e+00 2.806568e+08
1.143490e+10 2.981379 0.000000e+00	0.000000e+00 2.814566e+08
1.142180e+10 2.965641 0.000000e+00	0.000000e+00 2.822600e+08
1.140870e+10 2.950030 0.000000e+00	0.000000e+00 2.830672e+08
1.139560e+10 2.934545 0.000000e+00	0.000000e+00 2.838780e+08
1.138250e+10 2.919253 0.000000e+00	0.000000e+00 2.846926e+08
1.136941e+10 2.904079 0.000000e+00	0.000000e+00 2.855109e+08
1.135631e+10 2.889029 0.000000e+00	0.000000e+00 2.863329e+08
1.134321e+10 2.874162 0.000000e+00	0.000000e+00 2.871586e+08
1.133011e+10 2.859408 0.000000e+00	0.000000e+00 2.879880e+08
1.131701e+10 2.844771 0.000000e+00	0.000000e+00 2.888212e+08
1.130391e+10 2.830311 0.000000e+00	0.000000e+00 2.896581e+08
1.129082e+10 2.815959 0.000000e+00	0.000000e+00 2.904988e+08
1.127772e+10 2.801715 0.000000e+00	0.000000e+00 2.913432e+08
1.126462e+10 2.787645 0.000000e+00	0.000000e+00 2.921913e+08
1.125152e+10 2.773679 0.000000e+00	0.000000e+00 2.930432e+08
1.123842e+10 2.759815 0.000000e+00	0.000000e+00 2.938989e+08
1.122532e+10 2.746113 0.000000e+00	0.000000e+00 2.947584e+08
1.121223e+10 2.732517 0.000000e+00	0.000000e+00 2.956217e+08
1.119913e+10 2.719020 0.000000e+00	0.000000e+00 2.964887e+08
1.118603e+10 2.705666 0.000000e+00	0.000000e+00 2.973596e+08
1.117293e+10 2.692426 0.000000e+00	0.000000e+00 2.982342e+08
1.115983e+10 2.679280 0.000000e+00	0.000000e+00 2.991127e+08
1.114673e+10 2.666259 0.000000e+00	0.000000e+00 2.999950e+08
1.113363e+10 2.653361 0.000000e+00	0.000000e+00 3.008812e+08
1.112054e+10 2.640553 0.000000e+00	0.000000e+00 3.017712e+08
1.110744e+10 2.627848 0.000000e+00	0.000000e+00 3.026650e+08
1.109434e+10 2.615278 0.000000e+00	0.000000e+00 3.035628e+08
1.108124e+10 2.602795 0.000000e+00	0.000000e+00 3.044644e+08
1.106814e+10 2.590398 0.000000e+00	0.000000e+00 3.053698e+08
1.105504e+10 2.578138 0.000000e+00	0.000000e+00 3.062792e+08
1.104195e+10 2.565967 0.000000e+00	0.000000e+00 3.071925e+08
1.102885e+10 2.553879 0.000000e+00	0.000000e+00 3.081097e+08
1.101575e+10 2.541902 0.000000e+00	0.000000e+00 3.090308e+08
1.100265e+10 2.530033 0.000000e+00	0.000000e+00 3.099559e+08
1.098955e+10 2.518242 0.000000e+00	0.000000e+00 3.108849e+08
1.097645e+10 2.506535 0.000000e+00	0.000000e+00 3.118179e+08
1.096336e+10 2.494955 0.000000e+00	0.000000e+00 3.127549e+08
1.095026e+10 2.483451 0.000000e+00	0.000000e+00 3.136958e+08
1.093716e+10 2.472022 0.000000e+00	0.000000e+00 3.146407e+08
1.092406e+10 2.460700 0.000000e+00	0.000000e+00 3.155897e+08
1.091096e+10 2.449472 0.000000e+00	0.000000e+00 3.165426e+08
1.089786e+10 2.438317 0.000000e+00	0.000000e+00 3.174996e+08
1.088477e+10 2.427236 0.000000e+00	0.000000e+00 3.184607e+08
1.087167e+10 2.416275 0.000000e+00	0.000000e+00 3.194258e+08
1.085857e+10 2.405383 0.000000e+00	0.000000e+00 3.203949e+08
1.084547e+10 2.394561 0.000000e+00	0.000000e+00 3.213682e+08
1.083237e+10 2.383828 0.000000e+00	0.000000e+00 3.223455e+08
1.081927e+10 2.373191 0.000000e+00	0.000000e+00 3.233270e+08
1.080617e+10 2.362621 0.000000e+00	0.000000e+00 3.243126e+08
1.079308e+10 2.352116 0.000000e+00	0.000000e+00 3.253023e+08
1.077998e+10 2.341713 0.000000e+00	0.000000e+00 3.262962e+08
1.076688e+10 2.331385 0.000000e+00	0.000000e+00 3.272942e+08
1.075378e+10 2.321121 0.000000e+00	0.000000e+00 3.282964e+08
1.074068e+10 2.310922 0.000000e+00	0.000000e+00 3.293028e+08
1.072758e+10 2.300829 0.000000e+00	0.000000e+00 3.303134e+08
1.071449e+10 2.290797 0.000000e+00	0.000000e+00 3.313283e+08
1.070139e+10 2.280826 0.000000e+00	0.000000e+00 3.323473e+08
1.068829e+10 2.270927 0.000000e+00	0.000000e+00 3.333707e+08
1.067519e+10 2.261119 0.000000e+00	0.000000e+00 3.343983e+08
1.066209e+10 2.251370 0.000000e+00	0.000000e+00 3.354301e+08
1.064899e+10 2.241680 0.000000e+00	0.000000e+00 3.364663e+08
1.063590e+10 2.232064 0.000000e+00	0.000000e+00 3.375068e+08
1.062280e+10 2.222530 0.000000e+00	0.000000e+00 3.385516e+08
1.060970e+10 2.213052 0.000000e+00	0.000000e+00 3.396007e+08
1.059660e+10 2.203629 0.000000e+00	0.000000e+00 3.406542e+08
1.058350e+10 2.194282 0.000000e+00	0.000000e+00 3.417121e+08
1.057040e+10 2.185010 0.000000e+00	0.000000e+00 3.427744e+08
1.055731e+10 2.175791 0.000000e+00	0.000000e+00 3.438411e+08
1.054421e+10 2.166626 0.000000e+00	0.000000e+00 3.449122e+08
1.053111e+10 2.157534 0.000000e+00	0.000000e+00 3.499288e+08
1.051801e+10 2.148512 0.000000e+00	0.000000e+00 3.642820e+08
1.050491e+10 2.139542 0.000000e+00	0.000000e+00 3.791260e+08
1.049181e+10 2.130623 0.000000e+00	0.000000e+00 3.944744e+08
1.047872e+10 2.121773 0.000000e+00	0.000000e+00 4.103407e+08
1.046562e+10 2.112992 0.000000e+00	0.000000e+00 4.267390e+08
1.045252e+10 2.104260 0.000000e+00	0.000000e+00 4.436834e+08
1.043942e+10 2.095577 0.000000e+00	0.000000e+00 4.611885e+08
1.042632e+10 2.086957 0.000000e+00	0.000000e+00 4.792692e+08
1.041322e+10 2.078407 0.000000e+00	0.000000e+00 4.979405e+08
1.040012e+10 2.069904 0.000000e+00	0.000000e+00 5.172178e+08
1.038703e+10 2.061447 0.000000e+00	0.000000e+00 5.371168e+08
1.037393e+10 2.053045 0.000000e+00	0.000000e+00 5.576536e+08
1.036083e+10 2.044717 0.000000e+00	0.000000e+00 5.788444e+08
1.034773e+10 2.036433 0.000000e+00	0.000000e+00 6.007059e+08
1.033463e+10 2.028194 0.000000e+00	0.000000e+00 6.232550e+08
1.032153e+10 2.020000 0.000000e+00	0.000000e+00 6.465090e+08
1.030844e+10 2.011884 0.000000e+00	0.000000e+00 6.704854e+08
1.029534e+10 2.003811 0.000000e+00	0.000000e+00 6.952023e+08
1.028224e+10 1.995781 0.000000e+00	0.000000e+00 7.204980e+08
1.026914e+10 1.987794 0.000000e+00	0.000000e+00 7.462423e+08
1.025604e+10 1.979872 0.000000e+00	0.000000e+00 7.724635e+08
1.024294e+10 1.972002 0.000000e+00	0.000000e+00 7.991656e+08
1.022985e+10 1.964173 0.000000e+00	0.000000e+00 8.263496e+08
1.021675e+10 1.956386 0.000000e+00	0.000000e+00 8.540151e+08
1.020365e+10 1.948649 1.217040e+06	0.000000e+00 8.821619e+08
1.019055e+10 1.940974 2.791800e+06	0.000000e+00 9.107896e+08
1.017745e+10 1.933338 5.078821e+06	0.000000e+00 9.398964e+08
1.016435e+10 1.925742 8.135555e+06	0.000000e+00 9.694802e+08
1.015126e+10 1.918185 1.201004e+07	0.000000e+00 9.995389e+08
1.013816e+10 1.910694 1.674305e+07	0.000000e+00 1.030071e+09
1.012506e+10 1.903244 2.236904e+07	0.000000e+00 1.061075e+09
1.011196e+10 1.895832 2.891717e+07	0.000000e+00 1.092547e+09
1.009886e+10 1.888458 3.641207e+07	0.000000e+00 1.124484e+09
1.008576e+10 1.881133 4.487461e+07	0.000000e+00 1.156884e+09
1.007266e+10 1.873862 5.432227e+07	0.000000e+00 1.189745e+09
1.005957e+10 1.866627 6.476923e+07	0.000000e+00 1.223063e+09
1.004647e+10 1.859429 7.622689e+07	0.000000e+00 1.256834e+09
1.003337e+10 1.852267 8.870419e+07	0.000000e+00 1.291056e+09
1.002027e+10 1.845164 1.022084e+08	0.000000e+00 1.325725e+09
1.000717e+10 1.838100 1.167442e+08	0.000000e+00 1.360838e+09
9.994074e+09 1.831072 1.323147e+08	0.000000e+00 1.396391e+09
9.980976e+09 1.824078 1.489210e+08	0.000000e+00 1.432380e+09
9.967878e+09 1.817123 1.665630e+08	0.000000e+00 1.468801e+09
9.954779e+09 1.810224 1.852399e+08	0.000000e+00 1.505652e+09
9.941681e+09 1.803359 2.049487e+08	0.000000e+00 1.542928e+09
9.928582e+09 1.796527 2.256854e+08	0.000000e+00 1.580625e+09
9.915484e+09 1.789728 2.474451e+08	0.000000e+00 1.618738e+09
9.902386e+09 1.782974 2.702223e+08	1.050245e+07 1.657264e+09
9.889287e+09 1.776267 2.940107e+08	1.847792e+07 1.696199e+09
9.876189e+09 1.769591 3.188025e+08	2.832270e+07 1.735539e+09
9.863091e+09 1.762947 3.445897e+08	3.996245e+07 1.775279e+09
9.849992e+09 1.756335 3.713631e+08	5.332639e+07 1.815414e+09
9.836894e+09 1.749772 3.991141e+08	6.834790e+07 1.855941e+09
9.823795e+09 1.743247 4.278329e+08	8.496241e+07 1.896856e+09
9.810697e+09 1.736752 4.575090e+08	1.031072e+08 1.938153e+09
9.797599e+09 1.730289 4.881313e+08	1.227217e+08 1.979828e+09
9.784500e+09 1.723856 5.196884e+08	1.437476e+08 2.021877e+09
9.771402e+09 1.717472 5.521698e+08	1.661303e+08 2.064295e+09
9.758303e+09 1.711122 5.855635e+08	1.898157e+08 2.107078e+09
9.745205e+09 1.704802 6.198572e+08	2.147516e+08 2.150221e+09
9.732107e+09 1.698511 6.550383e+08	2.394196e+08 2.193718e+09
9.719008e+09 1.692249 6.910939e+08	2.620649e+08 2.237567e+09
9.705910e+09 1.686036 7.280125e+08	2.857646e+08 2.281761e+09
9.692811e+09 1.679854 7.657808e+08	3.105145e+08 2.326298e+09
9.679713e+09 1.673700 8.043857e+08	3.363094e+08 2.371171e+09
9.666615e+09 1.667575 8.438135e+08	3.631434e+08 2.416376e+09
9.653516e+09 1.661477 8.840509e+08	3.910100e+08 2.461908e+09
9.640418e+09 1.655426 9.250856e+08	4.199030e+08 2.507763e+09
9.627319e+09 1.649405 9.669040e+08	4.485251e+08 2.553936e+09
9.614221e+09 1.643411 1.009492e+09	4.523361e+08 2.600422e+09
9.601123e+09 1.637444 1.052837e+09	4.563648e+08 2.647217e+09
9.588024e+09 1.631504 1.096924e+09	4.606230e+08 2.694315e+09
9.574926e+09 1.625607 1.141741e+09	4.651224e+08 2.741712e+09
9.561827e+09 1.619740 1.187275e+09	4.698763e+08 2.789403e+09
9.548729e+09 1.613899 1.233511e+09	4.748989e+08 2.837385e+09
9.535631e+09 1.608084 1.280437e+09	4.802052e+08 2.885651e+09
9.522532e+09 1.602295 1.328037e+09	4.858112e+08 2.934196e+09
9.509434e+09 1.596544 1.376301e+09	4.917330e+08 2.983017e+09
9.496335e+09 1.590825 1.425215e+09	4.979882e+08 3.032110e+09
9.483237e+09 1.585132 1.474764e+09	5.045961e+08 3.081469e+09
9.470139e+09 1.579463 1.524937e+09	5.115769e+08 3.131089e+09
9.457040e+09 1.573819 1.575719e+09	5.189521e+08 3.180965e+09
9.443942e+09 1.568207 1.627099e+09	5.267441e+08 3.231093e+09
9.430844e+09 1.562630 1.679063e+09	5.349765e+08 3.281470e+09
9.417745e+09 1.557078 1.731599e+09	5.436753e+08 3.332089e+09
9.404647e+09 1.551549 1.784694e+09	5.528679e+08 3.382947e+09
9.391548e+09 1.546045 1.838335e+09	5.625835e+08 3.434039e+09
9.378450e+09 1.540565 1.892509e+09	5.728533e+08 3.485359e+09
9.365352e+09 1.535125 1.947206e+09	5.837085e+08 3.536905e+09
9.352253e+09 1.529709 2.002412e+09	5.951846e+08 3.588671e+09
9.339155e+09 1.524315 2.058116e+09	6.073190e+08 3.640653e+09
9.326056e+09 1.518944 2.114305e+09	6.201512e+08 3.692846e+09
9.312958e+09 1.513596 2.170968e+09	6.337237e+08 3.745245e+09
9.299860e+09 1.508282 2.228092e+09	6.480799e+08 3.797848e+09
9.286761e+09 1.502996 2.285668e+09	6.632668e+08 3.850649e+09
9.273663e+09 1.497732 2.343683e+09	6.793351e+08 3.903644e+09
9.260564e+09 1.492490 2.402125e+09	6.963389e+08 3.956829e+09
9.247466e+09 1.487270 2.460984e+09	7.143351e+08 4.010198e+09
9.234368e+09 1.482075 2.520247e+09	7.333839e+08 4.063748e+09
9.221269e+09 1.476914 2.579907e+09	7.535476e+08 4.117475e+09
9.208171e+09 1.471775 2.639950e+09	7.748945e+08 4.171375e+09
9.195072e+09 1.466656 2.700367e+09	7.974969e+08 4.225444e+09
9.181974e+09 1.461559 2.761147e+09	8.214316e+08 4.279676e+09
9.168876e+09 1.456483 2.822278e+09	8.467796e+08 4.334069e+09
9.155777e+09 1.451438 2.883752e+09	8.736244e+08 4.388617e+09
9.142679e+09 1.446418 2.945559e+09	9.020558e+08 4.443318e+09
9.129580e+09 1.441419 3.007689e+09	9.321696e+08 4.498167e+09
9.116482e+09 1.436441 3.070131e+09	9.640669e+08 4.553160e+09
9.103384e+09 1.431482 3.132876e+09	9.978544e+08 4.608293e+09
9.090285e+09 1.426544 3.195914e+09	1.033644e+09 4.663562e+09
9.077187e+09 1.421640 3.259237e+09	1.071550e+09 4.718963e+09
9.064088e+09 1.416755 3.322835e+09	1.111697e+09 4.774493e+09
9.050990e+09 1.411891 3.386699e+09	1.154216e+09 4.830148e+09
9.037892e+09 1.407045 3.450820e+09	1.199242e+09 4.885924e+09
9.024793e+09 1.402220 3.515188e+09	1.246920e+09 4.941816e+09
9.011695e+09 1.397417 3.579796e+09	1.297397e+09 4.997821e+09
8.998597e+09 1.392643 3.644635e+09	1.350827e+09 5.053937e+09
8.985498e+09 1.387888 3.709697e+09	1.407373e+09 5.110159e+09
8.972400e+09 1.383152 3.774974e+09	1.467205e+09 5.166484e+09
8.959301e+09 1.378435 3.840456e+09	1.529416e+09 5.222907e+09
8.946203e+09 1.373736 3.906135e+09	1.592040e+09 5.279425e+09
8.933105e+09 1.369062 3.972005e+09	1.655417e+09 5.336035e+09
8.920006e+09 1.364413 4.038057e+09	1.719581e+09 5.392734e+09
8.906908e+09 1.359782 4.104285e+09	1.784538e+09 5.449518e+09
8.893809e+09 1.355169 4.170680e+09	1.850284e+09 5.506384e+09
8.880711e+09 1.350574 4.237234e+09	1.916809e+09 5.563327e+09
8.867613e+09 1.345997 4.303940e+09	1.984101e+09 5.620345e+09
8.854514e+09 1.341445 4.370792e+09	2.052145e+09 5.677435e+09
8.841416e+09 1.336915 4.437782e+09	2.120925e+09 5.734593e+09
8.828317e+09 1.332403 4.504904e+09	2.190426e+09 5.791817e+09
8.815219e+09 1.327908 4.572151e+09	2.260627e+09 5.849103e+09
8.802121e+09 1.323430 4.639515e+09	2.331512e+09 5.906447e+09
8.789022e+09 1.318970 4.706990e+09	2.403061e+09 5.963846e+09
8.775924e+09 1.314534 4.774570e+09	2.475257e+09 6.021298e+09
8.762825e+09 1.310118 4.842249e+09	2.548083e+09 6.078799e+09
8.749727e+09 1.305720 4.910021e+09	2.621518e+09 6.136348e+09
8.736629e+09 1.301338 4.977879e+09	2.695544e+09 6.193940e+09
8.723530e+09 1.296973 5.045817e+09	2.770143e+09 6.251572e+09
8.710432e+09 1.292625 5.113828e+09	2.845295e+09 6.309241e+09
8.697333e+09 1.288299 5.181908e+09	2.920984e+09 6.366946e+09
8.684235e+09 1.283994 5.250051e+09	2.997191e+09 6.424682e+09
8.671137e+09 1.279704 5.318252e+09	3.073899e+09 6.482448e+09
8.658038e+09 1.275431 5.386504e+09	3.151090e+09 6.540240e+09
8.644940e+09 1.271174 5.454802e+09	3.228745e+09 6.598056e+09
8.631841e+09 1.266933 5.523141e+09	3.306848e+09 6.655892e+09
8.618743e+09 1.262712 5.591515e+09	3.385381e+09 6.713746e+09
8.605645e+09 1.258512 5.659920e+09	3.464330e+09 6.771616e+09
8.592546e+09 1.254328 5.728352e+09	3.543677e+09 6.829499e+09
8.579448e+09 1.250159 5.796804e+09	3.623405e+09 6.887393e+09
8.566350e+09 1.246006 5.865271e+09	3.703498e+09 6.945294e+09
8.553251e+09 1.241868 5.933750e+09	3.783940e+09 7.003200e+09
8.540153e+09 1.237747 6.002234e+09	3.864715e+09 7.061109e+09
8.527054e+09 1.233648 6.070721e+09	3.945811e+09 7.119018e+09
8.513956e+09 1.229565 6.139206e+09	4.027211e+09 7.176926e+09
8.500858e+09 1.225496 6.207683e+09	4.108900e+09 7.234830e+09
8.487759e+09 1.221442 6.276150e+09	4.190864e+09 7.292726e+09
8.474661e+09 1.217403 6.344600e+09	4.273089e+09 7.350613e+09
8.461562e+09 1.213378 6.413030e+09	4.355559e+09 7.408488e+09
8.448464e+09 1.209376 6.481438e+09	4.438263e+09 7.466350e+09
8.435366e+09 1.205390 6.549818e+09	4.521187e+09 7.524196e+09
8.422267e+09 1.201417 6.618166e+09	4.604319e+09 7.582024e+09
8.409169e+09 1.197459 6.686479e+09	4.687644e+09 7.639832e+09
8.396070e+09 1.193515 6.754752e+09	4.771150e+09 7.702564e+09
8.382972e+09 1.189585 6.822983e+09	4.854825e+09 7.772709e+09
8.369874e+09 1.185673 6.891167e+09	4.938656e+09 7.842590e+09
8.356775e+09 1.181779 6.959301e+09	5.022634e+09 7.912207e+09
8.343677e+09 1.177899 7.027382e+09	5.106745e+09 7.981557e+09
8.330578e+09 1.174033 7.095407e+09	5.190979e+09 8.050638e+09
8.317480e+09 1.170180 7.163371e+09	5.275324e+09 8.119449e+09
8.304382e+09 1.166341 7.231272e+09	5.359768e+09 8.187987e+09
8.291283e+09 1.162516 7.299105e+09	5.444302e+09 8.256251e+09
8.278185e+09 1.158712 7.366870e+09	5.528916e+09 8.324242e+09
8.265086e+09 1.154921 7.434562e+09	5.613600e+09 8.391957e+09
8.251988e+09 1.151143 7.502179e+09	5.698344e+09 8.459396e+09
8.238890e+09 1.147378 7.569717e+09	5.783137e+09 8.526556e+09
8.225791e+09 1.143627 7.637173e+09	5.867971e+09 8.593438e+09
8.212693e+09 1.139888 7.704545e+09	5.952835e+09 8.660040e+09
8.199594e+09 1.136166 7.771829e+09	6.037722e+09 8.726362e+09
8.186496e+09 1.132460 7.839025e+09	6.122623e+09 8.792404e+09
8.173398e+09 1.128768 7.906128e+09	6.207518e+09 8.858165e+09
8.160299e+09 1.125088 7.973137e+09	6.292377e+09 8.923645e+09
8.147201e+09 1.121420 8.040048e+09	6.377198e+09 8.988842e+09
8.134103e+09 1.117766 8.106859e+09	6.461976e+09 9.053756e+09
8.121004e+09 1.114123 8.173567e+09	6.546705e+09 9.118387e+09
8.107906e+09 1.110499 8.240172e+09	6.631380e+09 9.182737e+09
8.094807e+09 1.106888 8.306669e+09	6.715996e+09 9.246803e+09
8.081709e+09 1.103289 8.373058e+09	6.800547e+09 9.310587e+09
8.068611e+09 1.099703 8.439336e+09	6.885028e+09 9.374089e+09
8.055512e+09 1.096129 8.505500e+09	6.969432e+09 9.437307e+09
8.042414e+09 1.092567 8.571548e+09	7.053754e+09 9.500242e+09
8.029315e+09 1.089017 8.637478e+09	7.137991e+09 9.562894e+09
8.016217e+09 1.085485 8.703290e+09	7.222137e+09 9.625265e+09
8.003119e+09 1.081965 8.768980e+09	7.306188e+09 9.687355e+09
7.990020e+09 1.078456 8.834547e+09	7.390139e+09 9.749163e+09
7.976922e+09 1.074960 8.899988e+09	7.473985e+09 9.810689e+09
7.963823e+09 1.071475 8.965303e+09	7.557722e+09 9.871935e+09
7.950725e+09 1.068002 9.030488e+09	7.641345e+09 9.932901e+09
7.937627e+09 1.064542 9.095543e+09	7.724851e+09 9.993586e+09
7.924528e+09 1.061097 9.160466e+09	7.808236e+09 1.005399e+10
7.911430e+09 1.057664 9.225255e+09	7.891496e+09 1.011412e+10
7.898331e+09 1.054242 9.289909e+09	7.974627e+09 1.017397e+10
7.885233e+09 1.050831 9.354426e+09	8.057626e+09 1.023355e+10
7.872135e+09 1.047432 9.418805e+09	8.140489e+09 1.029284e+10
7.859036e+09 1.044044 9.483043e+09	8.223211e+09 1.035186e+10
7.845938e+09 1.040669 9.547140e+09	8.305791e+09 1.041061e+10
7.832839e+09 1.037308 9.611094e+09	8.388226e+09 1.046908e+10
7.819741e+09 1.033958 9.674904e+09	8.470512e+09 1.052728e+10
7.806643e+09 1.030619 9.738569e+09	8.552645e+09 1.058521e+10
7.793544e+09 1.027292 9.802087e+09	8.634624e+09 1.064287e+10
7.780446e+09 1.023975 9.865457e+09	8.716445e+09 1.070025e+10
7.767348e+09 1.020668 9.928677e+09	8.798105e+09 1.075737e+10
7.754249e+09 1.017374 9.991747e+09	8.879602e+09 1.081421e+10
7.741151e+09 1.014094 1.005467e+10	8.960933e+09 1.087079e+10
7.728052e+09 1.010824 1.011743e+10	9.042097e+09 1.092710e+10
7.714954e+09 1.007565 1.018004e+10	9.123091e+09 1.098315e+10
7.701856e+09 1.004316 1.024250e+10	9.203911e+09 1.103893e+10
7.688757e+09 1.001078 1.030480e+10	9.284557e+09 1.109445e+10
7.675659e+09 0.997850 1.036695e+10	9.365025e+09 1.114971e+10
7.662560e+09 0.994634 1.042893e+10	9.445314e+09 1.120470e+10
7.649462e+09 0.991431 1.049076e+10	9.525423e+09 1.125944e+10
7.636364e+09 0.988238 1.055243e+10	9.605348e+09 1.131391e+10
7.623265e+09 0.985055 1.061394e+10	9.685089e+09 1.136813e+10
7.610167e+09 0.981883 1.067528e+10	9.764643e+09 1.142209e+10
7.597068e+09 0.978720 1.073647e+10	9.844009e+09 1.147580e+10
7.583970e+09 0.975568 1.079749e+10	9.923185e+09 1.152925e+10
7.570872e+09 0.972426 1.085834e+10	1.000217e+10 1.158245e+10
7.557773e+09 0.969296 1.091904e+10	1.008096e+10 1.163539e+10
7.544675e+09 0.966177 1.097956e+10	1.015956e+10 1.168809e+10
7.531576e+09 0.963068 1.103993e+10	1.023796e+10 1.174053e+10
7.518478e+09 0.959969 1.110012e+10	1.031616e+10 1.179273e+10
7.505380e+09 0.956879 1.116015e+10	1.039417e+10 1.184468e+10
7.492281e+09 0.953799 1.122001e+10	1.047197e+10 1.189638e+10
7.479183e+09 0.950729 1.127970e+10	1.054958e+10 1.194784e+10
7.466084e+09 0.947670 1.133922e+10	1.062698e+10 1.199906e+10
7.452986e+09 0.944622 1.139857e+10	1.070418e+10 1.205003e+10
7.439888e+09 0.941584 1.145775e+10	1.078118e+10 1.210076e+10
7.426789e+09 0.938554 1.151676e+10	1.085797e+10 1.215126e+10
7.413691e+09 0.935535 1.157560e+10	1.093456e+10 1.220151e+10
7.400592e+09 0.932524 1.163427e+10	1.101093e+10 1.225153e+10
7.387494e+09 0.929523 1.169277e+10	1.108711e+10 1.230131e+10
7.374396e+09 0.926532 1.175109e+10	1.116307e+10 1.235086e+10
7.361297e+09 0.923552 1.180924e+10	1.123882e+10 1.240018e+10
7.348199e+09 0.920582 1.186722e+10	1.131437e+10 1.244926e+10
7.335101e+09 0.917620 1.192502e+10	1.138970e+10 1.249811e+10
7.322002e+09 0.914668 1.198265e+10	1.146482e+10 1.254674e+10
7.308904e+09 0.911724 1.204011e+10	1.153973e+10 1.259513e+10
7.295805e+09 0.908790 1.209739e+10	1.161443e+10 1.264330e+10
7.282707e+09 0.905864 1.215450e+10	1.168892e+10 1.269124e+10
7.269609e+09 0.902950 1.221143e+10	1.176319e+10 1.273896e+10
7.256510e+09 0.900044 1.226818e+10	1.183725e+10 1.278646e+10
7.243412e+09 0.897147 1.232476e+10	1.191074e+10 1.283373e+10
7.230313e+09 0.894260 1.238116e+10	1.198371e+10 1.288079e+10
7.217215e+09 0.891381 1.243739e+10	1.205618e+10 1.292763e+10
7.204117e+09 0.888510 1.249344e+10	1.212816e+10 1.297424e+10
7.191018e+09 0.885649 1.254932e+10	1.219966e+10 1.302065e+10
7.177920e+09 0.882796 1.260501e+10	1.227067e+10 1.306683e+10
7.164821e+09 0.879953 1.266053e+10	1.234121e+10 1.311281e+10
7.151723e+09 0.877119 1.271588e+10	1.241128e+10 1.315857e+10
7.138625e+09 0.874294 1.277104e+10	1.248089e+10 1.321076e+10
7.125526e+09 0.871476 1.282603e+10	1.255003e+10 1.327847e+10
7.112428e+09 0.868668 1.288084e+10	1.261871e+10 1.334596e+10
7.099329e+09 0.865867 1.293548e+10	1.268693e+10 1.341322e+10
7.086231e+09 0.863076 1.298993e+10	1.275470e+10 1.348026e+10
7.073133e+09 0.860293 1.304421e+10	1.282202e+10 1.354707e+10
7.060034e+09 0.857519 1.309831e+10	1.288889e+10 1.361366e+10
7.046936e+09 0.854753 1.315224e+10	1.295532e+10 1.368002e+10
7.033837e+09 0.851996 1.320598e+10	1.302131e+10 1.374616e+10
7.020739e+09 0.849246 1.325955e+10	1.308686e+10 1.381208e+10
7.007641e+09 0.846505 1.331294e+10	1.315198e+10 1.387777e+10
6.994542e+09 0.843772 1.336615e+10	1.321666e+10 1.394324e+10
6.981444e+09 0.841047 1.341919e+10	1.328091e+10 1.400849e+10
6.968345e+09 0.838331 1.347204e+10	1.334474e+10 1.407351e+10
6.955247e+09 0.835623 1.352472e+10	1.340815e+10 1.413831e+10
6.942149e+09 0.832923 1.357723e+10	1.347113e+10 1.420289e+10
6.929050e+09 0.830230 1.362955e+10	1.353370e+10 1.426725e+10
6.915952e+09 0.827546 1.368170e+10	1.359585e+10 1.433138e+10
6.902854e+09 0.824870 1.373367e+10	1.365758e+10 1.439529e+10
6.889755e+09 0.822201 1.378546e+10	1.371891e+10 1.445899e+10
6.876657e+09 0.819540 1.383708e+10	1.377983e+10 1.452246e+10
6.863558e+09 0.816888 1.388852e+10	1.384035e+10 1.458571e+10
6.850460e+09 0.814243 1.393978e+10	1.390046e+10 1.464874e+10
6.837362e+09 0.811606 1.399087e+10	1.396018e+10 1.471155e+10
6.824263e+09 0.808976 1.404177e+10	1.401950e+10 1.477415e+10
6.811165e+09 0.806354 1.409251e+10	1.407842e+10 1.483652e+10
6.798066e+09 0.803740 1.414306e+10	1.413695e+10 1.489868e+10
6.784968e+09 0.801133 1.419344e+10	1.419290e+10 1.496062e+10
6.771870e+09 0.798534 1.424365e+10	1.423865e+10 1.502234e+10
6.758771e+09 0.795942 1.429368e+10	1.428428e+10 1.508384e+10
6.745673e+09 0.793358 1.434353e+10	1.432977e+10 1.514513e+10
6.732574e+09 0.790782 1.439321e+10	1.437513e+10 1.520620e+10
6.719476e+09 0.788212 1.444271e+10	1.442036e+10 1.526706e+10
6.706378e+09 0.785650 1.449204e+10	1.446547e+10 1.532770e+10
6.693279e+09 0.783096 1.454119e+10	1.451044e+10 1.538813e+10
6.680181e+09 0.780548 1.459017e+10	1.455529e+10 1.544835e+10
6.667082e+09 0.778008 1.463898e+10	1.460000e+10 1.550835e+10
6.653984e+09 0.775475 1.468761e+10	1.464459e+10 1.556814e+10
6.640886e+09 0.772950 1.473606e+10	1.468904e+10 1.562772e+10
6.627787e+09 0.770431 1.478435e+10	1.473337e+10 1.568708e+10
6.614689e+09 0.767919 1.483246e+10	1.477757e+10 1.574624e+10
6.601590e+09 0.765415 1.488039e+10	1.482163e+10 1.580518e+10
6.588492e+09 0.762918 1.492816e+10	1.486557e+10 1.586392e+10
6.575394e+09 0.760428 1.497575e+10	1.490938e+10 1.592244e+10
6.562295e+09 0.757944 1.502317e+10	1.495306e+10 1.598076e+10
6.549197e+09 0.755468 1.507042e+10	1.499661e+10 1.603887e+10
6.536098e+09 0.752998 1.511750e+10	1.504003e+10 1.609677e+10
6.523000e+09 0.750535 1.516440e+10	1.508332e+10 1.615447e+10
6.509902e+09 0.748079 1.521114e+10	1.512648e+10 1.621196e+10
6.496803e+09 0.745630 1.525770e+10	1.516951e+10 1.626924e+10
6.483705e+09 0.743188 1.530410e+10	1.521241e+10 1.632632e+10
6.470607e+09 0.740753 1.535032e+10	1.525518e+10 1.638320e+10
6.457508e+09 0.738324 1.539637e+10	1.529783e+10 1.643987e+10
6.444410e+09 0.735902 1.544226e+10	1.534034e+10 1.649634e+10
6.431311e+09 0.733486 1.548798e+10	1.538273e+10 1.655261e+10
6.418213e+09 0.731076 1.553352e+10	1.541991e+10 1.660867e+10
6.405115e+09 0.728674 1.557890e+10	1.545554e+10 1.666454e+10
6.392016e+09 0.726278 1.562411e+10	1.549103e+10 1.672020e+10
6.378918e+09 0.723889 1.566916e+10	1.552637e+10 1.677567e+10
6.365819e+09 0.721506 1.571403e+10	1.556157e+10 1.683093e+10
6.352721e+09 0.719130 1.575874e+10	1.559663e+10 1.688600e+10
6.339623e+09 0.716760 1.580329e+10	1.563154e+10 1.694087e+10
6.326524e+09 0.714396 1.584766e+10	1.566631e+10 1.699554e+10
6.313426e+09 0.712039 1.589188e+10	1.570094e+10 1.705002e+10
6.300327e+09 0.709688 1.593592e+10	1.573543e+10 1.710430e+10
6.287229e+09 0.707343 1.597980e+10	1.576979e+10 1.715839e+10
6.274131e+09 0.705005 1.602352e+10	1.580400e+10 1.721228e+10
6.261032e+09 0.702673 1.606707e+10	1.583808e+10 1.726598e+10
6.247934e+09 0.700347 1.611046e+10	1.587202e+10 1.731949e+10
6.234835e+09 0.698028 1.615368e+10	1.590583e+10 1.737272e+10
6.221737e+09 0.695714 1.619674e+10	1.593951e+10 1.742566e+10
6.208639e+09 0.693406 1.623964e+10	1.597305e+10 1.747834e+10
6.195540e+09 0.691104 1.628238e+10	1.600645e+10 1.753074e+10
6.182442e+09 0.688809 1.632495e+10	1.603973e+10 1.758288e+10
6.169343e+09 0.686519 1.636737e+10	1.607288e+10 1.763475e+10
6.156245e+09 0.684236 1.640962e+10	1.610590e+10 1.768636e+10
6.143147e+09 0.681960 1.645171e+10	1.613879e+10 1.773772e+10
6.130048e+09 0.679689 1.649364e+10	1.617155e+10 1.778881e+10
6.116950e+09 0.677423 1.653541e+10	1.620418e+10 1.783965e+10
6.103851e+09 0.675163 1.657702e+10	1.623669e+10 1.789023e+10
6.090753e+09 0.672909 1.661847e+10	1.626907e+10 1.794056e+10
6.077655e+09 0.670661 1.665977e+10	1.630133e+10 1.799064e+10
6.064556e+09 0.668419 1.670090e+10	1.633346e+10 1.804047e+10
6.051458e+09 0.666183 1.674188e+10	1.636547e+10 1.809005e+10
6.038360e+09 0.663953 1.678270e+10	1.639736e+10 1.813939e+10
6.025261e+09 0.661729 1.682336e+10	1.642913e+10 1.818848e+10
6.012163e+09 0.659510 1.686387e+10	1.646078e+10 1.823732e+10
5.999064e+09 0.657296 1.690422e+10	1.649231e+10 1.828593e+10
5.985966e+09 0.655088 1.694442e+10	1.652372e+10 1.833429e+10
5.972868e+09 0.652885 1.698446e+10	1.655501e+10 1.838242e+10
5.959769e+09 0.650689 1.702434e+10	1.658618e+10 1.843030e+10
5.946671e+09 0.648498 1.706407e+10	1.661724e+10 1.847795e+10
5.933572e+09 0.646313 1.710365e+10	1.664818e+10 1.852537e+10
5.920474e+09 0.644134 1.714307e+10	1.667901e+10 1.857255e+10
5.907376e+09 0.641961 1.718234e+10	1.670972e+10 1.861950e+10
5.894277e+09 0.639792 1.722146e+10	1.674032e+10 1.866622e+10
5.881179e+09 0.637628 1.726042e+10	1.677080e+10 1.871271e+10
5.868080e+09 0.635469 1.729924e+10	1.680118e+10 1.875897e+10
5.854982e+09 0.633317 1.733790e+10	1.683144e+10 1.880501e+10
5.841884e+09 0.631169 1.737641e+10	1.686159e+10 1.885082e+10
5.828785e+09 0.629028 1.741477e+10	1.689164e+10 1.889640e+10
5.815687e+09 0.626892 1.745298e+10	1.692157e+10 1.894176e+10
5.802588e+09 0.624762 1.749104e+10	1.695139e+10 1.898690e+10
5.789490e+09 0.622637 1.752896e+10	1.698111e+10 1.903182e+10
5.776392e+09 0.620516 1.756672e+10	1.701072e+10 1.907653e+10
5.763293e+09 0.618400 1.760433e+10	1.704023e+10 1.912101e+10
5.750195e+09 0.616289 1.764180e+10	1.706963e+10 1.916528e+10
5.737096e+09 0.614184 1.767912e+10	1.709892e+10 1.920933e+10
5.723998e+09 0.612084 1.771629e+10	1.712811e+10 1.925316e+10
5.710900e+09 0.609990 1.775332e+10	1.715720e+10 1.929679e+10
5.697801e+09 0.607901 1.779020e+10	1.718618e+10 1.934020e+10
5.684703e+09 0.605818 1.782694e+10	1.721506e+10 1.938340e+10
5.671604e+09 0.603740 1.786353e+10	1.724384e+10 1.942639e+10
5.658506e+09 0.601665 1.789997e+10	1.727252e+10 1.946918e+10
5.645408e+09 0.599595 1.793628e+10	1.730110e+10 1.951176e+10
5.632309e+09 0.597531 1.797243e+10	1.732958e+10 1.955413e+10
5.619211e+09 0.595471 1.800845e+10	1.735796e+10 1.959630e+10
5.606113e+09 0.593417 1.804432e+10	1.738624e+10 1.963826e+10
5.593014e+09 0.591369 1.808005e+10	1.741443e+10 1.968002e+10
5.579916e+09 0.589325 1.811564e+10	1.744252e+10 1.972158e+10
5.566817e+09 0.587287 1.815108e+10	1.747051e+10 1.976294e+10
5.553719e+09 0.585254 1.818639e+10	1.749841e+10 1.980411e+10
5.540621e+09 0.583223 1.822155e+10	1.752621e+10 1.984507e+10
5.527522e+09 0.581198 1.825658e+10	1.755391e+10 1.988584e+10
5.514424e+09 0.579177 1.829146e+10	1.758153e+10 1.992641e+10
5.501325e+09 0.577162 1.832621e+10	1.760905e+10 1.996679e+10
5.488227e+09 0.575152 1.836081e+10	1.763647e+10 2.000698e+10
5.475129e+09 0.573147 1.839528e+10	1.766381e+10 2.004697e+10
5.462030e+09 0.571147 1.842961e+10	1.769105e+10 2.008677e+10
5.448932e+09 0.569152 1.846381e+10	1.771821e+10 2.012638e+10
5.435833e+09 0.567162 1.849786e+10	1.774527e+10 2.016581e+10
5.422735e+09 0.565175 1.853179e+10	1.777224e+10 2.020504e+10
5.409637e+09 0.563192 1.856557e+10	1.779913e+10 2.024409e+10
5.396538e+09 0.561214 1.859922e+10	1.782592e+10 2.028295e+10
5.383440e+09 0.559241 1.863273e+10	1.785263e+10 2.032163e+10
5.370341e+09 0.557273 1.866611e+10	1.787925e+10 2.036013e+10
5.357243e+09 0.555310 1.869936e+10	1.790579e+10 2.039844e+10
5.344145e+09 0.553352 1.873247e+10	1.793223e+10 2.043657e+10
5.331046e+09 0.551399 1.876544e+10	1.795860e+10 2.047452e+10
5.317948e+09 0.549450 1.879829e+10	1.798487e+10 2.051230e+10
5.304849e+09 0.547505 1.883100e+10	1.801107e+10 2.054989e+10
5.291751e+09 0.545563 1.886358e+10	1.803717e+10 2.058731e+10
5.278653e+09 0.543626 1.889603e+10	1.806320e+10 2.062454e+10
5.265554e+09 0.541694 1.892835e+10	1.808914e+10 2.066161e+10
5.252456e+09 0.539766 1.896054e+10	1.811500e+10 2.069850e+10
5.239358e+09 0.537844 1.899259e+10	1.814078e+10 2.073521e+10
5.226259e+09 0.535926 1.902452e+10	1.816647e+10 2.077176e+10
5.213161e+09 0.534013 1.905632e+10	1.819209e+10 2.080813e+10
5.200062e+09 0.532105 1.908799e+10	1.821762e+10 2.084433e+10
5.186964e+09 0.530200 1.911953e+10	1.824308e+10 2.088037e+10
5.173866e+09 0.528297 1.915094e+10	1.826846e+10 2.091623e+10
5.160767e+09 0.526400 1.918223e+10	1.829375e+10 2.095193e+10
5.147669e+09 0.524507 1.921339e+10	1.831897e+10 2.098746e+10
5.134570e+09 0.522618 1.924442e+10	1.834411e+10 2.102282e+10
5.121472e+09 0.520735 1.927533e+10	1.836918e+10 2.105802e+10
5.108374e+09 0.518856 1.930611e+10	1.839416e+10 2.109306e+10
5.095275e+09 0.516981 1.933676e+10	1.841907e+10 2.112793e+10
5.082177e+09 0.515112 1.936729e+10	1.844391e+10 2.116264e+10
5.069078e+09 0.513246 1.939770e+10	1.846867e+10 2.119719e+10
5.055980e+09 0.511382 1.942798e+10	1.849335e+10 2.123158e+10
5.042882e+09 0.509522 1.945814e+10	1.851796e+10 2.126581e+10
5.029783e+09 0.507667 1.948817e+10	1.854250e+10 2.129989e+10
5.016685e+09 0.505816 1.951809e+10	1.856696e+10 2.133380e+10
5.003586e+09 0.503970 1.954788e+10	1.859135e+10 2.136756e+10
4.990488e+09 0.502129 1.957755e+10	1.861567e+10 2.140116e+10
4.977390e+09 0.500291 1.960709e+10	1.863992e+10 2.143461e+10
4.964291e+09 0.498459 1.963652e+10	1.866409e+10 2.146774e+10
4.951193e+09 0.496631 1.966583e+10	1.868819e+10 2.150054e+10
4.938094e+09 0.494804 1.969501e+10	1.871222e+10 2.153304e+10
4.924996e+09 0.492981 1.972408e+10	1.873619e+10 2.156524e+10
4.911898e+09 0.491162 1.975303e+10	1.876008e+10 2.159715e+10
4.898799e+09 0.489348 1.978186e+10	1.878390e+10 2.162876e+10
4.885701e+09 0.487538 1.981057e+10	1.880765e+10 2.166009e+10
4.872602e+09 0.485732 1.983916e+10	1.883134e+10 2.169114e+10
4.859504e+09 0.483931 1.986763e+10	1.885495e+10 2.172191e+10
4.846406e+09 0.482134 1.989599e+10	1.887850e+10 2.175240e+10
4.833307e+09 0.480342 1.992423e+10	1.890198e+10 2.178262e+10
4.820209e+09 0.478552 1.995236e+10	1.892540e+10 2.181258e+10
4.807111e+09 0.476764 1.998037e+10	1.894875e+10 2.184227e+10
4.794012e+09 0.474980 2.000826e+10	1.897203e+10 2.187169e+10
4.780914e+09 0.473201 2.003604e+10	1.899525e+10 2.190086e+10
4.767815e+09 0.471426 2.006370e+10	1.901840e+10 2.192977e+10
4.754717e+09 0.469655 2.009125e+10	1.904149e+10 2.195842e+10
4.741619e+09 0.467888 2.011869e+10	1.906451e+10 2.198682e+10
4.728520e+09 0.466126 2.014602e+10	1.908747e+10 2.201498e+10
4.715422e+09 0.464368 2.017323e+10	1.911036e+10 2.204289e+10
4.702323e+09 0.462614 2.020032e+10	1.913319e+10 2.207055e+10
4.689225e+09 0.460861 2.022731e+10	1.915596e+10 2.209797e+10
4.676127e+09 0.459111 2.025419e+10	1.917867e+10 2.212516e+10
4.663028e+09 0.457365 2.028095e+10	1.920131e+10 2.215210e+10
4.649930e+09 0.455624 2.030760e+10	1.922390e+10 2.217882e+10
4.636831e+09 0.453886 2.033414e+10	1.924642e+10 2.220530e+10
4.623733e+09 0.452153 2.036058e+10	1.926888e+10 2.223155e+10
4.610635e+09 0.450424 2.038690e+10	1.929128e+10 2.225757e+10
4.597536e+09 0.448699 2.041311e+10	1.931362e+10 2.228337e+10
4.584438e+09 0.446978 2.043922e+10	1.933590e+10 2.230895e+10
4.571339e+09 0.445261 2.046522e+10	1.935812e+10 2.233430e+10
4.558241e+09 0.443544 2.049110e+10	1.938029e+10 2.235944e+10
4.545143e+09 0.441830 2.051689e+10	1.940239e+10 2.238436e+10
4.532044e+09 0.440121 2.054256e+10	1.942444e+10 2.240907e+10
4.518946e+09 0.438416 2.056813e+10	1.944642e+10 2.243356e+10
4.505847e+09 0.436715 2.059359e+10	1.946835e+10 2.245784e+10
4.492749e+09 0.435018 2.061894e+10	1.949023e+10 2.248192e+10
4.479651e+09 0.433325 2.064419e+10	1.951204e+10 2.250578e+10
4.466552e+09 0.431636 2.066934e+10	1.953380e+10 2.252945e+10
4.453454e+09 0.429951 2.069438e+10	1.955551e+10 2.255291e+10
4.440355e+09 0.428268 2.071931e+10	1.957715e+10 2.257617e+10
4.427257e+09 0.426586 2.074414e+10	1.959875e+10 2.259923e+10
4.414159e+09 0.424908 2.076887e+10	1.962028e+10 2.262209e+10
4.401060e+09 0.423234 2.079350e+10	1.964177e+10 2.264476e+10
4.387962e+09 0.421564 2.081802e+10	1.966319e+10 2.266723e+10
4.374864e+09 0.419898 2.084244e+10	1.968457e+10 2.268952e+10
4.361765e+09 0.418235 2.086675e+10	1.970589e+10 2.271161e+10
4.348667e+09 0.416577 2.089097e+10	1.972715e+10 2.273352e+10
4.335568e+09 0.414922 2.091508e+10	1.974837e+10 2.275524e+10
4.322470e+09 0.413272 2.093910e+10	1.976953e+10 2.277677e+10
4.309372e+09 0.411622 2.096301e+10	1.979064e+10 2.279812e+10
4.296273e+09 0.409974 2.098682e+10	1.981169e+10 2.281929e+10
4.283175e+09 0.408330 2.101054e+10	1.983270e+10 2.284028e+10
4.270076e+09 0.406690 2.103415e+10	1.985365e+10 2.286109e+10
4.256978e+09 0.405054 2.105767e+10	1.987455e+10 2.288173e+10
4.243880e+09 0.403421 2.108108e+10	1.989540e+10 2.290219e+10
4.230781e+09 0.401793 2.110440e+10	1.991620e+10 2.292248e+10
4.217683e+09 0.400168 2.112762e+10	1.993695e+10 2.294259e+10
4.204584e+09 0.398547 2.115074e+10	1.995765e+10 2.296254e+10
4.191486e+09 0.396929 2.117377e+10	1.997830e+10 2.298232e+10
4.178388e+09 0.395312 2.119670e+10	1.999890e+10 2.300193e+10
4.165289e+09 0.393697 2.121953e+10	2.001946e+10 2.302137e+10
4.152191e+09 0.392086 2.124227e+10	2.003996e+10 2.304065e+10
4.139092e+09 0.390478 2.126491e+10	2.006041e+10 2.305977e+10
4.125994e+09 0.388874 2.128745e+10	2.008082e+10 2.307872e+10
4.112896e+09 0.387274 2.130991e+10	2.010118e+10 2.309752e+10
4.099797e+09 0.385678 2.133226e+10	2.012149e+10 2.311616e+10
4.086699e+09 0.384085 2.135452e+10	2.014175e+10 2.313464e+10
4.073600e+09 0.382496 2.137669e+10	2.016197e+10 2.315297e+10
4.060502e+09 0.380911 2.139877e+10	2.018214e+10 2.317114e+10
4.047404e+09 0.379325 2.142075e+10	2.020226e+10 2.318916e+10
4.034305e+09 0.377742 2.144264e+10	2.022234e+10 2.320702e+10
4.021207e+09 0.376162 2.146443e+10	2.024237e+10 2.322474e+10
4.008108e+09 0.374586 2.148614e+10	2.026236e+10 2.324231e+10
3.995010e+09 0.373014 2.150775e+10	2.028230e+10 2.325973e+10
3.981912e+09 0.371445 2.152927e+10	2.030220e+10 2.327700e+10
3.968813e+09 0.369879 2.155070e+10	2.032205e+10 2.329413e+10
3.955715e+09 0.368318 2.157204e+10	2.034185e+10 2.331112e+10
3.942617e+09 0.366759 2.159329e+10	2.036162e+10 2.332796e+10
3.929518e+09 0.365205 2.161445e+10	2.038133e+10 2.334466e+10
3.916420e+09 0.363650 2.163552e+10	2.040101e+10 2.336123e+10
3.903321e+09 0.362098 2.165650e+10	2.042064e+10 2.337765e+10
3.890223e+09 0.360548 2.167740e+10	2.044023e+10 2.339394e+10
3.877125e+09 0.359002 2.169820e+10	2.045977e+10 2.341008e+10
3.864026e+09 0.357460 2.171891e+10	2.047927e+10 2.342610e+10
3.850928e+09 0.355921 2.173954e+10	2.049873e+10 2.344198e+10
3.837829e+09 0.354386 2.176008e+10	2.051815e+10 2.345773e+10
3.824731e+09 0.352854 2.178053e+10	2.053753e+10 2.347334e+10
3.811633e+09 0.351326 2.180090e+10	2.055686e+10 2.348883e+10
3.798534e+09 0.349801 2.182118e+10	2.057615e+10 2.350418e+10
3.785436e+09 0.348277 2.184137e+10	2.059541e+10 2.351941e+10
3.772337e+09 0.346753 2.186148e+10	2.061462e+10 2.353451e+10
3.759239e+09 0.345233 2.188150e+10	2.063379e+10 2.354949e+10
3.746141e+09 0.343717 2.190144e+10	2.065292e+10 2.356434e+10
3.733042e+09 0.342204 2.192129e+10	2.067201e+10 2.357906e+10
3.719944e+09 0.340694 2.194106e+10	2.069106e+10 2.359366e+10
3.706845e+09 0.339187 2.196074e+10	2.071007e+10 2.360814e+10
3.693747e+09 0.337684 2.198034e+10	2.072904e+10 2.362250e+10
3.680649e+09 0.336185 2.199985e+10	2.074797e+10 2.363674e+10
3.667550e+09 0.334688 2.201929e+10	2.076686e+10 2.365086e+10
3.654452e+09 0.333194 2.203864e+10	2.078572e+10 2.366487e+10
3.641353e+09 0.331699 2.205790e+10	2.080453e+10 2.367875e+10
3.628255e+09 0.330207 2.207709e+10	2.082331e+10 2.369253e+10
3.615157e+09 0.328719 2.209619e+10	2.084205e+10 2.370618e+10
3.602058e+09 0.327234 2.211521e+10	2.086075e+10 2.371972e+10
3.588960e+09 0.325752 2.213415e+10	2.087941e+10 2.373315e+10
3.575861e+09 0.324274 2.215301e+10	2.089804e+10 2.374647e+10
3.562763e+09 0.322798 2.217179e+10	2.091663e+10 2.375968e+10
3.549665e+09 0.321326 2.219049e+10	2.093518e+10 2.377277e+10
3.536566e+09 0.319858 2.220910e+10	2.095369e+10 2.378576e+10
3.523468e+09 0.318392 2.222764e+10	2.097217e+10 2.379864e+10
3.510370e+09 0.316925 2.224610e+10	2.099062e+10 2.381141e+10
3.497271e+09 0.315461 2.226448e+10	2.100902e+10 2.382408e+10
3.484173e+09 0.314000 2.228278e+10	2.102739e+10 2.383664e+10
3.471074e+09 0.312542 2.230100e+10	2.104573e+10 2.384910e+10
3.457976e+09 0.311087 2.231915e+10	2.106403e+10 2.386145e+10
3.444878e+09 0.309635 2.233721e+10	2.108229e+10 2.387370e+10
3.431779e+09 0.308187 2.235520e+10	2.110052e+10 2.388584e+10
3.418681e+09 0.306742 2.237311e+10	2.111872e+10 2.389789e+10
3.405582e+09 0.305300 2.239095e+10	2.113688e+10 2.390983e+10
3.392484e+09 0.303861 2.240871e+10	2.115501e+10 2.392168e+10
3.379386e+09 0.302423 2.242639e+10	2.117310e+10 2.393343e+10
3.366287e+09 0.300984 2.244399e+10	2.119116e+10 2.394508e+10
3.353189e+09 0.299549 2.246152e+10	2.120918e+10 2.395663e+10
3.340090e+09 0.298118 2.247898e+10	2.122717e+10 2.396809e+10
3.326992e+09 0.296689 2.249635e+10	2.124513e+10 2.397945e+10
3.313894e+09 0.295263 2.251366e+10	2.126305e+10 2.399071e+10
3.300795e+09 0.293841 2.253089e+10	2.128094e+10 2.400189e+10
3.287697e+09 0.292422 2.254804e+10	2.129880e+10 2.401297e+10
3.274598e+09 0.291005 2.256512e+10	2.131663e+10 2.402395e+10
3.261500e+09 0.289592 2.258213e+10	2.133442e+10 2.403485e+10
3.248402e+09 0.288182 2.259906e+10	2.135219e+10 2.404565e+10
3.235303e+09 0.286769 2.261593e+10	2.136992e+10 2.405637e+10
3.222205e+09 0.285360 2.263271e+10	2.138761e+10 2.406700e+10
3.209106e+09 0.283953 2.264943e+10	2.140528e+10 2.407753e+10
3.196008e+09 0.282550 2.266607e+10	2.142292e+10 2.408798e+10
3.182910e+09 0.281149 2.268264e+10	2.144052e+10 2.409834e+10
3.169811e+09 0.279752 2.269914e+10	2.145809e+10 2.410862e+10
3.156713e+09 0.278358 2.271557e+10	2.147564e+10 2.411881e+10
3.143615e+09 0.276966 2.273193e+10	2.149315e+10 2.412891e+10
3.130516e+09 0.275578 2.274821e+10	2.151063e+10 2.413893e+10
3.117418e+09 0.274193 2.276443e+10	2.152808e+10 2.414887e+10
3.104319e+09 0.272808 2.278057e+10	2.154550e+10 2.415872e+10
3.091221e+09 0.271423 2.279665e+10	2.156289e+10 2.416849e+10
3.078123e+09 0.270040 2.281265e+10	2.158025e+10 2.417818e+10
3.065024e+09 0.268661 2.282859e+10	2.159759e+10 2.418779e+10
3.051926e+09 0.267285 2.284445e+10	2.161489e+10 2.419732e+10
3.038827e+09 0.265912 2.286025e+10	2.163216e+10 2.420677e+10
3.025729e+09 0.264542 2.287598e+10	2.164941e+10 2.421614e+10
3.012631e+09 0.263175 2.289164e+10	2.166662e+10 2.422543e+10
2.999532e+09 0.261810 2.290723e+10	2.168381e+10 2.423464e+10
2.986434e+09 0.260449 2.292276e+10	2.170097e+10 2.424378e+10
2.973335e+09 0.259091 2.293821e+10	2.171810e+10 2.425284e+10
2.960237e+09 0.257730 2.295360e+10	2.173520e+10 2.426182e+10
2.947139e+09 0.256371 2.296893e+10	2.175227e+10 2.427073e+10
2.934040e+09 0.255016 2.298418e+10	2.176932e+10 2.427957e+10
2.920942e+09 0.253663 2.299937e+10	2.178634e+10 2.428833e+10
2.907843e+09 0.252313 2.301449e+10	2.180333e+10 2.429701e+10
2.894745e+09 0.250966 2.302955e+10	2.182029e+10 2.430562e+10
2.881647e+09 0.249622 2.304454e+10	2.183723e+10 2.431416e+10
2.868548e+09 0.248281 2.305946e+10	2.185414e+10 2.432263e+10
2.855450e+09 0.246943 2.307432e+10	2.187102e+10 2.433103e+10
2.842351e+09 0.245608 2.308912e+10	2.188788e+10 2.433936e+10
2.829253e+09 0.244274 2.310385e+10	2.190471e+10 2.434762e+10
2.816155e+09 0.242938 2.311852e+10	2.192151e+10 2.435581e+10
2.803056e+09 0.241605 2.313312e+10	2.193829e+10 2.436392e+10
2.789958e+09 0.240275 2.314765e+10	2.195504e+10 2.437197e+10
2.776859e+09 0.238948 2.316213e+10	2.197177e+10 2.437996e+10
2.763761e+09 0.237624 2.317654e+10	2.198847e+10 2.438787e+10
2.750663e+09 0.236302 2.319088e+10	2.200514e+10 2.439572e+10
2.737564e+09 0.234984 2.320517e+10	2.202179e+10 2.440350e+10
2.724466e+09 0.233668 2.321939e+10	2.203841e+10 2.441122e+10
2.711368e+09 0.232355 2.323355e+10	2.205501e+10 2.441887e+10
2.698269e+09 0.231044 2.324765e+10	2.207159e+10 2.442645e+10
2.685171e+09 0.229734 2.326168e+10	2.208814e+10 2.443398e+10
2.672072e+09 0.228423 2.327565e+10	2.210466e+10 2.444144e+10
2.658974e+09 0.227115 2.328957e+10	2.212116e+10 2.444883e+10
2.645876e+09 0.225810 2.330342e+10	2.213764e+10 2.445616e+10
2.632777e+09 0.224507 2.331720e+10	2.215409e+10 2.446343e+10
2.619679e+09 0.223208 2.333093e+10	2.217052e+10 2.447064e+10
2.606580e+09 0.221911 2.334460e+10	2.218692e+10 2.447779e+10
2.593482e+09 0.220616 2.335821e+10	2.220330e+10 2.448487e+10
2.580384e+09 0.219325 2.337176e+10	2.221966e+10 2.449190e+10
2.567285e+09 0.218036 2.338524e+10	2.223599e+10 2.449887e+10
2.554187e+09 0.216750 2.339867e+10	2.225230e+10 2.450577e+10
2.541088e+09 0.215463 2.341204e+10	2.226859e+10 2.451262e+10
2.527990e+09 0.214176 2.342535e+10	2.228485e+10 2.451941e+10
2.514892e+09 0.212892 2.343860e+10	2.230109e+10 2.452614e+10
2.501793e+09 0.211611 2.345179e+10	2.231731e+10 2.453281e+10
2.488695e+09 0.210332 2.346493e+10	2.233351e+10 2.453943e+10
2.475596e+09 0.209056 2.347800e+10	2.234968e+10 2.454599e+10
2.462498e+09 0.207782 2.349102e+10	2.236583e+10 2.455249e+10
2.449400e+09 0.206512 2.350398e+10	2.238196e+10 2.455894e+10
2.436301e+09 0.205244 2.351688e+10	2.239807e+10 2.456533e+10
2.423203e+09 0.203978 2.352973e+10	2.241415e+10 2.457167e+10
2.410104e+09 0.202716 2.354251e+10	2.243021e+10 2.457795e+10
2.397006e+09 0.201451 2.355524e+10	2.244626e+10 2.458418e+10
2.383908e+09 0.200188 2.356792e+10	2.246228e+10 2.459036e+10
2.370809e+09 0.198927 2.358054e+10	2.247828e+10 2.459648e+10
2.357711e+09 0.197668 2.359310e+10	2.249425e+10 2.460255e+10
2.344612e+09 0.196412 2.360560e+10	2.251021e+10 2.460857e+10
2.331514e+09 0.195159 2.361805e+10	2.252615e+10 2.461453e+10
2.318416e+09 0.193909 2.363045e+10	2.254206e+10 2.462044e+10
2.305317e+09 0.192661 2.364279e+10	2.255795e+10 2.462630e+10
2.292219e+09 0.191416 2.365507e+10	2.257383e+10 2.463211e+10
2.279121e+09 0.190173 2.366730e+10	2.258968e+10 2.463787e+10
2.266022e+09 0.188933 2.367948e+10	2.260552e+10 2.464358e+10
2.252924e+09 0.187691 2.369160e+10	2.262133e+10 2.464924e+10
2.239825e+09 0.186450 2.370366e+10	2.263712e+10 2.465486e+10
2.226727e+09 0.185211 2.371568e+10	2.265289e+10 2.466042e+10
2.213629e+09 0.183975 2.372763e+10	2.266865e+10 2.466593e+10
2.200530e+09 0.182741 2.373954e+10	2.268438e+10 2.467139e+10
2.187432e+09 0.181510 2.375139e+10	2.270010e+10 2.467681e+10
2.174333e+09 0.180282 2.376319e+10	2.271579e+10 2.468218e+10
2.161235e+09 0.179056 2.377493e+10	2.273147e+10 2.468750e+10
2.148137e+09 0.177833 2.378663e+10	2.274712e+10 2.469278e+10
2.135038e+09 0.176612 2.379827e+10	2.276276e+10 2.469801e+10
2.121940e+09 0.175394 2.380986e+10	2.277838e+10 2.470319e+10
2.108841e+09 0.174174 2.382139e+10	2.279398e+10 2.470833e+10
2.095743e+09 0.172955 2.383287e+10	2.280956e+10 2.471342e+10
2.082645e+09 0.171737 2.384431e+10	2.282512e+10 2.471847e+10
2.069546e+09 0.170523 2.385569e+10	2.284067e+10 2.472347e+10
2.056448e+09 0.169311 2.386702e+10	2.285619e+10 2.472843e+10
2.043349e+09 0.168101 2.387829e+10	2.287170e+10 2.473334e+10
2.030251e+09 0.166894 2.388952e+10	2.288719e+10 2.473821e+10
2.017153e+09 0.165690 2.390070e+10	2.290266e+10 2.474304e+10
2.004054e+09 0.164487 2.391183e+10	2.291811e+10 2.474782e+10
1.990956e+09 0.163288 2.392290e+10	2.293355e+10 2.475256e+10
1.977857e+09 0.162091 2.393393e+10	2.294897e+10 2.475726e+10
1.964759e+09 0.160893 2.394490e+10	2.296437e+10 2.476192e+10
1.951661e+09 0.159694 2.395583e+10	2.297975e+10 2.476653e+10
1.938562e+09 0.158498 2.396671e+10	2.299512e+10 2.477110e+10
1.925464e+09 0.157304 2.397753e+10	2.301047e+10 2.477563e+10
1.912365e+09 0.156113 2.398831e+10	2.302580e+10 2.478012e+10
1.899267e+09 0.154924 2.399904e+10	2.304112e+10 2.478457e+10
1.886169e+09 0.153738 2.400972e+10	2.305641e+10 2.478898e+10
1.873070e+09 0.152554 2.402035e+10	2.307170e+10 2.479335e+10
1.859972e+09 0.151372 2.403094e+10	2.308696e+10 2.479768e+10
1.846874e+09 0.150193 2.404147e+10	2.310221e+10 2.480197e+10
1.833775e+09 0.149016 2.405196e+10	2.311744e+10 2.480623e+10
1.820677e+09 0.147840 2.406240e+10	2.313266e+10 2.481044e+10
1.807578e+09 0.146662 2.407280e+10	2.314786e+10 2.481461e+10
1.794480e+09 0.145486 2.408314e+10	2.316304e+10 2.481875e+10
1.781382e+09 0.144312 2.409344e+10	2.317821e+10 2.482285e+10
1.768283e+09 0.143141 2.410369e+10	2.319336e+10 2.482691e+10
1.755185e+09 0.141972 2.411389e+10	2.320850e+10 2.483093e+10
1.742086e+09 0.140806 2.412405e+10	2.322362e+10 2.483492e+10
1.728988e+09 0.139642 2.413416e+10	2.323872e+10 2.483886e+10
1.715890e+09 0.138480 2.414422e+10	2.325381e+10 2.484278e+10
1.702791e+09 0.137321 2.415424e+10	2.326889e+10 2.484665e+10
1.689693e+09 0.136164 2.416422e+10	2.328395e+10 2.485049e+10
1.676594e+09 0.135009 2.417414e+10	2.329899e+10 2.485430e+10
1.663496e+09 0.133851 2.418402e+10	2.331402e+10 2.485807e+10
1.650398e+09 0.132694 2.419386e+10	2.332904e+10 2.486180e+10
1.637299e+09 0.131540 2.420365e+10	2.334404e+10 2.486550e+10
1.624201e+09 0.130388 2.421340e+10	2.335902e+10 2.486916e+10
1.611102e+09 0.129239 2.422310e+10	2.337399e+10 2.487279e+10
1.598004e+09 0.128092 2.423275e+10	2.338895e+10 2.487638e+10
1.584906e+09 0.126947 2.424237e+10	2.340389e+10 2.487994e+10
1.571807e+09 0.125805 2.425193e+10	2.341882e+10 2.488347e+10
1.558709e+09 0.124665 2.426146e+10	2.343373e+10 2.488696e+10
1.545610e+09 0.123527 2.427094e+10	2.344863e+10 2.489043e+10
1.532512e+09 0.122391 2.428037e+10	2.346352e+10 2.489385e+10
1.519414e+09 0.121254 2.428976e+10	2.347839e+10 2.489725e+10
1.506315e+09 0.120116 2.429911e+10	2.349325e+10 2.490061e+10
1.493217e+09 0.118981 2.430842e+10	2.350809e+10 2.490394e+10
1.480118e+09 0.117848 2.431768e+10	2.352292e+10 2.490724e+10
1.467020e+09 0.116718 2.432690e+10	2.353774e+10 2.491050e+10
1.453922e+09 0.115589 2.433607e+10	2.355254e+10 2.491374e+10
1.440823e+09 0.114463 2.434521e+10	2.356733e+10 2.491694e+10
1.427725e+09 0.113340 2.435430e+10	2.358211e+10 2.492011e+10
1.414627e+09 0.112218 2.436335e+10	2.359687e+10 2.492325e+10
1.401528e+09 0.111099 2.437235e+10	2.361162e+10 2.492636e+10
1.388430e+09 0.109982 2.438132e+10	2.362636e+10 2.492944e+10
1.375331e+09 0.108865 2.439024e+10	2.364109e+10 2.493249e+10
1.362233e+09 0.107746 2.439912e+10	2.365580e+10 2.493551e+10
1.349135e+09 0.106629 2.440796e+10	2.367050e+10 2.493850e+10
1.336036e+09 0.105515 2.441676e+10	2.368519e+10 2.494145e+10
1.322938e+09 0.104402 2.442552e+10	2.369986e+10 2.494438e+10
1.309839e+09 0.103292 2.443424e+10	2.371452e+10 2.494728e+10
1.296741e+09 0.102184 2.444291e+10	2.372917e+10 2.495016e+10
1.283643e+09 0.101078 2.445155e+10	2.374381e+10 2.495300e+10
1.270544e+09 0.099975 2.446014e+10	2.375844e+10 2.495581e+10
1.257446e+09 0.098874 2.446870e+10	2.377305e+10 2.495860e+10
1.244347e+09 0.097775 2.447721e+10	2.378765e+10 2.496136e+10
1.231249e+09 0.096678 2.448569e+10	2.380225e+10 2.496409e+10
1.218151e+09 0.095578 2.449412e+10	2.381682e+10 2.496679e+10
1.205052e+09 0.094478 2.450252e+10	2.383139e+10 2.496946e+10
1.191954e+09 0.093381 2.451087e+10	2.384595e+10 2.497211e+10
1.178855e+09 0.092287 2.451919e+10	2.386049e+10 2.497473e+10
1.165757e+09 0.091194 2.452746e+10	2.387502e+10 2.497732e+10
1.152659e+09 0.090104 2.453570e+10	2.388954e+10 2.497989e+10
1.139560e+09 0.089016 2.454390e+10	2.390405e+10 2.498243e+10
1.126462e+09 0.087930 2.455206e+10	2.391855e+10 2.498494e+10
1.113363e+09 0.086846 2.456018e+10	2.393304e+10 2.498743e+10
1.100265e+09 0.085764 2.456826e+10	2.394752e+10 2.498989e+10
1.087167e+09 0.084684 2.457631e+10	2.396199e+10 2.499232e+10
1.074068e+09 0.083605 2.458432e+10	2.397644e+10 2.499473e+10
1.060970e+09 0.082523 2.459228e+10	2.399089e+10 2.499711e+10
1.047872e+09 0.081443 2.460021e+10	2.400532e+10 2.499947e+10
1.034773e+09 0.080366 2.460811e+10	2.401974e+10 2.500180e+10
1.021675e+09 0.079290 2.461596e+10	2.403416e+10 2.500411e+10
1.008576e+09 0.078217 2.462378e+10	2.404856e+10 2.500640e+10
9.954779e+08 0.077146 2.463156e+10	2.406295e+10 2.500865e+10
9.823795e+08 0.076076 2.463930e+10	2.407734e+10 2.501089e+10
9.692811e+08 0.075009 2.464701e+10	2.409171e+10 2.501310e+10
9.561827e+08 0.073945 2.465468e+10	2.410607e+10 2.501528e+10
9.430844e+08 0.072882 2.466231e+10	2.412042e+10 2.501744e+10
9.299860e+08 0.071821 2.466991e+10	2.413477e+10 2.501958e+10
9.168876e+08 0.070758 2.467747e+10	2.414910e+10 2.502170e+10
9.037892e+08 0.069695 2.468499e+10	2.416342e+10 2.502379e+10
8.906908e+08 0.068634 2.469248e+10	2.417774e+10 2.502585e+10
8.775924e+08 0.067575 2.469993e+10	2.419204e+10 2.502790e+10
8.644940e+08 0.066518 2.470735e+10	2.420634e+10 2.502992e+10
8.513956e+08 0.065463 2.471473e+10	2.422062e+10 2.503192e+10
8.382972e+08 0.064410 2.472207e+10	2.423490e+10 2.503389e+10
8.251988e+08 0.063360 2.472938e+10	2.424916e+10 2.503585e+10
8.121004e+08 0.062311 2.473666e+10	2.426342e+10 2.503778e+10
7.990020e+08 0.061265 2.474390e+10	2.427767e+10 2.503969e+10
7.859036e+08 0.060220 2.475110e+10	2.429191e+10 2.504157e+10
7.728052e+08 0.059177 2.475827e+10	2.430614e+10 2.504344e+10
7.597068e+08 0.058130 2.476540e+10	2.432036e+10 2.504528e+10
7.466084e+08 0.057085 2.477250e+10	2.433458e+10 2.504711e+10
7.335101e+08 0.056042 2.477957e+10	2.434878e+10 2.504891e+10
7.204117e+08 0.055001 2.478660e+10	2.436298e+10 2.505068e+10
7.073133e+08 0.053963 2.479360e+10	2.437716e+10 2.505244e+10
6.942149e+08 0.052926 2.480056e+10	2.439134e+10 2.505418e+10
6.811165e+08 0.051891 2.480749e+10	2.440551e+10 2.505589e+10
6.680181e+08 0.050858 2.481438e+10	2.441968e+10 2.505759e+10
6.549197e+08 0.049828 2.482124e+10	2.443383e+10 2.505926e+10
6.418213e+08 0.048799 2.482807e+10	2.444798e+10 2.506092e+10
6.287229e+08 0.047773 2.483487e+10	2.446212e+10 2.506255e+10
6.156245e+08 0.046745 2.484163e+10	2.447625e+10 2.506417e+10
6.025261e+08 0.045716 2.484836e+10	2.449037e+10 2.506576e+10
5.894277e+08 0.044689 2.485505e+10	2.450448e+10 2.506734e+10
5.763293e+08 0.043663 2.486171e+10	2.451859e+10 2.506889e+10
5.632309e+08 0.042640 2.486834e+10	2.453269e+10 2.507043e+10
5.501325e+08 0.041619 2.487494e+10	2.454678e+10 2.507194e+10
5.370341e+08 0.040599 2.488151e+10	2.456086e+10 2.507344e+10
5.239358e+08 0.039582 2.488804e+10	2.457494e+10 2.507491e+10
5.108374e+08 0.038567 2.489454e+10	2.458901e+10 2.507637e+10
4.977390e+08 0.037553 2.490101e+10	2.460307e+10 2.507781e+10
4.846406e+08 0.036542 2.490744e+10	2.461713e+10 2.507923e+10
4.715422e+08 0.035533 2.491385e+10	2.463117e+10 2.508063e+10
4.584438e+08 0.034521 2.492022e+10	2.464521e+10 2.508202e+10
4.453454e+08 0.033509 2.492656e+10	2.465925e+10 2.508338e+10
4.322470e+08 0.032498 2.493287e+10	2.467327e+10 2.508473e+10
4.191486e+08 0.031490 2.493915e+10	2.468729e+10 2.508605e+10
4.060502e+08 0.030484 2.494539e+10	2.470131e+10 2.508736e+10
3.929518e+08 0.029480 2.495161e+10	2.471531e+10 2.508866e+10
3.798534e+08 0.028477 2.495779e+10	2.472931e+10 2.508993e+10
3.667550e+08 0.027477 2.496395e+10	2.474330e+10 2.509119e+10
3.536566e+08 0.026478 2.497007e+10	2.475729e+10 2.509243e+10
3.405582e+08 0.025482 2.497616e+10	2.477127e+10 2.509365e+10
3.274598e+08 0.024487 2.498222e+10	2.478524e+10 2.509485e+10
3.143615e+08 0.023494 2.498826e+10	2.479921e+10 2.509604e+10
3.012631e+08 0.022498 2.499426e+10	2.481317e+10 2.509721e+10
2.881647e+08 0.021502 2.500023e+10	2.482713e+10 2.509837e+10
2.750663e+08 0.020509 2.500617e+10	2.484107e+10 2.509950e+10
2.619679e+08 0.019517 2.501208e+10	2.485502e+10 2.510062e+10
2.488695e+08 0.018527 2.501796e+10	2.486895e+10 2.510172e+10
2.357711e+08 0.017539 2.502381e+10	2.488288e+10 2.510281e+10
2.226727e+08 0.016553 2.502964e+10	2.489681e+10 2.510388e+10
2.095743e+08 0.015569 2.503543e+10	2.491073e+10 2.510493e+10
1.964759e+08 0.014587 2.504119e+10	2.492464e+10 2.510597e+10
1.833775e+08 0.013607 2.504693e+10	2.493855e+10 2.510699e+10
1.702791e+08 0.012628 2.505263e+10	2.495245e+10 2.510800e+10
1.571807e+08 0.011652 2.505831e+10	2.496635e+10 2.510899e+10
1.440823e+08 0.010671 2.506396e+10	2.498024e+10 2.510996e+10
1.309839e+08 0.009692 2.506957e+10	2.499412e+10 2.511092e+10
1.178855e+08 0.008714 2.507516e+10	2.500800e+10 2.511187e+10
1.047872e+08 0.007738 2.508072e+10	2.502188e+10 2.511279e+10
9.168876e+07 0.006764 2.508626e+10	2.503575e+10 2.511371e+10
7.859036e+07 0.005792 2.509176e+10	2.504961e+10 2.511460e+10
6.549197e+07 0.004822 2.509724e+10	2.506347e+10 2.511549e+10
5.239358e+07 0.003854 2.510269e+10	2.507733e+10 2.511635e+10
3.929518e+07 0.002888 2.510811e+10	2.509118e+10 2.511720e+10
2.619679e+07 0.001923 2.511350e+10	2.510502e+10 2.511804e+10
1.309839e+07 0.000961 2.511886e+10	2.511886e+10 2.511886e+10
