#t0_Mstar=1.995262e+10 (N07Mbar=3.738402e+10) t0_sfr=1.136688e+00	1.00000000000000001988462483866e+30 t0_sfr=7.769380e-01
#tlb ,red_binl[i],Mstar[i],CSFH[i],phi[i],dMLdt[i],massloss_to_t0[i], Mstar_Noeske(tlb,Mbar_Noeske),phi_Noeske(tlb,Mbar_Noeske)FWHM=0.50:Ms,Cs,phi,FWHM=0.75:Ms,Cs,phi,FWHM=1.00:Ms,Cs,phi	1.00000000000000001988462483866e+30 Mstar_Noeske(tlb,Mbar_Noeske),phi_Noeske(tlb,Mbar_Noeske)FWHM=0.50:Ms,Cs,phi,FWHM=0.75:Ms,Cs,phi,FWHM=1.00:Ms,Cs,phi
1.309839e+10 9.000000 0.000000e+00	0.000000e+00 1.627908e+08
1.308530e+10 8.847726 0.000000e+00	0.000000e+00 1.327990e+08
1.307220e+10 8.701050 0.000000e+00	0.000000e+00 1.278893e+08
1.305910e+10 8.559660 0.000000e+00	0.000000e+00 1.251645e+08
1.304600e+10 8.423368 0.000000e+00	0.000000e+00 1.233372e+08
1.303290e+10 8.291842 0.000000e+00	0.000000e+00 1.220008e+08
1.301980e+10 8.164779 0.000000e+00	0.000000e+00 1.209739e+08
1.300671e+10 8.041947 0.000000e+00	0.000000e+00 1.201600e+08
1.299361e+10 7.923131 0.000000e+00	0.000000e+00 1.195014e+08
1.298051e+10 7.808144 0.000000e+00	0.000000e+00 1.189611e+08
1.296741e+10 7.696830 0.000000e+00	0.000000e+00 1.185138e+08
1.295431e+10 7.588952 0.000000e+00	0.000000e+00 1.181415e+08
1.294121e+10 7.484347 0.000000e+00	0.000000e+00 1.178311e+08
1.292811e+10 7.382859 0.000000e+00	0.000000e+00 1.175723e+08
1.291502e+10 7.284344 0.000000e+00	0.000000e+00 1.173576e+08
1.290192e+10 7.188666 0.000000e+00	0.000000e+00 1.171808e+08
1.288882e+10 7.095696 0.000000e+00	0.000000e+00 1.170369e+08
1.287572e+10 7.005312 0.000000e+00	0.000000e+00 1.169219e+08
1.286262e+10 6.917401 0.000000e+00	0.000000e+00 1.168325e+08
1.284952e+10 6.831855 0.000000e+00	0.000000e+00 1.167658e+08
1.283643e+10 6.748572 0.000000e+00	0.000000e+00 1.167196e+08
1.282333e+10 6.667456 0.000000e+00	0.000000e+00 1.166919e+08
1.281023e+10 6.588431 0.000000e+00	0.000000e+00 1.166809e+08
1.279713e+10 6.511436 0.000000e+00	0.000000e+00 1.166852e+08
1.278403e+10 6.436355 0.000000e+00	0.000000e+00 1.167035e+08
1.277093e+10 6.363109 0.000000e+00	0.000000e+00 1.167346e+08
1.275784e+10 6.291625 0.000000e+00	0.000000e+00 1.167777e+08
1.274474e+10 6.221832 0.000000e+00	0.000000e+00 1.168317e+08
1.273164e+10 6.153665 0.000000e+00	0.000000e+00 1.168959e+08
1.271854e+10 6.087102 0.000000e+00	0.000000e+00 1.169697e+08
1.270544e+10 6.022088 0.000000e+00	0.000000e+00 1.170524e+08
1.269234e+10 5.958522 0.000000e+00	0.000000e+00 1.171434e+08
1.267925e+10 5.896348 0.000000e+00	0.000000e+00 1.172423e+08
1.266615e+10 5.835515 0.000000e+00	0.000000e+00 1.173486e+08
1.265305e+10 5.776057 0.000000e+00	0.000000e+00 1.174619e+08
1.263995e+10 5.717866 0.000000e+00	0.000000e+00 1.175817e+08
1.262685e+10 5.660874 0.000000e+00	0.000000e+00 1.177079e+08
1.261375e+10 5.605040 0.000000e+00	0.000000e+00 1.178400e+08
1.260065e+10 5.550427 0.000000e+00	0.000000e+00 1.179778e+08
1.258756e+10 5.496902 0.000000e+00	0.000000e+00 1.181209e+08
1.257446e+10 5.444416 0.000000e+00	0.000000e+00 1.182693e+08
1.256136e+10 5.392990 0.000000e+00	0.000000e+00 1.184226e+08
1.254826e+10 5.342602 0.000000e+00	0.000000e+00 1.185806e+08
1.253516e+10 5.293149 0.000000e+00	0.000000e+00 1.187431e+08
1.252206e+10 5.244640 0.000000e+00	0.000000e+00 1.189100e+08
1.250897e+10 5.197097 0.000000e+00	0.000000e+00 1.190811e+08
1.249587e+10 5.150398 0.000000e+00	0.000000e+00 1.192563e+08
1.248277e+10 5.104567 0.000000e+00	0.000000e+00 1.194353e+08
1.246967e+10 5.059611 0.000000e+00	0.000000e+00 1.196181e+08
1.245657e+10 5.015419 0.000000e+00	0.000000e+00 1.198046e+08
1.244347e+10 4.972050 0.000000e+00	0.000000e+00 1.199945e+08
1.243038e+10 4.929453 0.000000e+00	0.000000e+00 1.201879e+08
1.241728e+10 4.887546 0.000000e+00	0.000000e+00 1.203846e+08
1.240418e+10 4.846450 0.000000e+00	0.000000e+00 1.205845e+08
1.239108e+10 4.806006 0.000000e+00	0.000000e+00 1.207876e+08
1.237798e+10 4.766255 0.000000e+00	0.000000e+00 1.209936e+08
1.236488e+10 4.727194 0.000000e+00	0.000000e+00 1.212027e+08
1.235179e+10 4.688723 0.000000e+00	0.000000e+00 1.214146e+08
1.233869e+10 4.650970 0.000000e+00	0.000000e+00 1.216294e+08
1.232559e+10 4.613770 0.000000e+00	0.000000e+00 1.218469e+08
1.231249e+10 4.577204 0.000000e+00	0.000000e+00 1.220670e+08
1.229939e+10 4.541209 0.000000e+00	0.000000e+00 1.222898e+08
1.228629e+10 4.505773 0.000000e+00	0.000000e+00 1.225152e+08
1.227319e+10 4.470921 0.000000e+00	0.000000e+00 1.227431e+08
1.226010e+10 4.436563 0.000000e+00	0.000000e+00 1.229734e+08
1.224700e+10 4.402796 0.000000e+00	0.000000e+00 1.232062e+08
1.223390e+10 4.369472 0.000000e+00	0.000000e+00 1.234413e+08
1.222080e+10 4.336729 0.000000e+00	0.000000e+00 1.236788e+08
1.220770e+10 4.304408 0.000000e+00	0.000000e+00 1.239185e+08
1.219460e+10 4.272625 0.000000e+00	0.000000e+00 1.241605e+08
1.218151e+10 4.241257 0.000000e+00	0.000000e+00 1.244047e+08
1.216841e+10 4.210391 0.000000e+00	0.000000e+00 1.246511e+08
1.215531e+10 4.179930 0.000000e+00	0.000000e+00 1.248996e+08
1.214221e+10 4.149942 0.000000e+00	0.000000e+00 1.251502e+08
1.212911e+10 4.120344 0.000000e+00	0.000000e+00 1.254029e+08
1.211601e+10 4.091197 0.000000e+00	0.000000e+00 1.256577e+08
1.210292e+10 4.062421 0.000000e+00	0.000000e+00 1.259144e+08
1.208982e+10 4.034080 0.000000e+00	0.000000e+00 1.261732e+08
1.207672e+10 4.006087 0.000000e+00	0.000000e+00 1.264340e+08
1.206362e+10 3.978520 0.000000e+00	0.000000e+00 1.266967e+08
1.205052e+10 3.951272 0.000000e+00	0.000000e+00 1.269613e+08
1.203742e+10 3.924447 0.000000e+00	0.000000e+00 1.272278e+08
1.202433e+10 3.897912 0.000000e+00	0.000000e+00 1.274962e+08
1.201123e+10 3.871800 0.000000e+00	0.000000e+00 1.277665e+08
1.199813e+10 3.845965 0.000000e+00	0.000000e+00 1.280386e+08
1.198503e+10 3.820516 0.000000e+00	0.000000e+00 1.283125e+08
1.197193e+10 3.795355 0.000000e+00	0.000000e+00 1.285883e+08
1.195883e+10 3.770540 0.000000e+00	0.000000e+00 1.288658e+08
1.194574e+10 3.746027 0.000000e+00	0.000000e+00 1.291451e+08
1.193264e+10 3.721816 0.000000e+00	0.000000e+00 1.294262e+08
1.191954e+10 3.697926 0.000000e+00	0.000000e+00 1.297091e+08
1.190644e+10 3.674294 0.000000e+00	0.000000e+00 1.299936e+08
1.189334e+10 3.651005 0.000000e+00	0.000000e+00 1.302799e+08
1.188024e+10 3.627947 0.000000e+00	0.000000e+00 1.305679e+08
1.186714e+10 3.605214 0.000000e+00	0.000000e+00 1.308576e+08
1.185405e+10 3.582725 0.000000e+00	0.000000e+00 1.311490e+08
1.184095e+10 3.560509 0.000000e+00	0.000000e+00 1.314421e+08
1.182785e+10 3.538569 0.000000e+00	0.000000e+00 1.317368e+08
1.181475e+10 3.516848 0.000000e+00	0.000000e+00 1.320332e+08
1.180165e+10 3.495436 0.000000e+00	0.000000e+00 1.323312e+08
1.178855e+10 3.474227 0.000000e+00	0.000000e+00 1.326309e+08
1.177546e+10 3.453288 0.000000e+00	0.000000e+00 1.329322e+08
1.176236e+10 3.432582 0.000000e+00	0.000000e+00 1.332352e+08
1.174926e+10 3.412087 0.000000e+00	0.000000e+00 1.335397e+08
1.173616e+10 3.391866 0.000000e+00	0.000000e+00 1.338459e+08
1.172306e+10 3.371830 0.000000e+00	0.000000e+00 1.341536e+08
1.170996e+10 3.352044 0.000000e+00	0.000000e+00 1.344630e+08
1.169687e+10 3.332470 0.000000e+00	0.000000e+00 1.347739e+08
1.168377e+10 3.313083 0.000000e+00	0.000000e+00 1.350865e+08
1.167067e+10 3.293956 0.000000e+00	0.000000e+00 1.354006e+08
1.165757e+10 3.274998 0.000000e+00	0.000000e+00 1.357163e+08
1.164447e+10 3.256256 0.000000e+00	0.000000e+00 1.360335e+08
1.163137e+10 3.237724 0.000000e+00	0.000000e+00 1.363523e+08
1.161828e+10 3.219353 0.000000e+00	0.000000e+00 1.366727e+08
1.160518e+10 3.201221 0.000000e+00	0.000000e+00 1.369946e+08
1.159208e+10 3.183256 0.000000e+00	0.000000e+00 1.373181e+08
1.157898e+10 3.165461 0.000000e+00	0.000000e+00 1.376431e+08
1.156588e+10 3.147889 0.000000e+00	0.000000e+00 1.379697e+08
1.155278e+10 3.130466 0.000000e+00	0.000000e+00 1.382978e+08
1.153968e+10 3.113227 0.000000e+00	0.000000e+00 1.386275e+08
1.152659e+10 3.096179 0.000000e+00	0.000000e+00 1.389587e+08
1.151349e+10 3.079272 0.000000e+00	0.000000e+00 1.392914e+08
1.150039e+10 3.062561 0.000000e+00	0.000000e+00 1.396257e+08
1.148729e+10 3.046014 0.000000e+00	0.000000e+00 1.399614e+08
1.147419e+10 3.029600 0.000000e+00	0.000000e+00 1.402988e+08
1.146109e+10 3.013389 0.000000e+00	0.000000e+00 1.406376e+08
1.144800e+10 2.997320 0.000000e+00	0.000000e+00 1.409780e+08
1.143490e+10 2.981379 0.000000e+00	0.000000e+00 1.413199e+08
1.142180e+10 2.965641 0.000000e+00	0.000000e+00 1.416633e+08
1.140870e+10 2.950030 0.000000e+00	0.000000e+00 1.420082e+08
1.139560e+10 2.934545 0.000000e+00	0.000000e+00 1.423547e+08
1.138250e+10 2.919253 0.000000e+00	0.000000e+00 1.427027e+08
1.136941e+10 2.904079 0.000000e+00	0.000000e+00 1.430522e+08
1.135631e+10 2.889029 0.000000e+00	0.000000e+00 1.434032e+08
1.134321e+10 2.874162 0.000000e+00	0.000000e+00 1.437557e+08
1.133011e+10 2.859408 0.000000e+00	0.000000e+00 1.441098e+08
1.131701e+10 2.844771 0.000000e+00	0.000000e+00 1.444653e+08
1.130391e+10 2.830311 0.000000e+00	0.000000e+00 1.448224e+08
1.129082e+10 2.815959 0.000000e+00	0.000000e+00 1.451810e+08
1.127772e+10 2.801715 0.000000e+00	0.000000e+00 1.455412e+08
1.126462e+10 2.787645 0.000000e+00	0.000000e+00 1.459028e+08
1.125152e+10 2.773679 0.000000e+00	0.000000e+00 1.462660e+08
1.123842e+10 2.759815 0.000000e+00	0.000000e+00 1.466307e+08
1.122532e+10 2.746113 0.000000e+00	0.000000e+00 1.469969e+08
1.121223e+10 2.732517 0.000000e+00	0.000000e+00 1.473647e+08
1.119913e+10 2.719020 0.000000e+00	0.000000e+00 1.477340e+08
1.118603e+10 2.705666 0.000000e+00	0.000000e+00 1.481047e+08
1.117293e+10 2.692426 0.000000e+00	0.000000e+00 1.484771e+08
1.115983e+10 2.679280 0.000000e+00	0.000000e+00 1.488509e+08
1.114673e+10 2.666259 0.000000e+00	0.000000e+00 1.492263e+08
1.113363e+10 2.653361 0.000000e+00	0.000000e+00 1.496032e+08
1.112054e+10 2.640553 0.000000e+00	0.000000e+00 1.499817e+08
1.110744e+10 2.627848 0.000000e+00	0.000000e+00 1.503617e+08
1.109434e+10 2.615278 0.000000e+00	0.000000e+00 1.507432e+08
1.108124e+10 2.602795 0.000000e+00	0.000000e+00 1.511263e+08
1.106814e+10 2.590398 0.000000e+00	0.000000e+00 1.515109e+08
1.105504e+10 2.578138 0.000000e+00	0.000000e+00 1.518971e+08
1.104195e+10 2.565967 0.000000e+00	0.000000e+00 1.522848e+08
1.102885e+10 2.553879 0.000000e+00	0.000000e+00 1.526740e+08
1.101575e+10 2.541902 0.000000e+00	0.000000e+00 1.530648e+08
1.100265e+10 2.530033 0.000000e+00	0.000000e+00 1.534572e+08
1.098955e+10 2.518242 0.000000e+00	0.000000e+00 1.538511e+08
1.097645e+10 2.506535 0.000000e+00	0.000000e+00 1.542466e+08
1.096336e+10 2.494955 0.000000e+00	0.000000e+00 1.546436e+08
1.095026e+10 2.483451 0.000000e+00	0.000000e+00 1.550422e+08
1.093716e+10 2.472022 0.000000e+00	0.000000e+00 1.554424e+08
1.092406e+10 2.460700 0.000000e+00	0.000000e+00 1.558441e+08
1.091096e+10 2.449472 0.000000e+00	0.000000e+00 1.562475e+08
1.089786e+10 2.438317 0.000000e+00	0.000000e+00 1.566524e+08
1.088477e+10 2.427236 0.000000e+00	0.000000e+00 1.570588e+08
1.087167e+10 2.416275 0.000000e+00	0.000000e+00 1.574669e+08
1.085857e+10 2.405383 0.000000e+00	0.000000e+00 1.578765e+08
1.084547e+10 2.394561 0.000000e+00	0.000000e+00 1.582878e+08
1.083237e+10 2.383828 0.000000e+00	0.000000e+00 1.587006e+08
1.081927e+10 2.373191 0.000000e+00	0.000000e+00 1.591150e+08
1.080617e+10 2.362621 0.000000e+00	0.000000e+00 1.595311e+08
1.079308e+10 2.352116 0.000000e+00	0.000000e+00 1.599487e+08
1.077998e+10 2.341713 0.000000e+00	0.000000e+00 1.603680e+08
1.076688e+10 2.331385 0.000000e+00	0.000000e+00 1.607888e+08
1.075378e+10 2.321121 0.000000e+00	0.000000e+00 1.612113e+08
1.074068e+10 2.310922 0.000000e+00	0.000000e+00 1.616354e+08
1.072758e+10 2.300829 0.000000e+00	0.000000e+00 1.620611e+08
1.071449e+10 2.290797 0.000000e+00	0.000000e+00 1.624885e+08
1.070139e+10 2.280826 0.000000e+00	0.000000e+00 1.629174e+08
1.068829e+10 2.270927 0.000000e+00	0.000000e+00 1.633480e+08
1.067519e+10 2.261119 0.000000e+00	0.000000e+00 1.637803e+08
1.066209e+10 2.251370 0.000000e+00	0.000000e+00 1.642142e+08
1.064899e+10 2.241680 0.000000e+00	0.000000e+00 1.646498e+08
1.063590e+10 2.232064 0.000000e+00	0.000000e+00 1.650870e+08
1.062280e+10 2.222530 0.000000e+00	0.000000e+00 1.655258e+08
1.060970e+10 2.213052 0.000000e+00	0.000000e+00 1.659663e+08
1.059660e+10 2.203629 0.000000e+00	0.000000e+00 1.731666e+08
1.058350e+10 2.194282 0.000000e+00	0.000000e+00 1.811397e+08
1.057040e+10 2.185010 0.000000e+00	0.000000e+00 1.894192e+08
1.055731e+10 2.175791 0.000000e+00	0.000000e+00 1.980146e+08
1.054421e+10 2.166626 0.000000e+00	0.000000e+00 2.069354e+08
1.053111e+10 2.157534 0.000000e+00	0.000000e+00 2.161916e+08
1.051801e+10 2.148512 0.000000e+00	0.000000e+00 2.257931e+08
1.050491e+10 2.139542 0.000000e+00	0.000000e+00 2.357503e+08
1.049181e+10 2.130623 0.000000e+00	0.000000e+00 2.460737e+08
1.047872e+10 2.121773 0.000000e+00	0.000000e+00 2.567741e+08
1.046562e+10 2.112992 0.000000e+00	0.000000e+00 2.678624e+08
1.045252e+10 2.104260 0.000000e+00	0.000000e+00 2.793498e+08
1.043942e+10 2.095577 0.000000e+00	0.000000e+00 2.912479e+08
1.042632e+10 2.086957 0.000000e+00	0.000000e+00 3.035683e+08
1.041322e+10 2.078407 0.000000e+00	0.000000e+00 3.163231e+08
1.040012e+10 2.069904 0.000000e+00	0.000000e+00 3.295245e+08
1.038703e+10 2.061447 0.000000e+00	0.000000e+00 3.431848e+08
1.037393e+10 2.053045 0.000000e+00	0.000000e+00 3.573169e+08
1.036083e+10 2.044717 0.000000e+00	0.000000e+00 3.719338e+08
1.034773e+10 2.036433 0.000000e+00	0.000000e+00 3.870488e+08
1.033463e+10 2.028194 0.000000e+00	0.000000e+00 4.026753e+08
1.032153e+10 2.020000 0.000000e+00	0.000000e+00 4.188273e+08
1.030844e+10 2.011884 0.000000e+00	0.000000e+00 4.355187e+08
1.029534e+10 2.003811 0.000000e+00	0.000000e+00 4.527641e+08
1.028224e+10 1.995781 0.000000e+00	0.000000e+00 4.704525e+08
1.026914e+10 1.987794 0.000000e+00	0.000000e+00 4.884939e+08
1.025604e+10 1.979872 0.000000e+00	0.000000e+00 5.069087e+08
1.024294e+10 1.972002 0.000000e+00	0.000000e+00 5.257001e+08
1.022985e+10 1.964173 0.000000e+00	0.000000e+00 5.448695e+08
1.021675e+10 1.956386 0.000000e+00	0.000000e+00 5.644173e+08
1.020365e+10 1.948649 0.000000e+00	0.000000e+00 5.843439e+08
1.019055e+10 1.940974 0.000000e+00	0.000000e+00 6.046495e+08
1.017745e+10 1.933338 0.000000e+00	0.000000e+00 6.253334e+08
1.016435e+10 1.925742 0.000000e+00	0.000000e+00 6.463948e+08
1.015126e+10 1.918185 0.000000e+00	0.000000e+00 6.678325e+08
1.013816e+10 1.910694 0.000000e+00	0.000000e+00 6.896463e+08
1.012506e+10 1.903244 0.000000e+00	0.000000e+00 7.118348e+08
1.011196e+10 1.895832 0.000000e+00	0.000000e+00 7.343964e+08
1.009886e+10 1.888458 0.000000e+00	0.000000e+00 7.573295e+08
1.008576e+10 1.881133 0.000000e+00	0.000000e+00 7.806327e+08
1.007266e+10 1.873862 0.000000e+00	0.000000e+00 8.043047e+08
1.005957e+10 1.866627 0.000000e+00	0.000000e+00 8.283434e+08
1.004647e+10 1.859429 0.000000e+00	0.000000e+00 8.527467e+08
1.003337e+10 1.852267 1.500417e+06	0.000000e+00 8.775123e+08
1.002027e+10 1.845164 2.931011e+06	0.000000e+00 9.026388e+08
1.000717e+10 1.838100 4.904112e+06	0.000000e+00 9.281241e+08
9.994074e+09 1.831072 7.458843e+06	0.000000e+00 9.539654e+08
9.980976e+09 1.824078 1.062836e+07	0.000000e+00 9.801602e+08
9.967878e+09 1.817123 1.444096e+07	0.000000e+00 1.006706e+09
9.954779e+09 1.810224 1.892099e+07	0.000000e+00 1.033601e+09
9.941681e+09 1.803359 2.408910e+07	0.000000e+00 1.060843e+09
9.928582e+09 1.796527 2.996291e+07	0.000000e+00 1.088427e+09
9.915484e+09 1.789728 3.655731e+07	0.000000e+00 1.116353e+09
9.902386e+09 1.782974 4.388497e+07	0.000000e+00 1.144616e+09
9.889287e+09 1.776267 5.195646e+07	0.000000e+00 1.173215e+09
9.876189e+09 1.769591 6.078029e+07	0.000000e+00 1.202146e+09
9.863091e+09 1.762947 7.036322e+07	0.000000e+00 1.231407e+09
9.849992e+09 1.756335 8.071047e+07	0.000000e+00 1.260993e+09
9.836894e+09 1.749772 9.182616e+07	0.000000e+00 1.290902e+09
9.823795e+09 1.743247 1.037130e+08	0.000000e+00 1.321133e+09
9.810697e+09 1.736752 1.163722e+08	0.000000e+00 1.351680e+09
9.797599e+09 1.730289 1.298042e+08	0.000000e+00 1.382540e+09
9.784500e+09 1.723856 1.440083e+08	0.000000e+00 1.413711e+09
9.771402e+09 1.717472 1.589834e+08	5.062708e+06 1.445190e+09
9.758303e+09 1.711122 1.747272e+08	9.114799e+06 1.476972e+09
9.745205e+09 1.704802 1.912365e+08	1.422269e+07 1.509056e+09
9.732107e+09 1.698511 2.085075e+08	2.036434e+07 1.541436e+09
9.719008e+09 1.692249 2.265359e+08	2.751522e+07 1.574110e+09
9.705910e+09 1.686036 2.453171e+08	3.565011e+07 1.607075e+09
9.692811e+09 1.679854 2.648458e+08	4.474214e+07 1.640327e+09
9.679713e+09 1.673700 2.851159e+08	5.476383e+07 1.673863e+09
9.666615e+09 1.667575 3.061210e+08	6.568738e+07 1.707678e+09
9.653516e+09 1.661477 3.278541e+08	7.748490e+07 1.741770e+09
9.640418e+09 1.655426 3.503089e+08	9.012973e+07 1.776135e+09
9.627319e+09 1.649405 3.734778e+08	1.022660e+08 1.810770e+09
9.614221e+09 1.643411 3.973530e+08	1.151750e+08 1.845672e+09
9.601123e+09 1.637444 4.219264e+08	1.289044e+08 1.880835e+09
9.588024e+09 1.631504 4.471895e+08	1.434557e+08 1.916257e+09
9.574926e+09 1.625607 4.731347e+08	1.588295e+08 1.951935e+09
9.561827e+09 1.619740 4.997531e+08	1.750254e+08 1.987865e+09
9.548729e+09 1.613899 5.270359e+08	1.920420e+08 2.024043e+09
9.535631e+09 1.608084 5.549740e+08	2.098775e+08 2.060465e+09
9.522532e+09 1.602295 5.835580e+08	2.285290e+08 2.097128e+09
9.509434e+09 1.596544 6.127793e+08	2.327601e+08 2.134029e+09
9.496335e+09 1.590825 6.426287e+08	2.358177e+08 2.171164e+09
9.483237e+09 1.585132 6.730967e+08	2.390673e+08 2.208530e+09
9.470139e+09 1.579463 7.041735e+08	2.425213e+08 2.246121e+09
9.457040e+09 1.573819 7.358495e+08	2.461932e+08 2.283936e+09
9.443942e+09 1.568207 7.681153e+08	2.500970e+08 2.321970e+09
9.430844e+09 1.562630 8.009619e+08	2.542474e+08 2.360221e+09
9.417745e+09 1.557078 8.343793e+08	2.586610e+08 2.398684e+09
9.404647e+09 1.551549 8.683577e+08	2.633555e+08 2.437356e+09
9.391548e+09 1.546045 9.028871e+08	2.683498e+08 2.476233e+09
9.378450e+09 1.540565 9.379580e+08	2.736642e+08 2.515312e+09
9.365352e+09 1.535125 9.735615e+08	2.793195e+08 2.554589e+09
9.352253e+09 1.529709 1.009688e+09	2.853393e+08 2.594061e+09
9.339155e+09 1.524315 1.046327e+09	2.917488e+08 2.633725e+09
9.326056e+09 1.518944 1.083469e+09	2.985750e+08 2.673576e+09
9.312958e+09 1.513596 1.121104e+09	3.058471e+08 2.713611e+09
9.299860e+09 1.508282 1.159224e+09	3.135953e+08 2.753827e+09
9.286761e+09 1.502996 1.197820e+09	3.218529e+08 2.794220e+09
9.273663e+09 1.497732 1.236880e+09	3.306560e+08 2.834788e+09
9.260564e+09 1.492490 1.276397e+09	3.400432e+08 2.875526e+09
9.247466e+09 1.487270 1.316360e+09	3.500562e+08 2.916431e+09
9.234368e+09 1.482075 1.356760e+09	3.607393e+08 2.957500e+09
9.221269e+09 1.476914 1.397590e+09	3.721390e+08 2.998729e+09
9.208171e+09 1.471775 1.438839e+09	3.843069e+08 3.040116e+09
9.195072e+09 1.466656 1.480498e+09	3.972980e+08 3.081657e+09
9.181974e+09 1.461559 1.522558e+09	4.111716e+08 3.123347e+09
9.168876e+09 1.456483 1.565011e+09	4.259909e+08 3.165185e+09
9.155777e+09 1.451438 1.607847e+09	4.418224e+08 3.207166e+09
9.142679e+09 1.446418 1.651059e+09	4.587377e+08 3.249289e+09
9.129580e+09 1.441419 1.694637e+09	4.768146e+08 3.291549e+09
9.116482e+09 1.436441 1.738573e+09	4.961359e+08 3.333943e+09
9.103384e+09 1.431482 1.782859e+09	5.167900e+08 3.376468e+09
9.090285e+09 1.426544 1.827485e+09	5.388712e+08 3.419121e+09
9.077187e+09 1.421640 1.872444e+09	5.624768e+08 3.461898e+09
9.064088e+09 1.416755 1.917729e+09	5.877139e+08 3.504798e+09
9.050990e+09 1.411891 1.963330e+09	6.146958e+08 3.547817e+09
9.037892e+09 1.407045 2.009240e+09	6.435429e+08 3.590951e+09
9.024793e+09 1.402220 2.055450e+09	6.743828e+08 3.634197e+09
9.011695e+09 1.397417 2.101952e+09	7.073493e+08 3.677552e+09
8.998597e+09 1.392643 2.148741e+09	7.425820e+08 3.721014e+09
8.985498e+09 1.387888 2.195807e+09	7.802315e+08 3.764580e+09
8.972400e+09 1.383152 2.243144e+09	8.204562e+08 3.808247e+09
8.959301e+09 1.378435 2.290743e+09	8.626247e+08 3.852011e+09
8.946203e+09 1.373736 2.338597e+09	9.053034e+08 3.895870e+09
8.933105e+09 1.369062 2.386699e+09	9.487353e+08 3.939820e+09
8.920006e+09 1.364413 2.435043e+09	9.929439e+08 3.983861e+09
8.906908e+09 1.359782 2.483621e+09	1.037932e+09 4.027987e+09
8.893809e+09 1.355169 2.532426e+09	1.083697e+09 4.072197e+09
8.880711e+09 1.350574 2.581450e+09	1.130229e+09 4.116488e+09
8.867613e+09 1.345997 2.630688e+09	1.177517e+09 4.160856e+09
8.854514e+09 1.341445 2.680133e+09	1.225552e+09 4.205300e+09
8.841416e+09 1.336915 2.729778e+09	1.274320e+09 4.249817e+09
8.828317e+09 1.332403 2.779618e+09	1.323808e+09 4.294404e+09
8.815219e+09 1.327908 2.829645e+09	1.374000e+09 4.339058e+09
8.802121e+09 1.323430 2.879852e+09	1.424883e+09 4.383777e+09
8.789022e+09 1.318970 2.930234e+09	1.476441e+09 4.428557e+09
8.775924e+09 1.314534 2.980785e+09	1.528660e+09 4.473398e+09
8.762825e+09 1.310118 3.031499e+09	1.581525e+09 4.518295e+09
8.749727e+09 1.305720 3.082371e+09	1.635021e+09 4.563248e+09
8.736629e+09 1.301338 3.133393e+09	1.689132e+09 4.608253e+09
8.723530e+09 1.296973 3.184560e+09	1.743843e+09 4.653307e+09
8.710432e+09 1.292625 3.235866e+09	1.799137e+09 4.698407e+09
8.697333e+09 1.288299 3.287307e+09	1.855001e+09 4.743553e+09
8.684235e+09 1.283994 3.338877e+09	1.911420e+09 4.788742e+09
8.671137e+09 1.279704 3.390569e+09	1.968379e+09 4.833971e+09
8.658038e+09 1.275431 3.442380e+09	2.025861e+09 4.879238e+09
8.644940e+09 1.271174 3.494303e+09	2.083853e+09 4.924540e+09
8.631841e+09 1.266933 3.546334e+09	2.142338e+09 4.969875e+09
8.618743e+09 1.262712 3.598466e+09	2.201304e+09 5.015242e+09
8.605645e+09 1.258512 3.650697e+09	2.260736e+09 5.060637e+09
8.592546e+09 1.254328 3.703020e+09	2.320619e+09 5.106059e+09
8.579448e+09 1.250159 3.755431e+09	2.380940e+09 5.151506e+09
8.566350e+09 1.246006 3.807925e+09	2.441683e+09 5.196974e+09
8.553251e+09 1.241868 3.860496e+09	2.502836e+09 5.242463e+09
8.540153e+09 1.237747 3.913142e+09	2.564383e+09 5.287969e+09
8.527054e+09 1.233648 3.965857e+09	2.626314e+09 5.333492e+09
8.513956e+09 1.229565 4.018637e+09	2.688615e+09 5.379030e+09
8.500858e+09 1.225496 4.071477e+09	2.751271e+09 5.424579e+09
8.487759e+09 1.221442 4.124373e+09	2.814270e+09 5.470138e+09
8.474661e+09 1.217403 4.177321e+09	2.877600e+09 5.515705e+09
8.461562e+09 1.213378 4.230316e+09	2.941246e+09 5.561277e+09
8.448464e+09 1.209376 4.283356e+09	3.005199e+09 5.606854e+09
8.435366e+09 1.205390 4.336435e+09	3.069446e+09 5.652434e+09
8.422267e+09 1.201417 4.389551e+09	3.133975e+09 5.698014e+09
8.409169e+09 1.197459 4.442698e+09	3.198774e+09 5.743593e+09
8.396070e+09 1.193515 4.495873e+09	3.263830e+09 5.789168e+09
8.382972e+09 1.189585 4.549072e+09	3.329134e+09 5.843905e+09
8.369874e+09 1.185673 4.602292e+09	3.394674e+09 5.899055e+09
8.356775e+09 1.181779 4.655529e+09	3.460439e+09 5.954018e+09
8.343677e+09 1.177899 4.708780e+09	3.526419e+09 6.008791e+09
8.330578e+09 1.174033 4.762041e+09	3.592604e+09 6.063372e+09
8.317480e+09 1.170180 4.815309e+09	3.658981e+09 6.117759e+09
8.304382e+09 1.166341 4.868580e+09	3.725542e+09 6.171950e+09
8.291283e+09 1.162516 4.921850e+09	3.792276e+09 6.225944e+09
8.278185e+09 1.158712 4.975118e+09	3.859175e+09 6.279740e+09
8.265086e+09 1.154921 5.028380e+09	3.926228e+09 6.333338e+09
8.251988e+09 1.151143 5.081633e+09	3.993427e+09 6.386734e+09
8.238890e+09 1.147378 5.134872e+09	4.060761e+09 6.439929e+09
8.225791e+09 1.143627 5.188097e+09	4.128222e+09 6.492920e+09
8.212693e+09 1.139888 5.241302e+09	4.195800e+09 6.545708e+09
8.199594e+09 1.136166 5.294487e+09	4.263488e+09 6.598290e+09
8.186496e+09 1.132460 5.347647e+09	4.331278e+09 6.650667e+09
8.173398e+09 1.128768 5.400781e+09	4.399143e+09 6.702838e+09
8.160299e+09 1.125088 5.453885e+09	4.467047e+09 6.754803e+09
8.147201e+09 1.121420 5.506957e+09	4.534987e+09 6.806559e+09
8.134103e+09 1.117766 5.559994e+09	4.602960e+09 6.858107e+09
8.121004e+09 1.114123 5.612993e+09	4.670959e+09 6.909445e+09
8.107906e+09 1.110499 5.665953e+09	4.738980e+09 6.960575e+09
8.094807e+09 1.106888 5.718870e+09	4.807016e+09 7.011495e+09
8.081709e+09 1.103289 5.771742e+09	4.875062e+09 7.062206e+09
8.068611e+09 1.099703 5.824567e+09	4.943113e+09 7.112706e+09
8.055512e+09 1.096129 5.877343e+09	5.011162e+09 7.162996e+09
8.042414e+09 1.092567 5.930066e+09	5.079205e+09 7.213075e+09
8.029315e+09 1.089017 5.982736e+09	5.147235e+09 7.262943e+09
8.016217e+09 1.085485 6.035349e+09	5.215250e+09 7.312600e+09
8.003119e+09 1.081965 6.087904e+09	5.283243e+09 7.362048e+09
7.990020e+09 1.078456 6.140399e+09	5.351211e+09 7.411284e+09
7.976922e+09 1.074960 6.192831e+09	5.419147e+09 7.460309e+09
7.963823e+09 1.071475 6.245199e+09	5.487048e+09 7.509124e+09
7.950725e+09 1.068002 6.297499e+09	5.554908e+09 7.557728e+09
7.937627e+09 1.064542 6.349732e+09	5.622723e+09 7.606121e+09
7.924528e+09 1.061097 6.401894e+09	5.690491e+09 7.654305e+09
7.911430e+09 1.057664 6.453984e+09	5.758206e+09 7.702279e+09
7.898331e+09 1.054242 6.506000e+09	5.825865e+09 7.750043e+09
7.885233e+09 1.050831 6.557940e+09	5.893463e+09 7.797598e+09
7.872135e+09 1.047432 6.609803e+09	5.960997e+09 7.844944e+09
7.859036e+09 1.044044 6.661586e+09	6.028462e+09 7.892081e+09
7.845938e+09 1.040669 6.713289e+09	6.095856e+09 7.939009e+09
7.832839e+09 1.037308 6.764909e+09	6.163175e+09 7.985730e+09
7.819741e+09 1.033958 6.816445e+09	6.230416e+09 8.032244e+09
7.806643e+09 1.030619 6.867896e+09	6.297575e+09 8.078552e+09
7.793544e+09 1.027292 6.919259e+09	6.364650e+09 8.124653e+09
7.780446e+09 1.023975 6.970534e+09	6.431636e+09 8.170548e+09
7.767348e+09 1.020668 7.021718e+09	6.498531e+09 8.216237e+09
7.754249e+09 1.017374 7.072811e+09	6.565332e+09 8.261722e+09
7.741151e+09 1.014094 7.123811e+09	6.632036e+09 8.307003e+09
7.728052e+09 1.010824 7.174717e+09	6.698641e+09 8.352080e+09
7.714954e+09 1.007565 7.225528e+09	6.765144e+09 8.396955e+09
7.701856e+09 1.004316 7.276241e+09	6.831543e+09 8.441628e+09
7.688757e+09 1.001078 7.326857e+09	6.897833e+09 8.486099e+09
7.675659e+09 0.997850 7.377372e+09	6.964014e+09 8.530369e+09
7.662560e+09 0.994634 7.427788e+09	7.030082e+09 8.574439e+09
7.649462e+09 0.991431 7.478101e+09	7.096037e+09 8.618310e+09
7.636364e+09 0.988238 7.528312e+09	7.161875e+09 8.661983e+09
7.623265e+09 0.985055 7.578419e+09	7.227594e+09 8.705457e+09
7.610167e+09 0.981883 7.628421e+09	7.293192e+09 8.748735e+09
7.597068e+09 0.978720 7.678316e+09	7.358667e+09 8.791816e+09
7.583970e+09 0.975568 7.728104e+09	7.424018e+09 8.834701e+09
7.570872e+09 0.972426 7.777784e+09	7.489241e+09 8.877391e+09
7.557773e+09 0.969296 7.827355e+09	7.554336e+09 8.919888e+09
7.544675e+09 0.966177 7.876816e+09	7.619300e+09 8.962192e+09
7.531576e+09 0.963068 7.926166e+09	7.684133e+09 9.004303e+09
7.518478e+09 0.959969 7.975403e+09	7.748832e+09 9.046223e+09
7.505380e+09 0.956879 8.024528e+09	7.813396e+09 9.087952e+09
7.492281e+09 0.953799 8.073539e+09	7.877822e+09 9.129492e+09
7.479183e+09 0.950729 8.122436e+09	7.942110e+09 9.170843e+09
7.466084e+09 0.947670 8.171216e+09	8.006259e+09 9.212005e+09
7.452986e+09 0.944622 8.219881e+09	8.070266e+09 9.252981e+09
7.439888e+09 0.941584 8.268429e+09	8.134131e+09 9.293770e+09
7.426789e+09 0.938554 8.316860e+09	8.197852e+09 9.334375e+09
7.413691e+09 0.935535 8.365171e+09	8.261428e+09 9.374794e+09
7.400592e+09 0.932524 8.413364e+09	8.324858e+09 9.415031e+09
7.387494e+09 0.929523 8.461436e+09	8.388140e+09 9.455084e+09
7.374396e+09 0.926532 8.509389e+09	8.451274e+09 9.494956e+09
7.361297e+09 0.923552 8.557220e+09	8.514258e+09 9.534647e+09
7.348199e+09 0.920582 8.604929e+09	8.577092e+09 9.574158e+09
7.335101e+09 0.917620 8.652516e+09	8.639774e+09 9.613490e+09
7.322002e+09 0.914668 8.699980e+09	8.699980e+09 9.652645e+09
7.308904e+09 0.911724 8.747320e+09	8.747320e+09 9.691622e+09
7.295805e+09 0.908790 8.794536e+09	8.794536e+09 9.730423e+09
7.282707e+09 0.905864 8.841628e+09	8.841628e+09 9.769048e+09
7.269609e+09 0.902950 8.888594e+09	8.888594e+09 9.807500e+09
7.256510e+09 0.900044 8.935435e+09	8.935435e+09 9.845778e+09
7.243412e+09 0.897147 8.982150e+09	8.982150e+09 9.883884e+09
7.230313e+09 0.894260 9.028738e+09	9.028738e+09 9.921818e+09
7.217215e+09 0.891381 9.075199e+09	9.075199e+09 9.959582e+09
7.204117e+09 0.888510 9.121532e+09	9.121532e+09 9.997176e+09
7.191018e+09 0.885649 9.167738e+09	9.167738e+09 1.003460e+10
7.177920e+09 0.882796 9.213815e+09	9.213815e+09 1.007186e+10
7.164821e+09 0.879953 9.259764e+09	9.259764e+09 1.010895e+10
7.151723e+09 0.877119 9.305583e+09	9.305583e+09 1.014588e+10
7.138625e+09 0.874294 9.351274e+09	9.351274e+09 1.018264e+10
7.125526e+09 0.871476 9.396834e+09	9.396834e+09 1.021923e+10
7.112428e+09 0.868668 9.442265e+09	9.442265e+09 1.025567e+10
7.099329e+09 0.865867 9.487565e+09	9.487565e+09 1.029194e+10
7.086231e+09 0.863076 9.532734e+09	9.532734e+09 1.032805e+10
7.073133e+09 0.860293 9.577772e+09	9.577772e+09 1.036400e+10
7.060034e+09 0.857519 9.622679e+09	9.622679e+09 1.039979e+10
7.046936e+09 0.854753 9.667455e+09	9.667455e+09 1.043542e+10
7.033837e+09 0.851996 9.712099e+09	9.712099e+09 1.047090e+10
7.020739e+09 0.849246 9.756611e+09	9.756611e+09 1.050622e+10
7.007641e+09 0.846505 9.800990e+09	9.800990e+09 1.054138e+10
6.994542e+09 0.843772 9.845238e+09	9.845238e+09 1.057639e+10
6.981444e+09 0.841047 9.889352e+09	9.889352e+09 1.061124e+10
6.968345e+09 0.838331 9.933334e+09	9.933334e+09 1.064595e+10
6.955247e+09 0.835623 9.977183e+09	9.977183e+09 1.068050e+10
6.942149e+09 0.832923 1.002090e+10	1.002090e+10 1.071490e+10
6.929050e+09 0.830230 1.006448e+10	1.006448e+10 1.074915e+10
6.915952e+09 0.827546 1.010793e+10	1.010793e+10 1.078325e+10
6.902854e+09 0.824870 1.015125e+10	1.015125e+10 1.081720e+10
6.889755e+09 0.822201 1.019443e+10	1.019443e+10 1.085100e+10
6.876657e+09 0.819540 1.023748e+10	1.023748e+10 1.088466e+10
6.863558e+09 0.816888 1.028039e+10	1.028039e+10 1.091818e+10
6.850460e+09 0.814243 1.032317e+10	1.032317e+10 1.095154e+10
6.837362e+09 0.811606 1.036582e+10	1.036582e+10 1.098477e+10
6.824263e+09 0.808976 1.040833e+10	1.040833e+10 1.101785e+10
6.811165e+09 0.806354 1.045071e+10	1.045071e+10 1.105079e+10
6.798066e+09 0.803740 1.049295e+10	1.049295e+10 1.108359e+10
6.784968e+09 0.801133 1.053506e+10	1.053506e+10 1.111625e+10
6.771870e+09 0.798534 1.057704e+10	1.057704e+10 1.114877e+10
6.758771e+09 0.795942 1.061888e+10	1.061888e+10 1.118115e+10
6.745673e+09 0.793358 1.066058e+10	1.066058e+10 1.121340e+10
6.732574e+09 0.790782 1.070216e+10	1.070216e+10 1.124550e+10
6.719476e+09 0.788212 1.074360e+10	1.074360e+10 1.127747e+10
6.706378e+09 0.785650 1.078490e+10	1.078490e+10 1.130931e+10
6.693279e+09 0.783096 1.082607e+10	1.082607e+10 1.135619e+10
6.680181e+09 0.780548 1.086710e+10	1.086710e+10 1.140706e+10
6.667082e+09 0.778008 1.090801e+10	1.090801e+10 1.145776e+10
6.653984e+09 0.775475 1.094877e+10	1.094877e+10 1.150831e+10
6.640886e+09 0.772950 1.098940e+10	1.098940e+10 1.155871e+10
6.627787e+09 0.770431 1.102990e+10	1.102990e+10 1.160894e+10
6.614689e+09 0.767919 1.107027e+10	1.107027e+10 1.165902e+10
6.601590e+09 0.765415 1.111050e+10	1.111050e+10 1.170894e+10
6.588492e+09 0.762918 1.115060e+10	1.115060e+10 1.175871e+10
6.575394e+09 0.760428 1.119056e+10	1.119056e+10 1.180832e+10
6.562295e+09 0.757944 1.123039e+10	1.123039e+10 1.185778e+10
6.549197e+09 0.755468 1.127008e+10	1.127008e+10 1.190708e+10
6.536098e+09 0.752998 1.130965e+10	1.130965e+10 1.195622e+10
6.523000e+09 0.750535 1.134907e+10	1.134907e+10 1.200521e+10
6.509902e+09 0.748079 1.138837e+10	1.138837e+10 1.205404e+10
6.496803e+09 0.745630 1.142753e+10	1.142753e+10 1.210272e+10
6.483705e+09 0.743188 1.146656e+10	1.146656e+10 1.215125e+10
6.470607e+09 0.740753 1.150546e+10	1.150546e+10 1.219962e+10
6.457508e+09 0.738324 1.154422e+10	1.154422e+10 1.224784e+10
6.444410e+09 0.735902 1.158285e+10	1.158285e+10 1.229590e+10
6.431311e+09 0.733486 1.162135e+10	1.162135e+10 1.234381e+10
6.418213e+09 0.731076 1.165972e+10	1.165972e+10 1.239157e+10
6.405115e+09 0.728674 1.169795e+10	1.169795e+10 1.243917e+10
6.392016e+09 0.726278 1.173605e+10	1.173605e+10 1.248662e+10
6.378918e+09 0.723889 1.177402e+10	1.177402e+10 1.253392e+10
6.365819e+09 0.721506 1.181186e+10	1.181186e+10 1.258107e+10
6.352721e+09 0.719130 1.184957e+10	1.184957e+10 1.262807e+10
6.339623e+09 0.716760 1.188714e+10	1.188714e+10 1.267492e+10
6.326524e+09 0.714396 1.192458e+10	1.192458e+10 1.272161e+10
6.313426e+09 0.712039 1.196190e+10	1.196190e+10 1.276816e+10
6.300327e+09 0.709688 1.199908e+10	1.199908e+10 1.281455e+10
6.287229e+09 0.707343 1.203613e+10	1.203613e+10 1.286080e+10
6.274131e+09 0.705005 1.207305e+10	1.207305e+10 1.290689e+10
6.261032e+09 0.702673 1.210985e+10	1.210985e+10 1.295284e+10
6.247934e+09 0.700347 1.214651e+10	1.214651e+10 1.299864e+10
6.234835e+09 0.698028 1.218304e+10	1.218304e+10 1.304422e+10
6.221737e+09 0.695714 1.221944e+10	1.221944e+10 1.308957e+10
6.208639e+09 0.693406 1.225571e+10	1.225571e+10 1.313471e+10
6.195540e+09 0.691104 1.229186e+10	1.229186e+10 1.317963e+10
6.182442e+09 0.688809 1.232787e+10	1.232787e+10 1.322434e+10
6.169343e+09 0.686519 1.236376e+10	1.236376e+10 1.326884e+10
6.156245e+09 0.684236 1.239952e+10	1.239952e+10 1.331314e+10
6.143147e+09 0.681960 1.243515e+10	1.243515e+10 1.335722e+10
6.130048e+09 0.679689 1.247065e+10	1.247065e+10 1.340110e+10
6.116950e+09 0.677423 1.250602e+10	1.250602e+10 1.344478e+10
6.103851e+09 0.675163 1.254127e+10	1.254127e+10 1.348825e+10
6.090753e+09 0.672909 1.257639e+10	1.257639e+10 1.353152e+10
6.077655e+09 0.670661 1.261138e+10	1.261138e+10 1.357459e+10
6.064556e+09 0.668419 1.264625e+10	1.264625e+10 1.361746e+10
6.051458e+09 0.666183 1.268099e+10	1.268099e+10 1.366013e+10
6.038360e+09 0.663953 1.271560e+10	1.271560e+10 1.370260e+10
6.025261e+09 0.661729 1.275009e+10	1.275009e+10 1.374487e+10
6.012163e+09 0.659510 1.278445e+10	1.278445e+10 1.378696e+10
5.999064e+09 0.657296 1.281869e+10	1.281869e+10 1.382884e+10
5.985966e+09 0.655088 1.285280e+10	1.285280e+10 1.387053e+10
5.972868e+09 0.652885 1.288679e+10	1.288679e+10 1.391203e+10
5.959769e+09 0.650689 1.292065e+10	1.292065e+10 1.395334e+10
5.946671e+09 0.648498 1.295439e+10	1.295186e+10 1.399446e+10
5.933572e+09 0.646313 1.298801e+10	1.297709e+10 1.403539e+10
5.920474e+09 0.644134 1.302150e+10	1.300223e+10 1.407613e+10
5.907376e+09 0.641961 1.305487e+10	1.302728e+10 1.411669e+10
5.894277e+09 0.639792 1.308811e+10	1.305223e+10 1.415705e+10
5.881179e+09 0.637628 1.312123e+10	1.307710e+10 1.419723e+10
5.868080e+09 0.635469 1.315423e+10	1.310188e+10 1.423723e+10
5.854982e+09 0.633317 1.318711e+10	1.312656e+10 1.427704e+10
5.841884e+09 0.631169 1.321986e+10	1.315116e+10 1.431667e+10
5.828785e+09 0.629028 1.325250e+10	1.317568e+10 1.435612e+10
5.815687e+09 0.626892 1.328501e+10	1.320010e+10 1.439539e+10
5.802588e+09 0.624762 1.331740e+10	1.322444e+10 1.443448e+10
5.789490e+09 0.622637 1.334967e+10	1.324870e+10 1.447339e+10
5.776392e+09 0.620516 1.338182e+10	1.327286e+10 1.451212e+10
5.763293e+09 0.618400 1.341385e+10	1.329695e+10 1.455067e+10
5.750195e+09 0.616289 1.344576e+10	1.332095e+10 1.458905e+10
5.737096e+09 0.614184 1.347755e+10	1.334486e+10 1.462725e+10
5.723998e+09 0.612084 1.350922e+10	1.336869e+10 1.466528e+10
5.710900e+09 0.609990 1.354077e+10	1.339244e+10 1.470314e+10
5.697801e+09 0.607901 1.357221e+10	1.341611e+10 1.474082e+10
5.684703e+09 0.605818 1.360352e+10	1.343970e+10 1.477833e+10
5.671604e+09 0.603740 1.363472e+10	1.346320e+10 1.481567e+10
5.658506e+09 0.601665 1.366580e+10	1.348663e+10 1.485284e+10
5.645408e+09 0.599595 1.369676e+10	1.350997e+10 1.488984e+10
5.632309e+09 0.597531 1.372761e+10	1.353324e+10 1.492667e+10
5.619211e+09 0.595471 1.375834e+10	1.355642e+10 1.496333e+10
5.606113e+09 0.593417 1.378895e+10	1.357953e+10 1.499983e+10
5.593014e+09 0.591369 1.381945e+10	1.360256e+10 1.503616e+10
5.579916e+09 0.589325 1.384983e+10	1.362551e+10 1.507233e+10
5.566817e+09 0.587287 1.388009e+10	1.364839e+10 1.510834e+10
5.553719e+09 0.585254 1.391024e+10	1.367118e+10 1.514418e+10
5.540621e+09 0.583223 1.394028e+10	1.369391e+10 1.517986e+10
5.527522e+09 0.581198 1.397020e+10	1.371655e+10 1.521537e+10
5.514424e+09 0.579177 1.400001e+10	1.373913e+10 1.525073e+10
5.501325e+09 0.577162 1.402970e+10	1.376162e+10 1.528593e+10
5.488227e+09 0.575152 1.405928e+10	1.378405e+10 1.532097e+10
5.475129e+09 0.573147 1.408875e+10	1.380640e+10 1.535585e+10
5.462030e+09 0.571147 1.411810e+10	1.382867e+10 1.539057e+10
5.448932e+09 0.569152 1.414734e+10	1.385088e+10 1.542513e+10
5.435833e+09 0.567162 1.417647e+10	1.387301e+10 1.545955e+10
5.422735e+09 0.565175 1.420549e+10	1.389507e+10 1.549380e+10
5.409637e+09 0.563192 1.423439e+10	1.391706e+10 1.552790e+10
5.396538e+09 0.561214 1.426319e+10	1.393897e+10 1.556185e+10
5.383440e+09 0.559241 1.429187e+10	1.396082e+10 1.559565e+10
5.370341e+09 0.557273 1.432044e+10	1.398260e+10 1.562929e+10
5.357243e+09 0.555310 1.434891e+10	1.400431e+10 1.566279e+10
5.344145e+09 0.553352 1.437726e+10	1.402595e+10 1.569613e+10
5.331046e+09 0.551399 1.440550e+10	1.404752e+10 1.572933e+10
5.317948e+09 0.549450 1.443364e+10	1.406902e+10 1.576237e+10
5.304849e+09 0.547505 1.446166e+10	1.409045e+10 1.579527e+10
5.291751e+09 0.545563 1.448958e+10	1.411182e+10 1.582802e+10
5.278653e+09 0.543626 1.451739e+10	1.413312e+10 1.586063e+10
5.265554e+09 0.541694 1.454509e+10	1.415435e+10 1.589309e+10
5.252456e+09 0.539766 1.457268e+10	1.417552e+10 1.592540e+10
5.239358e+09 0.537844 1.460017e+10	1.419662e+10 1.595757e+10
5.226259e+09 0.535926 1.462754e+10	1.421766e+10 1.598960e+10
5.213161e+09 0.534013 1.465482e+10	1.423863e+10 1.602149e+10
5.200062e+09 0.532105 1.468198e+10	1.425954e+10 1.605323e+10
5.186964e+09 0.530200 1.470904e+10	1.428038e+10 1.608484e+10
5.173866e+09 0.528297 1.473600e+10	1.430116e+10 1.611630e+10
5.160767e+09 0.526400 1.476285e+10	1.432188e+10 1.614762e+10
5.147669e+09 0.524507 1.478959e+10	1.434253e+10 1.617881e+10
5.134570e+09 0.522618 1.481623e+10	1.436313e+10 1.620986e+10
5.121472e+09 0.520735 1.484277e+10	1.438366e+10 1.624077e+10
5.108374e+09 0.518856 1.486920e+10	1.440412e+10 1.627154e+10
5.095275e+09 0.516981 1.489553e+10	1.442453e+10 1.630218e+10
5.082177e+09 0.515112 1.492175e+10	1.444488e+10 1.633268e+10
5.069078e+09 0.513246 1.494787e+10	1.446516e+10 1.636305e+10
5.055980e+09 0.511382 1.497389e+10	1.448539e+10 1.639328e+10
5.042882e+09 0.509522 1.499981e+10	1.450555e+10 1.642339e+10
5.029783e+09 0.507667 1.502563e+10	1.452566e+10 1.645336e+10
5.016685e+09 0.505816 1.505134e+10	1.454571e+10 1.648319e+10
5.003586e+09 0.503970 1.507695e+10	1.456570e+10 1.651290e+10
4.990488e+09 0.502129 1.510246e+10	1.458563e+10 1.654248e+10
4.977390e+09 0.500291 1.512787e+10	1.460550e+10 1.657193e+10
4.964291e+09 0.498459 1.515318e+10	1.462531e+10 1.660110e+10
4.951193e+09 0.496631 1.517840e+10	1.464507e+10 1.663000e+10
4.938094e+09 0.494804 1.520351e+10	1.466477e+10 1.665864e+10
4.924996e+09 0.492981 1.522852e+10	1.468442e+10 1.668703e+10
4.911898e+09 0.491162 1.525343e+10	1.470401e+10 1.671517e+10
4.898799e+09 0.489348 1.527824e+10	1.472354e+10 1.674306e+10
4.885701e+09 0.487538 1.530296e+10	1.474302e+10 1.677070e+10
4.872602e+09 0.485732 1.532758e+10	1.476244e+10 1.679811e+10
4.859504e+09 0.483931 1.535210e+10	1.478181e+10 1.682528e+10
4.846406e+09 0.482134 1.537652e+10	1.480112e+10 1.685221e+10
4.833307e+09 0.480342 1.540085e+10	1.482038e+10 1.687891e+10
4.820209e+09 0.478552 1.542508e+10	1.483958e+10 1.690539e+10
4.807111e+09 0.476764 1.544921e+10	1.485874e+10 1.693164e+10
4.794012e+09 0.474980 1.547325e+10	1.487783e+10 1.695766e+10
4.780914e+09 0.473201 1.549719e+10	1.489688e+10 1.698346e+10
4.767815e+09 0.471426 1.552103e+10	1.491587e+10 1.700904e+10
4.754717e+09 0.469655 1.554478e+10	1.493482e+10 1.703441e+10
4.741619e+09 0.467888 1.556844e+10	1.495371e+10 1.705956e+10
4.728520e+09 0.466126 1.559200e+10	1.497255e+10 1.708450e+10
4.715422e+09 0.464368 1.561547e+10	1.499133e+10 1.710923e+10
4.702323e+09 0.462614 1.563884e+10	1.501007e+10 1.713375e+10
4.689225e+09 0.460861 1.566212e+10	1.502876e+10 1.715806e+10
4.676127e+09 0.459111 1.568531e+10	1.504739e+10 1.718217e+10
4.663028e+09 0.457365 1.570841e+10	1.506598e+10 1.720608e+10
4.649930e+09 0.455624 1.573141e+10	1.508451e+10 1.722978e+10
4.636831e+09 0.453886 1.575432e+10	1.510300e+10 1.725329e+10
4.623733e+09 0.452153 1.577714e+10	1.512144e+10 1.727660e+10
4.610635e+09 0.450424 1.579986e+10	1.513983e+10 1.729972e+10
4.597536e+09 0.448699 1.582250e+10	1.515817e+10 1.732264e+10
4.584438e+09 0.446978 1.584504e+10	1.517647e+10 1.734537e+10
4.571339e+09 0.445261 1.586750e+10	1.519471e+10 1.736792e+10
4.558241e+09 0.443544 1.588986e+10	1.521291e+10 1.739027e+10
4.545143e+09 0.441830 1.591213e+10	1.523106e+10 1.741244e+10
4.532044e+09 0.440121 1.593432e+10	1.524916e+10 1.743443e+10
4.518946e+09 0.438416 1.595641e+10	1.526722e+10 1.745623e+10
4.505847e+09 0.436715 1.597842e+10	1.528523e+10 1.747785e+10
4.492749e+09 0.435018 1.600034e+10	1.530320e+10 1.749929e+10
4.479651e+09 0.433325 1.602216e+10	1.532112e+10 1.752056e+10
4.466552e+09 0.431636 1.604390e+10	1.533899e+10 1.754165e+10
4.453454e+09 0.429951 1.606556e+10	1.535682e+10 1.756257e+10
4.440355e+09 0.428268 1.608712e+10	1.537460e+10 1.758331e+10
4.427257e+09 0.426586 1.610860e+10	1.539234e+10 1.760388e+10
4.414159e+09 0.424908 1.612999e+10	1.541004e+10 1.762429e+10
4.401060e+09 0.423234 1.615130e+10	1.542769e+10 1.764452e+10
4.387962e+09 0.421564 1.617252e+10	1.544530e+10 1.766459e+10
4.374864e+09 0.419898 1.619365e+10	1.546286e+10 1.768449e+10
4.361765e+09 0.418235 1.621470e+10	1.548038e+10 1.770423e+10
4.348667e+09 0.416577 1.623566e+10	1.549786e+10 1.772381e+10
4.335568e+09 0.414922 1.625654e+10	1.551529e+10 1.774323e+10
4.322470e+09 0.413272 1.627733e+10	1.553268e+10 1.776249e+10
4.309372e+09 0.411622 1.629804e+10	1.555003e+10 1.778159e+10
4.296273e+09 0.409974 1.631866e+10	1.556734e+10 1.780053e+10
4.283175e+09 0.408330 1.633920e+10	1.558460e+10 1.781932e+10
4.270076e+09 0.406690 1.635966e+10	1.560183e+10 1.783796e+10
4.256978e+09 0.405054 1.638003e+10	1.561901e+10 1.785644e+10
4.243880e+09 0.403421 1.640032e+10	1.563615e+10 1.787477e+10
4.230781e+09 0.401793 1.642053e+10	1.565325e+10 1.789296e+10
4.217683e+09 0.400168 1.644066e+10	1.567031e+10 1.791099e+10
4.204584e+09 0.398547 1.646070e+10	1.568733e+10 1.792888e+10
4.191486e+09 0.396929 1.648066e+10	1.570431e+10 1.794662e+10
4.178388e+09 0.395312 1.650054e+10	1.572125e+10 1.796422e+10
4.165289e+09 0.393697 1.652034e+10	1.573816e+10 1.798168e+10
4.152191e+09 0.392086 1.654006e+10	1.575502e+10 1.799899e+10
4.139092e+09 0.390478 1.655970e+10	1.577184e+10 1.801616e+10
4.125994e+09 0.388874 1.657926e+10	1.578862e+10 1.803319e+10
4.112896e+09 0.387274 1.659873e+10	1.580537e+10 1.805009e+10
4.099797e+09 0.385678 1.661813e+10	1.582207e+10 1.806684e+10
4.086699e+09 0.384085 1.663745e+10	1.583874e+10 1.808347e+10
4.073600e+09 0.382496 1.665669e+10	1.585537e+10 1.809995e+10
4.060502e+09 0.380911 1.667585e+10	1.587197e+10 1.811631e+10
4.047404e+09 0.379325 1.669494e+10	1.588852e+10 1.813253e+10
4.034305e+09 0.377742 1.671394e+10	1.590504e+10 1.814862e+10
4.021207e+09 0.376162 1.673287e+10	1.592152e+10 1.816458e+10
4.008108e+09 0.374586 1.675172e+10	1.593797e+10 1.818041e+10
3.995010e+09 0.373014 1.677049e+10	1.595438e+10 1.819611e+10
3.981912e+09 0.371445 1.678918e+10	1.597075e+10 1.821169e+10
3.968813e+09 0.369879 1.680780e+10	1.598708e+10 1.822714e+10
3.955715e+09 0.368318 1.682634e+10	1.600338e+10 1.824246e+10
3.942617e+09 0.366759 1.684481e+10	1.601965e+10 1.825767e+10
3.929518e+09 0.365205 1.686320e+10	1.603587e+10 1.827275e+10
3.916420e+09 0.363650 1.688151e+10	1.605207e+10 1.828770e+10
3.903321e+09 0.362098 1.689975e+10	1.606823e+10 1.830254e+10
3.890223e+09 0.360548 1.691791e+10	1.608435e+10 1.831726e+10
3.877125e+09 0.359002 1.693600e+10	1.610044e+10 1.833186e+10
3.864026e+09 0.357460 1.695401e+10	1.611649e+10 1.834634e+10
3.850928e+09 0.355921 1.697195e+10	1.613251e+10 1.836071e+10
3.837829e+09 0.354386 1.698982e+10	1.614850e+10 1.837496e+10
3.824731e+09 0.352854 1.700761e+10	1.616445e+10 1.838910e+10
3.811633e+09 0.351326 1.702533e+10	1.618037e+10 1.840312e+10
3.798534e+09 0.349801 1.704297e+10	1.619625e+10 1.841703e+10
3.785436e+09 0.348277 1.706055e+10	1.621211e+10 1.843083e+10
3.772337e+09 0.346753 1.707804e+10	1.622793e+10 1.844452e+10
3.759239e+09 0.345233 1.709547e+10	1.624371e+10 1.845809e+10
3.746141e+09 0.343717 1.711283e+10	1.625947e+10 1.847156e+10
3.733042e+09 0.342204 1.713011e+10	1.627519e+10 1.848492e+10
3.719944e+09 0.340694 1.714732e+10	1.629088e+10 1.849818e+10
3.706845e+09 0.339187 1.716446e+10	1.630653e+10 1.851133e+10
3.693747e+09 0.337684 1.718153e+10	1.632216e+10 1.852437e+10
3.680649e+09 0.336185 1.719853e+10	1.633775e+10 1.853731e+10
3.667550e+09 0.334688 1.721546e+10	1.635331e+10 1.855014e+10
3.654452e+09 0.333194 1.723232e+10	1.636885e+10 1.856288e+10
3.641353e+09 0.331699 1.724910e+10	1.638434e+10 1.857551e+10
3.628255e+09 0.330207 1.726582e+10	1.639981e+10 1.858804e+10
3.615157e+09 0.328719 1.728247e+10	1.641525e+10 1.860047e+10
3.602058e+09 0.327234 1.729905e+10	1.643066e+10 1.861280e+10
3.588960e+09 0.325752 1.731556e+10	1.644604e+10 1.862503e+10
3.575861e+09 0.324274 1.733200e+10	1.646138e+10 1.863717e+10
3.562763e+09 0.322798 1.734838e+10	1.647670e+10 1.864920e+10
3.549665e+09 0.321326 1.736468e+10	1.649199e+10 1.866114e+10
3.536566e+09 0.319858 1.738092e+10	1.650725e+10 1.867299e+10
3.523468e+09 0.318392 1.739709e+10	1.652247e+10 1.868474e+10
3.510370e+09 0.316925 1.741319e+10	1.653767e+10 1.869640e+10
3.497271e+09 0.315461 1.742923e+10	1.655284e+10 1.870797e+10
3.484173e+09 0.314000 1.744519e+10	1.656798e+10 1.871944e+10
3.471074e+09 0.312542 1.746110e+10	1.658310e+10 1.873082e+10
3.457976e+09 0.311087 1.747693e+10	1.659818e+10 1.874211e+10
3.444878e+09 0.309635 1.749270e+10	1.661323e+10 1.875331e+10
3.431779e+09 0.308187 1.750840e+10	1.662826e+10 1.876443e+10
3.418681e+09 0.306742 1.752404e+10	1.664326e+10 1.877545e+10
3.405582e+09 0.305300 1.753961e+10	1.665823e+10 1.878639e+10
3.392484e+09 0.303861 1.755512e+10	1.667317e+10 1.879724e+10
3.379386e+09 0.302423 1.757056e+10	1.668809e+10 1.880800e+10
3.366287e+09 0.300984 1.758594e+10	1.670298e+10 1.881868e+10
3.353189e+09 0.299549 1.760125e+10	1.671784e+10 1.882927e+10
3.340090e+09 0.298118 1.761650e+10	1.673267e+10 1.883978e+10
3.326992e+09 0.296689 1.763169e+10	1.674748e+10 1.885020e+10
3.313894e+09 0.295263 1.764681e+10	1.676226e+10 1.886054e+10
3.300795e+09 0.293841 1.766186e+10	1.677701e+10 1.887080e+10
3.287697e+09 0.292422 1.767686e+10	1.679174e+10 1.888098e+10
3.274598e+09 0.291005 1.769179e+10	1.680644e+10 1.889107e+10
3.261500e+09 0.289592 1.770666e+10	1.682112e+10 1.890109e+10
3.248402e+09 0.288182 1.772147e+10	1.683577e+10 1.891103e+10
3.235303e+09 0.286769 1.773621e+10	1.685039e+10 1.892089e+10
3.222205e+09 0.285360 1.775089e+10	1.686499e+10 1.893067e+10
3.209106e+09 0.283953 1.776551e+10	1.687956e+10 1.894037e+10
3.196008e+09 0.282550 1.778007e+10	1.689410e+10 1.894999e+10
3.182910e+09 0.281149 1.779457e+10	1.690863e+10 1.895954e+10
3.169811e+09 0.279752 1.780900e+10	1.692312e+10 1.896901e+10
3.156713e+09 0.278358 1.782338e+10	1.693759e+10 1.897841e+10
3.143615e+09 0.276966 1.783769e+10	1.695204e+10 1.898773e+10
3.130516e+09 0.275578 1.785195e+10	1.696646e+10 1.899698e+10
3.117418e+09 0.274193 1.786614e+10	1.698086e+10 1.900616e+10
3.104319e+09 0.272808 1.788028e+10	1.699523e+10 1.901526e+10
3.091221e+09 0.271423 1.789435e+10	1.700958e+10 1.902429e+10
3.078123e+09 0.270040 1.790837e+10	1.702391e+10 1.903325e+10
3.065024e+09 0.268661 1.792232e+10	1.703821e+10 1.904213e+10
3.051926e+09 0.267285 1.793622e+10	1.705249e+10 1.905095e+10
3.038827e+09 0.265912 1.795006e+10	1.706674e+10 1.905969e+10
3.025729e+09 0.264542 1.796384e+10	1.708097e+10 1.906837e+10
3.012631e+09 0.263175 1.797756e+10	1.709518e+10 1.907698e+10
2.999532e+09 0.261810 1.799122e+10	1.710936e+10 1.908552e+10
2.986434e+09 0.260449 1.800482e+10	1.712352e+10 1.909399e+10
2.973335e+09 0.259091 1.801837e+10	1.713766e+10 1.910240e+10
2.960237e+09 0.257730 1.803186e+10	1.715178e+10 1.911073e+10
2.947139e+09 0.256371 1.804529e+10	1.716587e+10 1.911900e+10
2.934040e+09 0.255016 1.805867e+10	1.717994e+10 1.912721e+10
2.920942e+09 0.253663 1.807199e+10	1.719399e+10 1.913535e+10
2.907843e+09 0.252313 1.808525e+10	1.720801e+10 1.914342e+10
2.894745e+09 0.250966 1.809845e+10	1.722202e+10 1.915144e+10
2.881647e+09 0.249622 1.811160e+10	1.723600e+10 1.915938e+10
2.868548e+09 0.248281 1.812470e+10	1.724996e+10 1.916727e+10
2.855450e+09 0.246943 1.813774e+10	1.726390e+10 1.917509e+10
2.842351e+09 0.245608 1.815072e+10	1.727781e+10 1.918285e+10
2.829253e+09 0.244274 1.816365e+10	1.729171e+10 1.919055e+10
2.816155e+09 0.242938 1.817652e+10	1.730558e+10 1.919818e+10
2.803056e+09 0.241605 1.818933e+10	1.731944e+10 1.920576e+10
2.789958e+09 0.240275 1.820210e+10	1.733327e+10 1.921327e+10
2.776859e+09 0.238948 1.821480e+10	1.734708e+10 1.922073e+10
2.763761e+09 0.237624 1.822746e+10	1.736087e+10 1.922812e+10
2.750663e+09 0.236302 1.824006e+10	1.737464e+10 1.923546e+10
2.737564e+09 0.234984 1.825260e+10	1.738839e+10 1.924274e+10
2.724466e+09 0.233668 1.826509e+10	1.740212e+10 1.924996e+10
2.711368e+09 0.232355 1.827753e+10	1.741582e+10 1.925712e+10
2.698269e+09 0.231044 1.828992e+10	1.742951e+10 1.926423e+10
2.685171e+09 0.229734 1.830225e+10	1.744318e+10 1.927128e+10
2.672072e+09 0.228423 1.831453e+10	1.745683e+10 1.927827e+10
2.658974e+09 0.227115 1.832676e+10	1.747046e+10 1.928521e+10
2.645876e+09 0.225810 1.833893e+10	1.748407e+10 1.929209e+10
2.632777e+09 0.224507 1.835105e+10	1.749766e+10 1.929891e+10
2.619679e+09 0.223208 1.836312e+10	1.751123e+10 1.930568e+10
2.606580e+09 0.221911 1.837514e+10	1.752478e+10 1.931240e+10
2.593482e+09 0.220616 1.838711e+10	1.753831e+10 1.931906e+10
2.580384e+09 0.219325 1.839902e+10	1.755182e+10 1.932568e+10
2.567285e+09 0.218036 1.841088e+10	1.756532e+10 1.933223e+10
2.554187e+09 0.216750 1.842270e+10	1.757879e+10 1.933874e+10
2.541088e+09 0.215463 1.843446e+10	1.759225e+10 1.934519e+10
2.527990e+09 0.214176 1.844617e+10	1.760569e+10 1.935159e+10
2.514892e+09 0.212892 1.845783e+10	1.761910e+10 1.935794e+10
2.501793e+09 0.211611 1.846944e+10	1.763251e+10 1.936424e+10
2.488695e+09 0.210332 1.848100e+10	1.764589e+10 1.937049e+10
2.475596e+09 0.209056 1.849251e+10	1.765925e+10 1.937669e+10
2.462498e+09 0.207782 1.850397e+10	1.767260e+10 1.938283e+10
2.449400e+09 0.206512 1.851539e+10	1.768593e+10 1.938893e+10
2.436301e+09 0.205244 1.852675e+10	1.769924e+10 1.939498e+10
2.423203e+09 0.203978 1.853806e+10	1.771253e+10 1.940098e+10
2.410104e+09 0.202716 1.854933e+10	1.772581e+10 1.940694e+10
2.397006e+09 0.201451 1.856054e+10	1.773906e+10 1.941284e+10
2.383908e+09 0.200188 1.857171e+10	1.775231e+10 1.941870e+10
2.370809e+09 0.198927 1.858283e+10	1.776553e+10 1.942451e+10
2.357711e+09 0.197668 1.859390e+10	1.777873e+10 1.943027e+10
2.344612e+09 0.196412 1.860492e+10	1.779192e+10 1.943599e+10
2.331514e+09 0.195159 1.861589e+10	1.780510e+10 1.944166e+10
2.318416e+09 0.193909 1.862682e+10	1.781825e+10 1.944728e+10
2.305317e+09 0.192661 1.863770e+10	1.783139e+10 1.945286e+10
2.292219e+09 0.191416 1.864853e+10	1.784451e+10 1.945840e+10
2.279121e+09 0.190173 1.865932e+10	1.785762e+10 1.946389e+10
2.266022e+09 0.188933 1.867006e+10	1.787071e+10 1.946933e+10
2.252924e+09 0.187691 1.868075e+10	1.788378e+10 1.947473e+10
2.239825e+09 0.186450 1.869139e+10	1.789684e+10 1.948009e+10
2.226727e+09 0.185211 1.870199e+10	1.790988e+10 1.948540e+10
2.213629e+09 0.183975 1.871254e+10	1.792290e+10 1.949067e+10
2.200530e+09 0.182741 1.872305e+10	1.793591e+10 1.949590e+10
2.187432e+09 0.181510 1.873351e+10	1.794890e+10 1.950108e+10
2.174333e+09 0.180282 1.874392e+10	1.796188e+10 1.950622e+10
2.161235e+09 0.179056 1.875429e+10	1.797484e+10 1.951133e+10
2.148137e+09 0.177833 1.876462e+10	1.798779e+10 1.951638e+10
2.135038e+09 0.176612 1.877490e+10	1.800072e+10 1.952140e+10
2.121940e+09 0.175394 1.878513e+10	1.801364e+10 1.952638e+10
2.108841e+09 0.174174 1.879532e+10	1.802654e+10 1.953131e+10
2.095743e+09 0.172955 1.880547e+10	1.803942e+10 1.953621e+10
2.082645e+09 0.171737 1.881557e+10	1.805229e+10 1.954107e+10
2.069546e+09 0.170523 1.882562e+10	1.806515e+10 1.954588e+10
2.056448e+09 0.169311 1.883563e+10	1.807799e+10 1.955066e+10
2.043349e+09 0.168101 1.884560e+10	1.809082e+10 1.955539e+10
2.030251e+09 0.166894 1.885553e+10	1.810363e+10 1.956009e+10
2.017153e+09 0.165690 1.886541e+10	1.811642e+10 1.956475e+10
2.004054e+09 0.164487 1.887524e+10	1.812921e+10 1.956937e+10
1.990956e+09 0.163288 1.888504e+10	1.814198e+10 1.957395e+10
1.977857e+09 0.162091 1.889479e+10	1.815473e+10 1.957850e+10
1.964759e+09 0.160893 1.890450e+10	1.816747e+10 1.958301e+10
1.951661e+09 0.159694 1.891416e+10	1.818020e+10 1.958748e+10
1.938562e+09 0.158498 1.892379e+10	1.819291e+10 1.959191e+10
1.925464e+09 0.157304 1.893337e+10	1.820561e+10 1.959631e+10
1.912365e+09 0.156113 1.894290e+10	1.821829e+10 1.960067e+10
1.899267e+09 0.154924 1.895240e+10	1.823096e+10 1.960499e+10
1.886169e+09 0.153738 1.896185e+10	1.824362e+10 1.960928e+10
1.873070e+09 0.152554 1.897127e+10	1.825626e+10 1.961353e+10
1.859972e+09 0.151372 1.898064e+10	1.826889e+10 1.961775e+10
1.846874e+09 0.150193 1.898997e+10	1.828151e+10 1.962193e+10
1.833775e+09 0.149016 1.899925e+10	1.829411e+10 1.962608e+10
1.820677e+09 0.147840 1.900850e+10	1.830670e+10 1.963019e+10
1.807578e+09 0.146662 1.901771e+10	1.831928e+10 1.963427e+10
1.794480e+09 0.145486 1.902687e+10	1.833184e+10 1.963831e+10
1.781382e+09 0.144312 1.903600e+10	1.834440e+10 1.964232e+10
1.768283e+09 0.143141 1.904508e+10	1.835694e+10 1.964630e+10
1.755185e+09 0.141972 1.905412e+10	1.836946e+10 1.965024e+10
1.742086e+09 0.140806 1.906313e+10	1.838198e+10 1.965415e+10
1.728988e+09 0.139642 1.907209e+10	1.839448e+10 1.965803e+10
1.715890e+09 0.138480 1.908101e+10	1.840696e+10 1.966187e+10
1.702791e+09 0.137321 1.908990e+10	1.841944e+10 1.966568e+10
1.689693e+09 0.136164 1.909874e+10	1.843191e+10 1.966946e+10
1.676594e+09 0.135009 1.910755e+10	1.844436e+10 1.967321e+10
1.663496e+09 0.133851 1.911631e+10	1.845680e+10 1.967693e+10
1.650398e+09 0.132694 1.912504e+10	1.846922e+10 1.968061e+10
1.637299e+09 0.131540 1.913373e+10	1.848164e+10 1.968426e+10
1.624201e+09 0.130388 1.914237e+10	1.849404e+10 1.968789e+10
1.611102e+09 0.129239 1.915098e+10	1.850644e+10 1.969148e+10
1.598004e+09 0.128092 1.915955e+10	1.851882e+10 1.969504e+10
1.584906e+09 0.126947 1.916809e+10	1.853119e+10 1.969857e+10
1.571807e+09 0.125805 1.917658e+10	1.854354e+10 1.970207e+10
1.558709e+09 0.124665 1.918504e+10	1.855589e+10 1.970553e+10
1.545610e+09 0.123527 1.919346e+10	1.856822e+10 1.970897e+10
1.532512e+09 0.122391 1.920184e+10	1.858055e+10 1.971239e+10
1.519414e+09 0.121254 1.921018e+10	1.859286e+10 1.971577e+10
1.506315e+09 0.120116 1.921849e+10	1.860516e+10 1.971912e+10
1.493217e+09 0.118981 1.922676e+10	1.861745e+10 1.972244e+10
1.480118e+09 0.117848 1.923499e+10	1.862973e+10 1.972573e+10
1.467020e+09 0.116718 1.924318e+10	1.864200e+10 1.972900e+10
1.453922e+09 0.115589 1.925134e+10	1.865426e+10 1.973224e+10
1.440823e+09 0.114463 1.925946e+10	1.866650e+10 1.973545e+10
1.427725e+09 0.113340 1.926754e+10	1.867874e+10 1.973863e+10
1.414627e+09 0.112218 1.927559e+10	1.869096e+10 1.974178e+10
1.401528e+09 0.111099 1.928360e+10	1.870318e+10 1.974491e+10
1.388430e+09 0.109982 1.929158e+10	1.871538e+10 1.974800e+10
1.375331e+09 0.108865 1.929952e+10	1.872758e+10 1.975108e+10
1.362233e+09 0.107746 1.930742e+10	1.873976e+10 1.975412e+10
1.349135e+09 0.106629 1.931529e+10	1.875193e+10 1.975714e+10
1.336036e+09 0.105515 1.932312e+10	1.876410e+10 1.976013e+10
1.322938e+09 0.104402 1.933092e+10	1.877625e+10 1.976309e+10
1.309839e+09 0.103292 1.933868e+10	1.878840e+10 1.976603e+10
1.296741e+09 0.102184 1.934640e+10	1.880053e+10 1.976894e+10
1.283643e+09 0.101078 1.935409e+10	1.881265e+10 1.977183e+10
1.270544e+09 0.099975 1.936175e+10	1.882477e+10 1.977469e+10
1.257446e+09 0.098874 1.936937e+10	1.883687e+10 1.977752e+10
1.244347e+09 0.097775 1.937695e+10	1.884897e+10 1.978033e+10
1.231249e+09 0.096678 1.938450e+10	1.886105e+10 1.978312e+10
1.218151e+09 0.095578 1.939202e+10	1.887313e+10 1.978588e+10
1.205052e+09 0.094478 1.939950e+10	1.888519e+10 1.978861e+10
1.191954e+09 0.093381 1.940695e+10	1.889725e+10 1.979132e+10
1.178855e+09 0.092287 1.941437e+10	1.890930e+10 1.979401e+10
1.165757e+09 0.091194 1.942175e+10	1.892134e+10 1.979667e+10
1.152659e+09 0.090104 1.942909e+10	1.893337e+10 1.979931e+10
1.139560e+09 0.089016 1.943641e+10	1.894539e+10 1.980192e+10
1.126462e+09 0.087930 1.944369e+10	1.895740e+10 1.980451e+10
1.113363e+09 0.086846 1.945093e+10	1.896940e+10 1.980707e+10
1.100265e+09 0.085764 1.945815e+10	1.898140e+10 1.980962e+10
1.087167e+09 0.084684 1.946533e+10	1.899338e+10 1.981214e+10
1.074068e+09 0.083605 1.947247e+10	1.900536e+10 1.981463e+10
1.060970e+09 0.082523 1.947959e+10	1.901733e+10 1.981711e+10
1.047872e+09 0.081443 1.948667e+10	1.902929e+10 1.981956e+10
1.034773e+09 0.080366 1.949372e+10	1.904124e+10 1.982198e+10
1.021675e+09 0.079290 1.950073e+10	1.905318e+10 1.982439e+10
1.008576e+09 0.078217 1.950772e+10	1.906512e+10 1.982677e+10
9.954779e+08 0.077146 1.951467e+10	1.907704e+10 1.982913e+10
9.823795e+08 0.076076 1.952159e+10	1.908896e+10 1.983147e+10
9.692811e+08 0.075009 1.952847e+10	1.910087e+10 1.983379e+10
9.561827e+08 0.073945 1.953533e+10	1.911277e+10 1.983608e+10
9.430844e+08 0.072882 1.954215e+10	1.912467e+10 1.983835e+10
9.299860e+08 0.071821 1.954895e+10	1.913655e+10 1.984061e+10
9.168876e+08 0.070758 1.955571e+10	1.914843e+10 1.984284e+10
9.037892e+08 0.069695 1.956244e+10	1.916030e+10 1.984505e+10
8.906908e+08 0.068634 1.956913e+10	1.917216e+10 1.984723e+10
8.775924e+08 0.067575 1.957580e+10	1.918402e+10 1.984940e+10
8.644940e+08 0.066518 1.958244e+10	1.919587e+10 1.985155e+10
8.513956e+08 0.065463 1.958904e+10	1.920771e+10 1.985367e+10
8.382972e+08 0.064410 1.959561e+10	1.921954e+10 1.985578e+10
8.251988e+08 0.063360 1.960216e+10	1.923136e+10 1.985786e+10
8.121004e+08 0.062311 1.960867e+10	1.924318e+10 1.985993e+10
7.990020e+08 0.061265 1.961515e+10	1.925499e+10 1.986197e+10
7.859036e+08 0.060220 1.962161e+10	1.926679e+10 1.986400e+10
7.728052e+08 0.059177 1.962803e+10	1.927859e+10 1.986600e+10
7.597068e+08 0.058130 1.963442e+10	1.929038e+10 1.986799e+10
7.466084e+08 0.057085 1.964078e+10	1.930216e+10 1.986996e+10
7.335101e+08 0.056042 1.964711e+10	1.931394e+10 1.987190e+10
7.204117e+08 0.055001 1.965342e+10	1.932570e+10 1.987383e+10
7.073133e+08 0.053963 1.965969e+10	1.933747e+10 1.987574e+10
6.942149e+08 0.052926 1.966593e+10	1.934922e+10 1.987763e+10
6.811165e+08 0.051891 1.967215e+10	1.936097e+10 1.987950e+10
6.680181e+08 0.050858 1.967833e+10	1.937271e+10 1.988135e+10
6.549197e+08 0.049828 1.968449e+10	1.938444e+10 1.988318e+10
6.418213e+08 0.048799 1.969061e+10	1.939617e+10 1.988500e+10
6.287229e+08 0.047773 1.969671e+10	1.940789e+10 1.988680e+10
6.156245e+08 0.046745 1.970278e+10	1.941961e+10 1.988857e+10
6.025261e+08 0.045716 1.970882e+10	1.943132e+10 1.989033e+10
5.894277e+08 0.044689 1.971483e+10	1.944302e+10 1.989208e+10
5.763293e+08 0.043663 1.972081e+10	1.945472e+10 1.989380e+10
5.632309e+08 0.042640 1.972677e+10	1.946641e+10 1.989551e+10
5.501325e+08 0.041619 1.973269e+10	1.947809e+10 1.989720e+10
5.370341e+08 0.040599 1.973859e+10	1.948977e+10 1.989887e+10
5.239358e+08 0.039582 1.974446e+10	1.950144e+10 1.990052e+10
5.108374e+08 0.038567 1.975030e+10	1.951311e+10 1.990216e+10
4.977390e+08 0.037553 1.975612e+10	1.952477e+10 1.990378e+10
4.846406e+08 0.036542 1.976191e+10	1.953642e+10 1.990538e+10
4.715422e+08 0.035533 1.976766e+10	1.954807e+10 1.990697e+10
4.584438e+08 0.034521 1.977340e+10	1.955972e+10 1.990853e+10
4.453454e+08 0.033509 1.977910e+10	1.957135e+10 1.991009e+10
4.322470e+08 0.032498 1.978478e+10	1.958299e+10 1.991162e+10
4.191486e+08 0.031490 1.979043e+10	1.959461e+10 1.991314e+10
4.060502e+08 0.030484 1.979605e+10	1.960623e+10 1.991464e+10
3.929518e+08 0.029480 1.980164e+10	1.961785e+10 1.991613e+10
3.798534e+08 0.028477 1.980721e+10	1.962946e+10 1.991760e+10
3.667550e+08 0.027477 1.981275e+10	1.964107e+10 1.991905e+10
3.536566e+08 0.026478 1.981827e+10	1.965267e+10 1.992049e+10
3.405582e+08 0.025482 1.982376e+10	1.966426e+10 1.992192e+10
3.274598e+08 0.024487 1.982922e+10	1.967585e+10 1.992332e+10
3.143615e+08 0.023494 1.983465e+10	1.968744e+10 1.992471e+10
3.012631e+08 0.022498 1.984006e+10	1.969902e+10 1.992609e+10
2.881647e+08 0.021502 1.984545e+10	1.971059e+10 1.992745e+10
2.750663e+08 0.020509 1.985080e+10	1.972216e+10 1.992879e+10
2.619679e+08 0.019517 1.985614e+10	1.973373e+10 1.993012e+10
2.488695e+08 0.018527 1.986144e+10	1.974529e+10 1.993144e+10
2.357711e+08 0.017539 1.986672e+10	1.975684e+10 1.993274e+10
2.226727e+08 0.016553 1.987197e+10	1.976839e+10 1.993402e+10
2.095743e+08 0.015569 1.987720e+10	1.977994e+10 1.993529e+10
1.964759e+08 0.014587 1.988240e+10	1.979148e+10 1.993655e+10
1.833775e+08 0.013607 1.988758e+10	1.980302e+10 1.993779e+10
1.702791e+08 0.012628 1.989273e+10	1.981455e+10 1.993901e+10
1.571807e+08 0.011652 1.989786e+10	1.982608e+10 1.994022e+10
1.440823e+08 0.010671 1.990296e+10	1.983761e+10 1.994142e+10
1.309839e+08 0.009692 1.990804e+10	1.984913e+10 1.994260e+10
1.178855e+08 0.008714 1.991309e+10	1.986064e+10 1.994377e+10
1.047872e+08 0.007738 1.991812e+10	1.987215e+10 1.994493e+10
9.168876e+07 0.006764 1.992312e+10	1.988366e+10 1.994607e+10
7.859036e+07 0.005792 1.992810e+10	1.989516e+10 1.994719e+10
6.549197e+07 0.004822 1.993305e+10	1.990666e+10 1.994831e+10
5.239358e+07 0.003854 1.993798e+10	1.991816e+10 1.994941e+10
3.929518e+07 0.002888 1.994289e+10	1.992965e+10 1.995049e+10
2.619679e+07 0.001923 1.994777e+10	1.994114e+10 1.995156e+10
1.309839e+07 0.000961 1.995262e+10	1.995262e+10 1.995262e+10
