#t0_Mstar=1.258925e+10 (N07Mbar=2.901206e+10) t0_sfr=8.426386e-01	1.00000000000000001988462483866e+30 t0_sfr=8.426386e-01
#tlb ,red_binl[i],Mstar[i],CSFH[i],phi[i],dMLdt[i],massloss_to_t0[i], Mstar_Noeske(tlb,Mbar_Noeske),phi_Noeske(tlb,Mbar_Noeske)FWHM=0.50:Ms,Cs,phi,FWHM=0.75:Ms,Cs,phi,FWHM=1.00:Ms,Cs,phi	1.00000000000000001988462483866e+30 Mstar_Noeske(tlb,Mbar_Noeske),phi_Noeske(tlb,Mbar_Noeske)FWHM=0.50:Ms,Cs,phi,FWHM=0.75:Ms,Cs,phi,FWHM=1.00:Ms,Cs,phi
1.309839e+10 9.000000 0.000000e+00	0.000000e+00 3.035671e+07
1.308530e+10 8.847726 0.000000e+00	0.000000e+00 2.417015e+07
1.307220e+10 8.701050 0.000000e+00	0.000000e+00 2.312947e+07
1.305910e+10 8.559660 0.000000e+00	0.000000e+00 2.253805e+07
1.304600e+10 8.423368 0.000000e+00	0.000000e+00 2.213142e+07
1.303290e+10 8.291842 0.000000e+00	0.000000e+00 2.182603e+07
1.301980e+10 8.164779 0.000000e+00	0.000000e+00 2.158455e+07
1.300671e+10 8.041947 0.000000e+00	0.000000e+00 2.138708e+07
1.299361e+10 7.923131 0.000000e+00	0.000000e+00 2.122174e+07
1.298051e+10 7.808144 0.000000e+00	0.000000e+00 2.108087e+07
1.296741e+10 7.696830 0.000000e+00	0.000000e+00 2.095925e+07
1.295431e+10 7.588952 0.000000e+00	0.000000e+00 2.085318e+07
1.294121e+10 7.484347 0.000000e+00	0.000000e+00 2.075990e+07
1.292811e+10 7.382859 0.000000e+00	0.000000e+00 2.067733e+07
1.291502e+10 7.284344 0.000000e+00	0.000000e+00 2.060388e+07
1.290192e+10 7.188666 0.000000e+00	0.000000e+00 2.053827e+07
1.288882e+10 7.095696 0.000000e+00	0.000000e+00 2.047946e+07
1.287572e+10 7.005312 0.000000e+00	0.000000e+00 2.042661e+07
1.286262e+10 6.917401 0.000000e+00	0.000000e+00 2.037905e+07
1.284952e+10 6.831855 0.000000e+00	0.000000e+00 2.033619e+07
1.283643e+10 6.748572 0.000000e+00	0.000000e+00 2.029753e+07
1.282333e+10 6.667456 0.000000e+00	0.000000e+00 2.026267e+07
1.281023e+10 6.588431 0.000000e+00	0.000000e+00 2.023124e+07
1.279713e+10 6.511436 0.000000e+00	0.000000e+00 2.020294e+07
1.278403e+10 6.436355 0.000000e+00	0.000000e+00 2.017750e+07
1.277093e+10 6.363109 0.000000e+00	0.000000e+00 2.015468e+07
1.275784e+10 6.291625 0.000000e+00	0.000000e+00 2.013427e+07
1.274474e+10 6.221832 0.000000e+00	0.000000e+00 2.011609e+07
1.273164e+10 6.153665 0.000000e+00	0.000000e+00 2.009998e+07
1.271854e+10 6.087102 0.000000e+00	0.000000e+00 2.008579e+07
1.270544e+10 6.022088 0.000000e+00	0.000000e+00 2.007339e+07
1.269234e+10 5.958522 0.000000e+00	0.000000e+00 2.006266e+07
1.267925e+10 5.896348 0.000000e+00	0.000000e+00 2.005350e+07
1.266615e+10 5.835515 0.000000e+00	0.000000e+00 2.004581e+07
1.265305e+10 5.776057 0.000000e+00	0.000000e+00 2.003950e+07
1.263995e+10 5.717866 0.000000e+00	0.000000e+00 2.003450e+07
1.262685e+10 5.660874 0.000000e+00	0.000000e+00 2.003072e+07
1.261375e+10 5.605040 0.000000e+00	0.000000e+00 2.002811e+07
1.260065e+10 5.550427 0.000000e+00	0.000000e+00 2.002660e+07
1.258756e+10 5.496902 0.000000e+00	0.000000e+00 2.002614e+07
1.257446e+10 5.444416 0.000000e+00	0.000000e+00 2.002667e+07
1.256136e+10 5.392990 0.000000e+00	0.000000e+00 2.002814e+07
1.254826e+10 5.342602 0.000000e+00	0.000000e+00 2.003052e+07
1.253516e+10 5.293149 0.000000e+00	0.000000e+00 2.003376e+07
1.252206e+10 5.244640 0.000000e+00	0.000000e+00 2.003783e+07
1.250897e+10 5.197097 0.000000e+00	0.000000e+00 2.004267e+07
1.249587e+10 5.150398 0.000000e+00	0.000000e+00 2.004828e+07
1.248277e+10 5.104567 0.000000e+00	0.000000e+00 2.005460e+07
1.246967e+10 5.059611 0.000000e+00	0.000000e+00 2.006162e+07
1.245657e+10 5.015419 0.000000e+00	0.000000e+00 2.006931e+07
1.244347e+10 4.972050 0.000000e+00	0.000000e+00 2.007763e+07
1.243038e+10 4.929453 0.000000e+00	0.000000e+00 2.008658e+07
1.241728e+10 4.887546 0.000000e+00	0.000000e+00 2.009612e+07
1.240418e+10 4.846450 0.000000e+00	0.000000e+00 2.010623e+07
1.239108e+10 4.806006 0.000000e+00	0.000000e+00 2.011690e+07
1.237798e+10 4.766255 0.000000e+00	0.000000e+00 2.012810e+07
1.236488e+10 4.727194 0.000000e+00	0.000000e+00 2.013982e+07
1.235179e+10 4.688723 0.000000e+00	0.000000e+00 2.015204e+07
1.233869e+10 4.650970 0.000000e+00	0.000000e+00 2.016475e+07
1.232559e+10 4.613770 0.000000e+00	0.000000e+00 2.017792e+07
1.231249e+10 4.577204 0.000000e+00	0.000000e+00 2.019156e+07
1.229939e+10 4.541209 0.000000e+00	0.000000e+00 2.020563e+07
1.228629e+10 4.505773 0.000000e+00	0.000000e+00 2.022014e+07
1.227319e+10 4.470921 0.000000e+00	0.000000e+00 2.023506e+07
1.226010e+10 4.436563 0.000000e+00	0.000000e+00 2.025039e+07
1.224700e+10 4.402796 0.000000e+00	0.000000e+00 2.026612e+07
1.223390e+10 4.369472 0.000000e+00	0.000000e+00 2.028223e+07
1.222080e+10 4.336729 0.000000e+00	0.000000e+00 2.029872e+07
1.220770e+10 4.304408 0.000000e+00	0.000000e+00 2.031557e+07
1.219460e+10 4.272625 0.000000e+00	0.000000e+00 2.033278e+07
1.218151e+10 4.241257 0.000000e+00	0.000000e+00 2.035033e+07
1.216841e+10 4.210391 0.000000e+00	0.000000e+00 2.036823e+07
1.215531e+10 4.179930 0.000000e+00	0.000000e+00 2.038646e+07
1.214221e+10 4.149942 0.000000e+00	0.000000e+00 2.040501e+07
1.212911e+10 4.120344 0.000000e+00	0.000000e+00 2.042389e+07
1.211601e+10 4.091197 0.000000e+00	0.000000e+00 2.044307e+07
1.210292e+10 4.062421 0.000000e+00	0.000000e+00 2.046256e+07
1.208982e+10 4.034080 0.000000e+00	0.000000e+00 2.048234e+07
1.207672e+10 4.006087 0.000000e+00	0.000000e+00 2.050242e+07
1.206362e+10 3.978520 0.000000e+00	0.000000e+00 2.052278e+07
1.205052e+10 3.951272 0.000000e+00	0.000000e+00 2.054342e+07
1.203742e+10 3.924447 0.000000e+00	0.000000e+00 2.056434e+07
1.202433e+10 3.897912 0.000000e+00	0.000000e+00 2.058553e+07
1.201123e+10 3.871800 0.000000e+00	0.000000e+00 2.060699e+07
1.199813e+10 3.845965 0.000000e+00	0.000000e+00 2.062870e+07
1.198503e+10 3.820516 0.000000e+00	0.000000e+00 2.065067e+07
1.197193e+10 3.795355 0.000000e+00	0.000000e+00 2.067290e+07
1.195883e+10 3.770540 0.000000e+00	0.000000e+00 2.069537e+07
1.194574e+10 3.746027 0.000000e+00	0.000000e+00 2.071808e+07
1.193264e+10 3.721816 0.000000e+00	0.000000e+00 2.074103e+07
1.191954e+10 3.697926 0.000000e+00	0.000000e+00 2.076422e+07
1.190644e+10 3.674294 0.000000e+00	0.000000e+00 2.078765e+07
1.189334e+10 3.651005 0.000000e+00	0.000000e+00 2.081130e+07
1.188024e+10 3.627947 0.000000e+00	0.000000e+00 2.083517e+07
1.186714e+10 3.605214 0.000000e+00	0.000000e+00 2.085927e+07
1.185405e+10 3.582725 0.000000e+00	0.000000e+00 2.088359e+07
1.184095e+10 3.560509 0.000000e+00	0.000000e+00 2.090812e+07
1.182785e+10 3.538569 0.000000e+00	0.000000e+00 2.093287e+07
1.181475e+10 3.516848 0.000000e+00	0.000000e+00 2.095783e+07
1.180165e+10 3.495436 0.000000e+00	0.000000e+00 2.098299e+07
1.178855e+10 3.474227 0.000000e+00	0.000000e+00 2.100837e+07
1.177546e+10 3.453288 0.000000e+00	0.000000e+00 2.103394e+07
1.176236e+10 3.432582 0.000000e+00	0.000000e+00 2.105971e+07
1.174926e+10 3.412087 0.000000e+00	0.000000e+00 2.108569e+07
1.173616e+10 3.391866 0.000000e+00	0.000000e+00 2.111185e+07
1.172306e+10 3.371830 0.000000e+00	0.000000e+00 2.113822e+07
1.170996e+10 3.352044 0.000000e+00	0.000000e+00 2.116477e+07
1.169687e+10 3.332470 0.000000e+00	0.000000e+00 2.119151e+07
1.168377e+10 3.313083 0.000000e+00	0.000000e+00 2.121844e+07
1.167067e+10 3.293956 0.000000e+00	0.000000e+00 2.124556e+07
1.165757e+10 3.274998 0.000000e+00	0.000000e+00 2.127285e+07
1.164447e+10 3.256256 0.000000e+00	0.000000e+00 2.130033e+07
1.163137e+10 3.237724 0.000000e+00	0.000000e+00 2.132800e+07
1.161828e+10 3.219353 0.000000e+00	0.000000e+00 2.135583e+07
1.160518e+10 3.201221 0.000000e+00	0.000000e+00 2.138385e+07
1.159208e+10 3.183256 0.000000e+00	0.000000e+00 2.141204e+07
1.157898e+10 3.165461 0.000000e+00	0.000000e+00 2.144041e+07
1.156588e+10 3.147889 0.000000e+00	0.000000e+00 2.146894e+07
1.155278e+10 3.130466 0.000000e+00	0.000000e+00 2.149765e+07
1.153968e+10 3.113227 0.000000e+00	0.000000e+00 2.152653e+07
1.152659e+10 3.096179 0.000000e+00	0.000000e+00 2.155558e+07
1.151349e+10 3.079272 0.000000e+00	0.000000e+00 2.158479e+07
1.150039e+10 3.062561 0.000000e+00	0.000000e+00 2.161417e+07
1.148729e+10 3.046014 0.000000e+00	0.000000e+00 2.164371e+07
1.147419e+10 3.029600 0.000000e+00	0.000000e+00 2.167341e+07
1.146109e+10 3.013389 0.000000e+00	0.000000e+00 2.170328e+07
1.144800e+10 2.997320 0.000000e+00	0.000000e+00 2.173331e+07
1.143490e+10 2.981379 0.000000e+00	0.000000e+00 2.176350e+07
1.142180e+10 2.965641 0.000000e+00	0.000000e+00 2.179385e+07
1.140870e+10 2.950030 0.000000e+00	0.000000e+00 2.182435e+07
1.139560e+10 2.934545 0.000000e+00	0.000000e+00 2.185501e+07
1.138250e+10 2.919253 0.000000e+00	0.000000e+00 2.188583e+07
1.136941e+10 2.904079 0.000000e+00	0.000000e+00 2.191680e+07
1.135631e+10 2.889029 0.000000e+00	0.000000e+00 2.194793e+07
1.134321e+10 2.874162 0.000000e+00	0.000000e+00 2.197921e+07
1.133011e+10 2.859408 0.000000e+00	0.000000e+00 2.201064e+07
1.131701e+10 2.844771 0.000000e+00	0.000000e+00 2.204223e+07
1.130391e+10 2.830311 0.000000e+00	0.000000e+00 2.207396e+07
1.129082e+10 2.815959 0.000000e+00	0.000000e+00 2.210585e+07
1.127772e+10 2.801715 0.000000e+00	0.000000e+00 2.213788e+07
1.126462e+10 2.787645 0.000000e+00	0.000000e+00 2.217006e+07
1.125152e+10 2.773679 0.000000e+00	0.000000e+00 2.220239e+07
1.123842e+10 2.759815 0.000000e+00	0.000000e+00 2.223487e+07
1.122532e+10 2.746113 0.000000e+00	0.000000e+00 2.226750e+07
1.121223e+10 2.732517 0.000000e+00	0.000000e+00 2.230027e+07
1.119913e+10 2.719020 0.000000e+00	0.000000e+00 2.233318e+07
1.118603e+10 2.705666 0.000000e+00	0.000000e+00 2.236624e+07
1.117293e+10 2.692426 0.000000e+00	0.000000e+00 2.239945e+07
1.115983e+10 2.679280 0.000000e+00	0.000000e+00 2.243280e+07
1.114673e+10 2.666259 0.000000e+00	0.000000e+00 2.246629e+07
1.113363e+10 2.653361 0.000000e+00	0.000000e+00 2.249993e+07
1.112054e+10 2.640553 0.000000e+00	0.000000e+00 2.253370e+07
1.110744e+10 2.627848 0.000000e+00	0.000000e+00 2.256762e+07
1.109434e+10 2.615278 0.000000e+00	0.000000e+00 2.260168e+07
1.108124e+10 2.602795 0.000000e+00	0.000000e+00 2.263588e+07
1.106814e+10 2.590398 0.000000e+00	0.000000e+00 2.267022e+07
1.105504e+10 2.578138 0.000000e+00	0.000000e+00 2.270470e+07
1.104195e+10 2.565967 0.000000e+00	0.000000e+00 2.273933e+07
1.102885e+10 2.553879 0.000000e+00	0.000000e+00 2.277408e+07
1.101575e+10 2.541902 0.000000e+00	0.000000e+00 2.280898e+07
1.100265e+10 2.530033 0.000000e+00	0.000000e+00 2.284402e+07
1.098955e+10 2.518242 0.000000e+00	0.000000e+00 2.287920e+07
1.097645e+10 2.506535 0.000000e+00	0.000000e+00 2.291451e+07
1.096336e+10 2.494955 0.000000e+00	0.000000e+00 2.294996e+07
1.095026e+10 2.483451 0.000000e+00	0.000000e+00 2.298555e+07
1.093716e+10 2.472022 0.000000e+00	0.000000e+00 2.302127e+07
1.092406e+10 2.460700 0.000000e+00	0.000000e+00 2.305713e+07
1.091096e+10 2.449472 0.000000e+00	0.000000e+00 2.309313e+07
1.089786e+10 2.438317 0.000000e+00	0.000000e+00 2.312926e+07
1.088477e+10 2.427236 0.000000e+00	0.000000e+00 2.316553e+07
1.087167e+10 2.416275 0.000000e+00	0.000000e+00 2.320194e+07
1.085857e+10 2.405383 0.000000e+00	0.000000e+00 2.323848e+07
1.084547e+10 2.394561 0.000000e+00	0.000000e+00 2.327515e+07
1.083237e+10 2.383828 0.000000e+00	0.000000e+00 2.331196e+07
1.081927e+10 2.373191 0.000000e+00	0.000000e+00 2.334891e+07
1.080617e+10 2.362621 0.000000e+00	0.000000e+00 2.365161e+07
1.079308e+10 2.352116 0.000000e+00	0.000000e+00 2.515341e+07
1.077998e+10 2.341713 0.000000e+00	0.000000e+00 2.673536e+07
1.076688e+10 2.331385 0.000000e+00	0.000000e+00 2.840089e+07
1.075378e+10 2.321121 0.000000e+00	0.000000e+00 3.015355e+07
1.074068e+10 2.310922 0.000000e+00	0.000000e+00 3.199700e+07
1.072758e+10 2.300829 0.000000e+00	0.000000e+00 3.393500e+07
1.071449e+10 2.290797 0.000000e+00	0.000000e+00 3.597146e+07
1.070139e+10 2.280826 0.000000e+00	0.000000e+00 3.811038e+07
1.068829e+10 2.270927 0.000000e+00	0.000000e+00 4.035589e+07
1.067519e+10 2.261119 0.000000e+00	0.000000e+00 4.271225e+07
1.066209e+10 2.251370 0.000000e+00	0.000000e+00 4.518384e+07
1.064899e+10 2.241680 0.000000e+00	0.000000e+00 4.777519e+07
1.063590e+10 2.232064 0.000000e+00	0.000000e+00 5.049093e+07
1.062280e+10 2.222530 0.000000e+00	0.000000e+00 5.333584e+07
1.060970e+10 2.213052 0.000000e+00	0.000000e+00 5.631484e+07
1.059660e+10 2.203629 0.000000e+00	0.000000e+00 5.943300e+07
1.058350e+10 2.194282 0.000000e+00	0.000000e+00 6.269550e+07
1.057040e+10 2.185010 0.000000e+00	0.000000e+00 6.610770e+07
1.055731e+10 2.175791 0.000000e+00	0.000000e+00 6.967508e+07
1.054421e+10 2.166626 0.000000e+00	0.000000e+00 7.340329e+07
1.053111e+10 2.157534 0.000000e+00	0.000000e+00 7.729813e+07
1.051801e+10 2.148512 0.000000e+00	0.000000e+00 8.136554e+07
1.050491e+10 2.139542 0.000000e+00	0.000000e+00 8.561164e+07
1.049181e+10 2.130623 0.000000e+00	0.000000e+00 9.004270e+07
1.047872e+10 2.121773 0.000000e+00	0.000000e+00 9.466516e+07
1.046562e+10 2.112992 0.000000e+00	0.000000e+00 9.948561e+07
1.045252e+10 2.104260 0.000000e+00	0.000000e+00 1.045108e+08
1.043942e+10 2.095577 0.000000e+00	0.000000e+00 1.097478e+08
1.042632e+10 2.086957 0.000000e+00	0.000000e+00 1.152036e+08
1.041322e+10 2.078407 0.000000e+00	0.000000e+00 1.208855e+08
1.040012e+10 2.069904 0.000000e+00	0.000000e+00 1.268011e+08
1.038703e+10 2.061447 0.000000e+00	0.000000e+00 1.329579e+08
1.037393e+10 2.053045 0.000000e+00	0.000000e+00 1.393639e+08
1.036083e+10 2.044717 0.000000e+00	0.000000e+00 1.460272e+08
1.034773e+10 2.036433 0.000000e+00	0.000000e+00 1.529558e+08
1.033463e+10 2.028194 0.000000e+00	0.000000e+00 1.601583e+08
1.032153e+10 2.020000 0.000000e+00	0.000000e+00 1.676434e+08
1.030844e+10 2.011884 0.000000e+00	0.000000e+00 1.754198e+08
1.029534e+10 2.003811 0.000000e+00	0.000000e+00 1.834966e+08
1.028224e+10 1.995781 0.000000e+00	0.000000e+00 1.918241e+08
1.026914e+10 1.987794 0.000000e+00	0.000000e+00 2.003613e+08
1.025604e+10 1.979872 0.000000e+00	0.000000e+00 2.091185e+08
1.024294e+10 1.972002 0.000000e+00	0.000000e+00 2.180984e+08
1.022985e+10 1.964173 0.000000e+00	0.000000e+00 2.273024e+08
1.021675e+10 1.956386 0.000000e+00	0.000000e+00 2.367317e+08
1.020365e+10 1.948649 0.000000e+00	0.000000e+00 2.463873e+08
1.019055e+10 1.940974 0.000000e+00	0.000000e+00 2.562702e+08
1.017745e+10 1.933338 0.000000e+00	0.000000e+00 2.663809e+08
1.016435e+10 1.925742 0.000000e+00	0.000000e+00 2.767197e+08
1.015126e+10 1.918185 0.000000e+00	0.000000e+00 2.872871e+08
1.013816e+10 1.910694 0.000000e+00	0.000000e+00 2.980835e+08
1.012506e+10 1.903244 0.000000e+00	0.000000e+00 3.091091e+08
1.011196e+10 1.895832 0.000000e+00	0.000000e+00 3.203638e+08
1.009886e+10 1.888458 0.000000e+00	0.000000e+00 3.318475e+08
1.008576e+10 1.881133 0.000000e+00	0.000000e+00 3.435602e+08
1.007266e+10 1.873862 0.000000e+00	0.000000e+00 3.555019e+08
1.005957e+10 1.866627 0.000000e+00	0.000000e+00 3.676721e+08
1.004647e+10 1.859429 0.000000e+00	0.000000e+00 3.800705e+08
1.003337e+10 1.852267 0.000000e+00	0.000000e+00 3.926964e+08
1.002027e+10 1.845164 0.000000e+00	0.000000e+00 4.055498e+08
1.000717e+10 1.838100 0.000000e+00	0.000000e+00 4.186300e+08
9.994074e+09 1.831072 0.000000e+00	0.000000e+00 4.319362e+08
9.980976e+09 1.824078 0.000000e+00	0.000000e+00 4.454676e+08
9.967878e+09 1.817123 0.000000e+00	0.000000e+00 4.592234e+08
9.954779e+09 1.810224 0.000000e+00	0.000000e+00 4.732031e+08
9.941681e+09 1.803359 0.000000e+00	0.000000e+00 4.874058e+08
9.928582e+09 1.796527 0.000000e+00	0.000000e+00 5.018303e+08
9.915484e+09 1.789728 0.000000e+00	0.000000e+00 5.164754e+08
9.902386e+09 1.782974 0.000000e+00	0.000000e+00 5.313403e+08
9.889287e+09 1.776267 0.000000e+00	0.000000e+00 5.464241e+08
9.876189e+09 1.769591 0.000000e+00	0.000000e+00 5.617254e+08
9.863091e+09 1.762947 0.000000e+00	0.000000e+00 5.772429e+08
9.849992e+09 1.756335 0.000000e+00	0.000000e+00 5.929752e+08
9.836894e+09 1.749772 0.000000e+00	0.000000e+00 6.089213e+08
9.823795e+09 1.743247 0.000000e+00	0.000000e+00 6.250799e+08
9.810697e+09 1.736752 0.000000e+00	0.000000e+00 6.414494e+08
9.797599e+09 1.730289 0.000000e+00	0.000000e+00 6.580283e+08
9.784500e+09 1.723856 0.000000e+00	0.000000e+00 6.748149e+08
9.771402e+09 1.717472 0.000000e+00	0.000000e+00 6.918082e+08
9.758303e+09 1.711122 0.000000e+00	0.000000e+00 7.090066e+08
9.745205e+09 1.704802 0.000000e+00	0.000000e+00 7.264084e+08
9.732107e+09 1.698511 0.000000e+00	0.000000e+00 7.440117e+08
9.719008e+09 1.692249 0.000000e+00	0.000000e+00 7.618148e+08
9.705910e+09 1.686036 0.000000e+00	0.000000e+00 7.798165e+08
9.692811e+09 1.679854 8.007843e+05	0.000000e+00 7.980150e+08
9.679713e+09 1.673700 1.552184e+06	0.000000e+00 8.164084e+08
9.666615e+09 1.667575 2.591431e+06	0.000000e+00 8.349948e+08
9.653516e+09 1.661477 3.941161e+06	0.000000e+00 8.537723e+08
9.640418e+09 1.655426 5.620793e+06	0.000000e+00 8.727395e+08
9.627319e+09 1.649405 7.647033e+06	0.000000e+00 8.918946e+08
9.614221e+09 1.643411 1.003434e+07	0.000000e+00 9.112356e+08
9.601123e+09 1.637444 1.279524e+07	0.000000e+00 9.307603e+08
9.588024e+09 1.631504 1.594060e+07	0.000000e+00 9.504668e+08
9.574926e+09 1.625607 1.947990e+07	0.000000e+00 9.703536e+08
9.561827e+09 1.619740 2.342126e+07	0.000000e+00 9.904188e+08
9.548729e+09 1.613899 2.777160e+07	0.000000e+00 1.010660e+09
9.535631e+09 1.608084 3.253679e+07	0.000000e+00 1.031076e+09
9.522532e+09 1.602295 3.772173e+07	0.000000e+00 1.051663e+09
9.509434e+09 1.596544 4.333060e+07	0.000000e+00 1.072422e+09
9.496335e+09 1.590825 4.936673e+07	0.000000e+00 1.093348e+09
9.483237e+09 1.585132 5.583267e+07	0.000000e+00 1.114441e+09
9.470139e+09 1.579463 6.273030e+07	0.000000e+00 1.135698e+09
9.457040e+09 1.573819 7.006090e+07	7.204931e+05 1.157117e+09
9.443942e+09 1.568207 7.782531e+07	1.354805e+06 1.178696e+09
9.430844e+09 1.562630 8.602390e+07	2.206407e+06 1.200434e+09
9.417745e+09 1.557078 9.465640e+07	3.283304e+06 1.222328e+09
9.404647e+09 1.551549 1.037221e+08	4.590770e+06 1.244376e+09
9.391548e+09 1.546045 1.132200e+08	6.131995e+06 1.266576e+09
9.378450e+09 1.540565 1.231487e+08	7.908552e+06 1.288925e+09
9.365352e+09 1.535125 1.335065e+08	9.920901e+06 1.311423e+09
9.352253e+09 1.529709 1.442915e+08	1.216829e+07 1.334066e+09
9.339155e+09 1.524315 1.555012e+08	1.464916e+07 1.356853e+09
9.326056e+09 1.518944 1.671329e+08	1.736124e+07 1.379782e+09
9.312958e+09 1.513596 1.791839e+08	2.030172e+07 1.402850e+09
9.299860e+09 1.508282 1.916511e+08	2.346751e+07 1.426056e+09
9.286761e+09 1.502996 2.045313e+08	2.685508e+07 1.449397e+09
9.273663e+09 1.497732 2.178211e+08	3.046049e+07 1.472872e+09
9.260564e+09 1.492490 2.315167e+08	3.427961e+07 1.496478e+09
9.247466e+09 1.487270 2.456142e+08	3.830809e+07 1.520213e+09
9.234368e+09 1.482075 2.601097e+08	4.254151e+07 1.544075e+09
9.221269e+09 1.476914 2.749995e+08	4.697554e+07 1.568063e+09
9.208171e+09 1.471775 2.902791e+08	5.160548e+07 1.592174e+09
9.195072e+09 1.466656 3.059443e+08	5.642661e+07 1.616406e+09
9.181974e+09 1.461559 3.219905e+08	6.143418e+07 1.640757e+09
9.168876e+09 1.456483 3.384132e+08	6.662342e+07 1.665224e+09
9.155777e+09 1.451438 3.552079e+08	7.198979e+07 1.689807e+09
9.142679e+09 1.446418 3.723702e+08	7.752867e+07 1.714503e+09
9.129580e+09 1.441419 3.898953e+08	8.229908e+07 1.739309e+09
9.116482e+09 1.436441 4.077781e+08	8.749192e+07 1.764225e+09
9.103384e+09 1.431482 4.260139e+08	9.320397e+07 1.789247e+09
9.090285e+09 1.426544 4.445978e+08	9.949026e+07 1.814375e+09
9.077187e+09 1.421640 4.635251e+08	1.064102e+08 1.839605e+09
9.064088e+09 1.416755 4.827909e+08	1.140307e+08 1.864937e+09
9.050990e+09 1.411891 5.023901e+08	1.207414e+08 1.890367e+09
9.037892e+09 1.407045 5.223177e+08	1.274956e+08 1.915895e+09
9.024793e+09 1.402220 5.425685e+08	1.343820e+08 1.941518e+09
9.011695e+09 1.397417 5.631376e+08	1.415214e+08 1.967233e+09
8.998597e+09 1.392643 5.840204e+08	1.490066e+08 1.993041e+09
8.985498e+09 1.387888 6.052115e+08	1.568271e+08 2.018938e+09
8.972400e+09 1.383152 6.267060e+08	1.649881e+08 2.044922e+09
8.959301e+09 1.378435 6.484987e+08	1.734961e+08 2.070992e+09
8.946203e+09 1.373736 6.705846e+08	1.823585e+08 2.097145e+09
8.933105e+09 1.369062 6.929588e+08	1.915828e+08 2.123381e+09
8.920006e+09 1.364413 7.156165e+08	2.011765e+08 2.149696e+09
8.906908e+09 1.359782 7.385526e+08	2.111474e+08 2.176090e+09
8.893809e+09 1.355169 7.617621e+08	2.215032e+08 2.202561e+09
8.880711e+09 1.350574 7.852399e+08	2.322516e+08 2.229105e+09
8.867613e+09 1.345997 8.089811e+08	2.434002e+08 2.255723e+09
8.854514e+09 1.341445 8.329811e+08	2.549565e+08 2.282411e+09
8.841416e+09 1.336915 8.572351e+08	2.669278e+08 2.309169e+09
8.828317e+09 1.332403 8.817382e+08	2.793214e+08 2.335994e+09
8.815219e+09 1.327908 9.064854e+08	2.921445e+08 2.362885e+09
8.802121e+09 1.323430 9.314719e+08	3.054041e+08 2.389840e+09
8.789022e+09 1.318970 9.566929e+08	3.191071e+08 2.416857e+09
8.775924e+09 1.314534 9.821440e+08	3.332601e+08 2.443935e+09
8.762825e+09 1.310118 1.007821e+09	3.478695e+08 2.471071e+09
8.749727e+09 1.305720 1.033718e+09	3.629417e+08 2.498265e+09
8.736629e+09 1.301338 1.059832e+09	3.784829e+08 2.525515e+09
8.723530e+09 1.296973 1.086157e+09	3.944991e+08 2.552818e+09
8.710432e+09 1.292625 1.112689e+09	4.109961e+08 2.580173e+09
8.697333e+09 1.288299 1.139423e+09	4.279793e+08 2.607579e+09
8.684235e+09 1.283994 1.166356e+09	4.454540e+08 2.635034e+09
8.671137e+09 1.279704 1.193483e+09	4.634255e+08 2.662537e+09
8.658038e+09 1.275431 1.220799e+09	4.818985e+08 2.690086e+09
8.644940e+09 1.271174 1.248301e+09	5.008780e+08 2.717678e+09
8.631841e+09 1.266933 1.275983e+09	5.203684e+08 2.745313e+09
8.618743e+09 1.262712 1.303841e+09	5.403740e+08 2.772990e+09
8.605645e+09 1.258512 1.331873e+09	5.608986e+08 2.800706e+09
8.592546e+09 1.254328 1.360073e+09	5.819461e+08 2.828461e+09
8.579448e+09 1.250159 1.388437e+09	6.035202e+08 2.856252e+09
8.566350e+09 1.246006 1.416962e+09	6.256243e+08 2.884078e+09
8.553251e+09 1.241868 1.445642e+09	6.482616e+08 2.911938e+09
8.540153e+09 1.237747 1.474475e+09	6.714349e+08 2.939830e+09
8.527054e+09 1.233648 1.503457e+09	6.951468e+08 2.967753e+09
8.513956e+09 1.229565 1.532583e+09	7.193998e+08 2.995706e+09
8.500858e+09 1.225496 1.561851e+09	7.441962e+08 3.023687e+09
8.487759e+09 1.221442 1.591255e+09	7.695381e+08 3.051694e+09
8.474661e+09 1.217403 1.620792e+09	7.954272e+08 3.079727e+09
8.461562e+09 1.213378 1.650459e+09	8.218651e+08 3.107783e+09
8.448464e+09 1.209376 1.680252e+09	8.488532e+08 3.135862e+09
8.435366e+09 1.205390 1.710168e+09	8.763925e+08 3.163962e+09
8.422267e+09 1.201417 1.740203e+09	9.044840e+08 3.192082e+09
8.409169e+09 1.197459 1.770354e+09	9.331284e+08 3.220221e+09
8.396070e+09 1.193515 1.800616e+09	9.623263e+08 3.248377e+09
8.382972e+09 1.189585 1.830987e+09	9.920781e+08 3.277168e+09
8.369874e+09 1.185673 1.861463e+09	1.022384e+09 3.311283e+09
8.356775e+09 1.181779 1.892041e+09	1.053243e+09 3.345311e+09
8.343677e+09 1.177899 1.922718e+09	1.084656e+09 3.379248e+09
8.330578e+09 1.174033 1.953490e+09	1.116622e+09 3.413093e+09
8.317480e+09 1.170180 1.984355e+09	1.149140e+09 3.446845e+09
8.304382e+09 1.166341 2.015309e+09	1.182209e+09 3.480502e+09
8.291283e+09 1.162516 2.046349e+09	1.215830e+09 3.514062e+09
8.278185e+09 1.158712 2.077472e+09	1.249999e+09 3.547524e+09
8.265086e+09 1.154921 2.108675e+09	1.284716e+09 3.580888e+09
8.251988e+09 1.151143 2.139956e+09	1.319979e+09 3.614152e+09
8.238890e+09 1.147378 2.171310e+09	1.355788e+09 3.647314e+09
8.225791e+09 1.143627 2.202736e+09	1.392138e+09 3.680373e+09
8.212693e+09 1.139888 2.234230e+09	1.429030e+09 3.713328e+09
8.199594e+09 1.136166 2.265790e+09	1.466460e+09 3.746179e+09
8.186496e+09 1.132460 2.297413e+09	1.504426e+09 3.778924e+09
8.173398e+09 1.128768 2.329096e+09	1.542926e+09 3.811563e+09
8.160299e+09 1.125088 2.360837e+09	1.581957e+09 3.844095e+09
8.147201e+09 1.121420 2.392632e+09	1.621516e+09 3.876518e+09
8.134103e+09 1.117766 2.424480e+09	1.661601e+09 3.908832e+09
8.121004e+09 1.114123 2.456378e+09	1.702208e+09 3.941036e+09
8.107906e+09 1.110499 2.488323e+09	1.743335e+09 3.973129e+09
8.094807e+09 1.106888 2.520312e+09	1.784977e+09 4.005112e+09
8.081709e+09 1.103289 2.552345e+09	1.827132e+09 4.036983e+09
8.068611e+09 1.099703 2.584417e+09	1.869742e+09 4.068742e+09
8.055512e+09 1.096129 2.616526e+09	1.912201e+09 4.100388e+09
8.042414e+09 1.092567 2.648671e+09	1.954609e+09 4.131920e+09
8.029315e+09 1.089017 2.680848e+09	1.996978e+09 4.163338e+09
8.016217e+09 1.085485 2.713057e+09	2.039313e+09 4.194643e+09
8.003119e+09 1.081965 2.745293e+09	2.081615e+09 4.225834e+09
7.990020e+09 1.078456 2.777557e+09	2.123882e+09 4.256909e+09
7.976922e+09 1.074960 2.809844e+09	2.166115e+09 4.287869e+09
7.963823e+09 1.071475 2.842153e+09	2.208310e+09 4.318714e+09
7.950725e+09 1.068002 2.874482e+09	2.250466e+09 4.349443e+09
7.937627e+09 1.064542 2.906829e+09	2.292581e+09 4.380056e+09
7.924528e+09 1.061097 2.939192e+09	2.334654e+09 4.410553e+09
7.911430e+09 1.057664 2.971569e+09	2.376681e+09 4.440934e+09
7.898331e+09 1.054242 3.003957e+09	2.418660e+09 4.471198e+09
7.885233e+09 1.050831 3.036356e+09	2.460589e+09 4.501346e+09
7.872135e+09 1.047432 3.068763e+09	2.502465e+09 4.531377e+09
7.859036e+09 1.044044 3.101176e+09	2.544287e+09 4.561292e+09
7.845938e+09 1.040669 3.133593e+09	2.586051e+09 4.591089e+09
7.832839e+09 1.037308 3.166013e+09	2.627757e+09 4.620771e+09
7.819741e+09 1.033958 3.198434e+09	2.669401e+09 4.650335e+09
7.806643e+09 1.030619 3.230854e+09	2.710983e+09 4.679783e+09
7.793544e+09 1.027292 3.263271e+09	2.752499e+09 4.709114e+09
7.780446e+09 1.023975 3.295684e+09	2.793948e+09 4.738329e+09
7.767348e+09 1.020668 3.328091e+09	2.835329e+09 4.767427e+09
7.754249e+09 1.017374 3.360491e+09	2.876638e+09 4.796408e+09
7.741151e+09 1.014094 3.392881e+09	2.917875e+09 4.825274e+09
7.728052e+09 1.010824 3.425261e+09	2.959039e+09 4.854023e+09
7.714954e+09 1.007565 3.457628e+09	3.000127e+09 4.882656e+09
7.701856e+09 1.004316 3.489982e+09	3.041139e+09 4.911174e+09
7.688757e+09 1.001078 3.522321e+09	3.082071e+09 4.939576e+09
7.675659e+09 0.997850 3.554642e+09	3.122924e+09 4.967862e+09
7.662560e+09 0.994634 3.586946e+09	3.163695e+09 4.996034e+09
7.649462e+09 0.991431 3.619230e+09	3.204385e+09 5.024090e+09
7.636364e+09 0.988238 3.651493e+09	3.244990e+09 5.052032e+09
7.623265e+09 0.985055 3.683734e+09	3.285512e+09 5.079859e+09
7.610167e+09 0.981883 3.715951e+09	3.325947e+09 5.107573e+09
7.597068e+09 0.978720 3.748144e+09	3.366295e+09 5.135172e+09
7.583970e+09 0.975568 3.780310e+09	3.406555e+09 5.162657e+09
7.570872e+09 0.972426 3.812448e+09	3.446727e+09 5.190030e+09
7.557773e+09 0.969296 3.844558e+09	3.486808e+09 5.217289e+09
7.544675e+09 0.966177 3.876638e+09	3.526799e+09 5.244436e+09
7.531576e+09 0.963068 3.908687e+09	3.566699e+09 5.271470e+09
7.518478e+09 0.959969 3.940703e+09	3.606507e+09 5.298393e+09
7.505380e+09 0.956879 3.972686e+09	3.646222e+09 5.325204e+09
7.492281e+09 0.953799 4.004635e+09	3.685842e+09 5.351903e+09
7.479183e+09 0.950729 4.036547e+09	3.725369e+09 5.378492e+09
7.466084e+09 0.947670 4.068423e+09	3.764800e+09 5.404970e+09
7.452986e+09 0.944622 4.100261e+09	3.804137e+09 5.431338e+09
7.439888e+09 0.941584 4.132061e+09	3.843377e+09 5.457597e+09
7.426789e+09 0.938554 4.163820e+09	3.882521e+09 5.483746e+09
7.413691e+09 0.935535 4.195539e+09	3.921567e+09 5.509786e+09
7.400592e+09 0.932524 4.227215e+09	3.960516e+09 5.535717e+09
7.387494e+09 0.929523 4.258849e+09	3.999367e+09 5.561541e+09
7.374396e+09 0.926532 4.290438e+09	4.038120e+09 5.587256e+09
7.361297e+09 0.923552 4.321983e+09	4.076774e+09 5.612865e+09
7.348199e+09 0.920582 4.353483e+09	4.115329e+09 5.638367e+09
7.335101e+09 0.917620 4.384936e+09	4.153785e+09 5.663762e+09
7.322002e+09 0.914668 4.416341e+09	4.192141e+09 5.689052e+09
7.308904e+09 0.911724 4.447698e+09	4.230397e+09 5.714236e+09
7.295805e+09 0.908790 4.479006e+09	4.268553e+09 5.739315e+09
7.282707e+09 0.905864 4.510264e+09	4.306608e+09 5.764289e+09
7.269609e+09 0.902950 4.541472e+09	4.344563e+09 5.789159e+09
7.256510e+09 0.900044 4.572628e+09	4.382417e+09 5.813926e+09
7.243412e+09 0.897147 4.603731e+09	4.420265e+09 5.838589e+09
7.230313e+09 0.894260 4.634782e+09	4.458088e+09 5.863150e+09
7.217215e+09 0.891381 4.665778e+09	4.495883e+09 5.887609e+09
7.204117e+09 0.888510 4.696721e+09	4.533647e+09 5.911965e+09
7.191018e+09 0.885649 4.727608e+09	4.571378e+09 5.936221e+09
7.177920e+09 0.882796 4.758438e+09	4.609072e+09 5.960375e+09
7.164821e+09 0.879953 4.789213e+09	4.646729e+09 5.984429e+09
7.151723e+09 0.877119 4.819930e+09	4.684347e+09 6.008384e+09
7.138625e+09 0.874294 4.850589e+09	4.721923e+09 6.032239e+09
7.125526e+09 0.871476 4.881190e+09	4.759458e+09 6.055995e+09
7.112428e+09 0.868668 4.911732e+09	4.796948e+09 6.079653e+09
7.099329e+09 0.865867 4.942213e+09	4.834393e+09 6.103213e+09
7.086231e+09 0.863076 4.972635e+09	4.871791e+09 6.126676e+09
7.073133e+09 0.860293 5.002995e+09	4.909142e+09 6.150041e+09
7.060034e+09 0.857519 5.033294e+09	4.946443e+09 6.173310e+09
7.046936e+09 0.854753 5.063531e+09	4.983694e+09 6.196484e+09
7.033837e+09 0.851996 5.093706e+09	5.020895e+09 6.219562e+09
7.020739e+09 0.849246 5.123817e+09	5.058042e+09 6.242545e+09
7.007641e+09 0.846505 5.153864e+09	5.095137e+09 6.265433e+09
6.994542e+09 0.843772 5.183848e+09	5.132176e+09 6.288228e+09
6.981444e+09 0.841047 5.213767e+09	5.169161e+09 6.310929e+09
6.968345e+09 0.838331 5.243620e+09	5.206089e+09 6.333537e+09
6.955247e+09 0.835623 5.273409e+09	5.242960e+09 6.356052e+09
6.942149e+09 0.832923 5.303131e+09	5.279773e+09 6.378476e+09
6.929050e+09 0.830230 5.332786e+09	5.316527e+09 6.400809e+09
6.915952e+09 0.827546 5.362375e+09	5.353221e+09 6.423050e+09
6.902854e+09 0.824870 5.391897e+09	5.389855e+09 6.445201e+09
6.889755e+09 0.822201 5.421351e+09	5.421351e+09 6.467261e+09
6.876657e+09 0.819540 5.450736e+09	5.450736e+09 6.489233e+09
6.863558e+09 0.816888 5.480053e+09	5.480053e+09 6.511115e+09
6.850460e+09 0.814243 5.509302e+09	5.509302e+09 6.532909e+09
6.837362e+09 0.811606 5.538481e+09	5.538481e+09 6.554615e+09
6.824263e+09 0.808976 5.567590e+09	5.567590e+09 6.576233e+09
6.811165e+09 0.806354 5.596630e+09	5.596630e+09 6.597765e+09
6.798066e+09 0.803740 5.625599e+09	5.625599e+09 6.619209e+09
6.784968e+09 0.801133 5.654497e+09	5.654497e+09 6.640568e+09
6.771870e+09 0.798534 5.683325e+09	5.683325e+09 6.661841e+09
6.758771e+09 0.795942 5.712081e+09	5.712081e+09 6.683029e+09
6.745673e+09 0.793358 5.740766e+09	5.740766e+09 6.704133e+09
6.732574e+09 0.790782 5.769379e+09	5.769379e+09 6.725152e+09
6.719476e+09 0.788212 5.797920e+09	5.797920e+09 6.746088e+09
6.706378e+09 0.785650 5.826389e+09	5.826389e+09 6.766940e+09
6.693279e+09 0.783096 5.854785e+09	5.854785e+09 6.787710e+09
6.680181e+09 0.780548 5.883108e+09	5.883108e+09 6.808398e+09
6.667082e+09 0.778008 5.911358e+09	5.911358e+09 6.840510e+09
6.653984e+09 0.775475 5.939534e+09	5.939534e+09 6.872663e+09
6.640886e+09 0.772950 5.967637e+09	5.967637e+09 6.904613e+09
6.627787e+09 0.770431 5.995666e+09	5.995666e+09 6.936363e+09
6.614689e+09 0.767919 6.023621e+09	6.023621e+09 6.967913e+09
6.601590e+09 0.765415 6.051502e+09	6.051502e+09 6.999265e+09
6.588492e+09 0.762918 6.079308e+09	6.079308e+09 7.030419e+09
6.575394e+09 0.760428 6.107039e+09	6.107039e+09 7.061377e+09
6.562295e+09 0.757944 6.134696e+09	6.134696e+09 7.092140e+09
6.549197e+09 0.755468 6.162278e+09	6.162278e+09 7.122708e+09
6.536098e+09 0.752998 6.189784e+09	6.189784e+09 7.153083e+09
6.523000e+09 0.750535 6.217216e+09	6.217216e+09 7.183267e+09
6.509902e+09 0.748079 6.244571e+09	6.244571e+09 7.213259e+09
6.496803e+09 0.745630 6.271851e+09	6.271851e+09 7.243062e+09
6.483705e+09 0.743188 6.299055e+09	6.299055e+09 7.272676e+09
6.470607e+09 0.740753 6.326184e+09	6.326184e+09 7.302103e+09
6.457508e+09 0.738324 6.353236e+09	6.353236e+09 7.331343e+09
6.444410e+09 0.735902 6.380212e+09	6.380212e+09 7.360398e+09
6.431311e+09 0.733486 6.407112e+09	6.407112e+09 7.389269e+09
6.418213e+09 0.731076 6.433935e+09	6.433935e+09 7.417957e+09
6.405115e+09 0.728674 6.460681e+09	6.460681e+09 7.446462e+09
6.392016e+09 0.726278 6.487352e+09	6.487352e+09 7.474787e+09
6.378918e+09 0.723889 6.513945e+09	6.513945e+09 7.502932e+09
6.365819e+09 0.721506 6.540461e+09	6.540461e+09 7.530899e+09
6.352721e+09 0.719130 6.566901e+09	6.566901e+09 7.558688e+09
6.339623e+09 0.716760 6.593264e+09	6.593264e+09 7.586301e+09
6.326524e+09 0.714396 6.619550e+09	6.619550e+09 7.613738e+09
6.313426e+09 0.712039 6.645758e+09	6.645758e+09 7.641001e+09
6.300327e+09 0.709688 6.671889e+09	6.671889e+09 7.668090e+09
6.287229e+09 0.707343 6.697943e+09	6.697943e+09 7.695008e+09
6.274131e+09 0.705005 6.723920e+09	6.723920e+09 7.721755e+09
6.261032e+09 0.702673 6.749820e+09	6.749820e+09 7.748331e+09
6.247934e+09 0.700347 6.775642e+09	6.775642e+09 7.774739e+09
6.234835e+09 0.698028 6.801387e+09	6.801387e+09 7.800990e+09
6.221737e+09 0.695714 6.827054e+09	6.827054e+09 7.827083e+09
6.208639e+09 0.693406 6.852644e+09	6.852644e+09 7.853020e+09
6.195540e+09 0.691104 6.878156e+09	6.878156e+09 7.878802e+09
6.182442e+09 0.688809 6.903591e+09	6.903591e+09 7.904429e+09
6.169343e+09 0.686519 6.928948e+09	6.928948e+09 7.929902e+09
6.156245e+09 0.684236 6.954228e+09	6.954228e+09 7.955223e+09
6.143147e+09 0.681960 6.979430e+09	6.979430e+09 7.980393e+09
6.130048e+09 0.679689 7.004555e+09	7.004555e+09 8.005412e+09
6.116950e+09 0.677423 7.029602e+09	7.029602e+09 8.030282e+09
6.103851e+09 0.675163 7.054572e+09	7.054572e+09 8.055002e+09
6.090753e+09 0.672909 7.079464e+09	7.079464e+09 8.079575e+09
6.077655e+09 0.670661 7.104279e+09	7.104279e+09 8.104001e+09
6.064556e+09 0.668419 7.129016e+09	7.129016e+09 8.128282e+09
6.051458e+09 0.666183 7.153676e+09	7.153676e+09 8.152418e+09
6.038360e+09 0.663953 7.178258e+09	7.178258e+09 8.176410e+09
6.025261e+09 0.661729 7.202763e+09	7.202763e+09 8.200259e+09
6.012163e+09 0.659510 7.227190e+09	7.227190e+09 8.223967e+09
5.999064e+09 0.657296 7.251541e+09	7.251541e+09 8.247533e+09
5.985966e+09 0.655088 7.275814e+09	7.275814e+09 8.270960e+09
5.972868e+09 0.652885 7.300009e+09	7.300009e+09 8.294247e+09
5.959769e+09 0.650689 7.324128e+09	7.324128e+09 8.317397e+09
5.946671e+09 0.648498 7.348169e+09	7.348169e+09 8.340409e+09
5.933572e+09 0.646313 7.372133e+09	7.372133e+09 8.363285e+09
5.920474e+09 0.644134 7.396020e+09	7.396020e+09 8.386026e+09
5.907376e+09 0.641961 7.419830e+09	7.419830e+09 8.408632e+09
5.894277e+09 0.639792 7.443564e+09	7.443564e+09 8.431106e+09
5.881179e+09 0.637628 7.467220e+09	7.467220e+09 8.453446e+09
5.868080e+09 0.635469 7.490800e+09	7.490800e+09 8.475655e+09
5.854982e+09 0.633317 7.514303e+09	7.514303e+09 8.497733e+09
5.841884e+09 0.631169 7.537729e+09	7.537729e+09 8.519681e+09
5.828785e+09 0.629028 7.561079e+09	7.561079e+09 8.541500e+09
5.815687e+09 0.626892 7.584352e+09	7.584352e+09 8.563191e+09
5.802588e+09 0.624762 7.607549e+09	7.607549e+09 8.584755e+09
5.789490e+09 0.622637 7.630669e+09	7.630669e+09 8.606192e+09
5.776392e+09 0.620516 7.653714e+09	7.653714e+09 8.627504e+09
5.763293e+09 0.618400 7.676682e+09	7.676682e+09 8.648691e+09
5.750195e+09 0.616289 7.699574e+09	7.699574e+09 8.669754e+09
5.737096e+09 0.614184 7.722390e+09	7.722390e+09 8.690695e+09
5.723998e+09 0.612084 7.745130e+09	7.745130e+09 8.711513e+09
5.710900e+09 0.609990 7.767795e+09	7.767795e+09 8.732210e+09
5.697801e+09 0.607901 7.790384e+09	7.790384e+09 8.752786e+09
5.684703e+09 0.605818 7.812897e+09	7.812897e+09 8.773243e+09
5.671604e+09 0.603740 7.835335e+09	7.835335e+09 8.793581e+09
5.658506e+09 0.601665 7.857698e+09	7.857698e+09 8.813801e+09
5.645408e+09 0.599595 7.879985e+09	7.879985e+09 8.833903e+09
5.632309e+09 0.597531 7.902197e+09	7.902197e+09 8.853889e+09
5.619211e+09 0.595471 7.924334e+09	7.924334e+09 8.873760e+09
5.606113e+09 0.593417 7.946397e+09	7.946397e+09 8.893515e+09
5.593014e+09 0.591369 7.968384e+09	7.968384e+09 8.913156e+09
5.579916e+09 0.589325 7.990297e+09	7.990297e+09 8.932685e+09
5.566817e+09 0.587287 8.012135e+09	8.012135e+09 8.952100e+09
5.553719e+09 0.585254 8.033900e+09	8.033900e+09 8.971404e+09
5.540621e+09 0.583223 8.055589e+09	8.055589e+09 8.990597e+09
5.527522e+09 0.581198 8.077205e+09	8.077205e+09 9.009679e+09
5.514424e+09 0.579177 8.098746e+09	8.098746e+09 9.028652e+09
5.501325e+09 0.577162 8.120214e+09	8.120214e+09 9.047516e+09
5.488227e+09 0.575152 8.141607e+09	8.141607e+09 9.066272e+09
5.475129e+09 0.573147 8.162928e+09	8.162928e+09 9.084921e+09
5.462030e+09 0.571147 8.184174e+09	8.184174e+09 9.103463e+09
5.448932e+09 0.569152 8.205348e+09	8.205348e+09 9.121899e+09
5.435833e+09 0.567162 8.226448e+09	8.226448e+09 9.140230e+09
5.422735e+09 0.565175 8.247475e+09	8.247475e+09 9.158457e+09
5.409637e+09 0.563192 8.268429e+09	8.268429e+09 9.176580e+09
5.396538e+09 0.561214 8.289310e+09	8.289310e+09 9.194600e+09
5.383440e+09 0.559241 8.310119e+09	8.310119e+09 9.212517e+09
5.370341e+09 0.557273 8.330855e+09	8.330855e+09 9.230333e+09
5.357243e+09 0.555310 8.351518e+09	8.351518e+09 9.248047e+09
5.344145e+09 0.553352 8.372110e+09	8.372110e+09 9.265662e+09
5.331046e+09 0.551399 8.392629e+09	8.392629e+09 9.283176e+09
5.317948e+09 0.549450 8.413077e+09	8.413077e+09 9.300576e+09
5.304849e+09 0.547505 8.433452e+09	8.433452e+09 9.317821e+09
5.291751e+09 0.545563 8.453756e+09	8.453756e+09 9.334921e+09
5.278653e+09 0.543626 8.473989e+09	8.473989e+09 9.351879e+09
5.265554e+09 0.541694 8.494150e+09	8.494150e+09 9.368698e+09
5.252456e+09 0.539766 8.514240e+09	8.514240e+09 9.385379e+09
5.239358e+09 0.537844 8.534259e+09	8.534259e+09 9.401924e+09
5.226259e+09 0.535926 8.554207e+09	8.554207e+09 9.418335e+09
5.213161e+09 0.534013 8.574085e+09	8.574085e+09 9.434613e+09
5.200062e+09 0.532105 8.593892e+09	8.593892e+09 9.450760e+09
5.186964e+09 0.530200 8.613628e+09	8.613628e+09 9.466777e+09
5.173866e+09 0.528297 8.633295e+09	8.633295e+09 9.482666e+09
5.160767e+09 0.526400 8.652891e+09	8.652891e+09 9.498427e+09
5.147669e+09 0.524507 8.672417e+09	8.672417e+09 9.514062e+09
5.134570e+09 0.522618 8.691874e+09	8.691874e+09 9.529572e+09
5.121472e+09 0.520735 8.711261e+09	8.711261e+09 9.544959e+09
5.108374e+09 0.518856 8.730578e+09	8.730578e+09 9.562277e+09
5.095275e+09 0.516981 8.749827e+09	8.749827e+09 9.585678e+09
5.082177e+09 0.515112 8.769006e+09	8.769006e+09 9.608988e+09
5.069078e+09 0.513246 8.788117e+09	8.788117e+09 9.632206e+09
5.055980e+09 0.511382 8.807159e+09	8.807159e+09 9.655335e+09
5.042882e+09 0.509522 8.826132e+09	8.826132e+09 9.678373e+09
5.029783e+09 0.507667 8.845036e+09	8.845036e+09 9.701321e+09
5.016685e+09 0.505816 8.863873e+09	8.863873e+09 9.724180e+09
5.003586e+09 0.503970 8.882641e+09	8.882641e+09 9.746949e+09
4.990488e+09 0.502129 8.901341e+09	8.901341e+09 9.769631e+09
4.977390e+09 0.500291 8.919974e+09	8.919974e+09 9.792224e+09
4.964291e+09 0.498459 8.938539e+09	8.938539e+09 9.814624e+09
4.951193e+09 0.496631 8.957037e+09	8.957037e+09 9.836829e+09
4.938094e+09 0.494804 8.975468e+09	8.975468e+09 9.858849e+09
4.924996e+09 0.492981 8.993832e+09	8.993832e+09 9.880688e+09
4.911898e+09 0.491162 9.012128e+09	9.012128e+09 9.902347e+09
4.898799e+09 0.489348 9.030358e+09	9.030358e+09 9.923831e+09
4.885701e+09 0.487538 9.048521e+09	9.044603e+09 9.945141e+09
4.872602e+09 0.485732 9.066619e+09	9.057637e+09 9.966279e+09
4.859504e+09 0.483931 9.084649e+09	9.070636e+09 9.987248e+09
4.846406e+09 0.482134 9.102614e+09	9.083600e+09 1.000805e+10
4.833307e+09 0.480342 9.120514e+09	9.096529e+09 1.002869e+10
4.820209e+09 0.478552 9.138347e+09	9.109424e+09 1.004916e+10
4.807111e+09 0.476764 9.156115e+09	9.122284e+09 1.006947e+10
4.794012e+09 0.474980 9.173818e+09	9.135110e+09 1.008962e+10
4.780914e+09 0.473201 9.191456e+09	9.147902e+09 1.010961e+10
4.767815e+09 0.471426 9.209028e+09	9.160661e+09 1.012944e+10
4.754717e+09 0.469655 9.226536e+09	9.173386e+09 1.014912e+10
4.741619e+09 0.467888 9.243979e+09	9.186078e+09 1.016864e+10
4.728520e+09 0.466126 9.261358e+09	9.198736e+09 1.018801e+10
4.715422e+09 0.464368 9.278673e+09	9.211362e+09 1.020723e+10
4.702323e+09 0.462614 9.295924e+09	9.223956e+09 1.022629e+10
4.689225e+09 0.460861 9.313111e+09	9.236516e+09 1.024521e+10
4.676127e+09 0.459111 9.330234e+09	9.249045e+09 1.026398e+10
4.663028e+09 0.457365 9.347294e+09	9.261541e+09 1.028261e+10
4.649930e+09 0.455624 9.364290e+09	9.274005e+09 1.030109e+10
4.636831e+09 0.453886 9.381223e+09	9.286438e+09 1.031942e+10
4.623733e+09 0.452153 9.398093e+09	9.298839e+09 1.033762e+10
4.610635e+09 0.450424 9.414900e+09	9.311209e+09 1.035567e+10
4.597536e+09 0.448699 9.431645e+09	9.323547e+09 1.037358e+10
4.584438e+09 0.446978 9.448328e+09	9.335855e+09 1.039136e+10
4.571339e+09 0.445261 9.464948e+09	9.348132e+09 1.040900e+10
4.558241e+09 0.443544 9.481506e+09	9.360378e+09 1.042650e+10
4.545143e+09 0.441830 9.498002e+09	9.372594e+09 1.044386e+10
4.532044e+09 0.440121 9.514436e+09	9.384780e+09 1.046110e+10
4.518946e+09 0.438416 9.530809e+09	9.396935e+09 1.047819e+10
4.505847e+09 0.436715 9.547121e+09	9.409061e+09 1.049516e+10
4.492749e+09 0.435018 9.563371e+09	9.421157e+09 1.051200e+10
4.479651e+09 0.433325 9.579560e+09	9.433224e+09 1.052871e+10
4.466552e+09 0.431636 9.595689e+09	9.445261e+09 1.054529e+10
4.453454e+09 0.429951 9.611757e+09	9.457269e+09 1.056174e+10
4.440355e+09 0.428268 9.627765e+09	9.469248e+09 1.057807e+10
4.427257e+09 0.426586 9.643712e+09	9.481198e+09 1.059427e+10
4.414159e+09 0.424908 9.659599e+09	9.493120e+09 1.061034e+10
4.401060e+09 0.423234 9.675427e+09	9.505013e+09 1.062630e+10
4.387962e+09 0.421564 9.691194e+09	9.516878e+09 1.064213e+10
4.374864e+09 0.419898 9.706902e+09	9.528714e+09 1.065784e+10
4.361765e+09 0.418235 9.722550e+09	9.540523e+09 1.067343e+10
4.348667e+09 0.416577 9.738140e+09	9.552304e+09 1.068891e+10
4.335568e+09 0.414922 9.753670e+09	9.564057e+09 1.070426e+10
4.322470e+09 0.413272 9.769142e+09	9.575783e+09 1.071950e+10
4.309372e+09 0.411622 9.784556e+09	9.587482e+09 1.073462e+10
4.296273e+09 0.409974 9.799910e+09	9.599153e+09 1.074963e+10
4.283175e+09 0.408330 9.815206e+09	9.610798e+09 1.076452e+10
4.270076e+09 0.406690 9.830444e+09	9.622415e+09 1.077930e+10
4.256978e+09 0.405054 9.845625e+09	9.634006e+09 1.079397e+10
4.243880e+09 0.403421 9.860747e+09	9.645570e+09 1.080853e+10
4.230781e+09 0.401793 9.875812e+09	9.657108e+09 1.082297e+10
4.217683e+09 0.400168 9.890819e+09	9.668620e+09 1.083731e+10
4.204584e+09 0.398547 9.905770e+09	9.680106e+09 1.085154e+10
4.191486e+09 0.396929 9.920663e+09	9.691566e+09 1.086566e+10
4.178388e+09 0.395312 9.935500e+09	9.703001e+09 1.087968e+10
4.165289e+09 0.393697 9.950280e+09	9.714409e+09 1.089358e+10
4.152191e+09 0.392086 9.965003e+09	9.725792e+09 1.090739e+10
4.139092e+09 0.390478 9.979670e+09	9.737150e+09 1.092109e+10
4.125994e+09 0.388874 9.994281e+09	9.748483e+09 1.093468e+10
4.112896e+09 0.387274 1.000884e+10	9.759791e+09 1.094818e+10
4.099797e+09 0.385678 1.002333e+10	9.771074e+09 1.096157e+10
4.086699e+09 0.384085 1.003778e+10	9.782332e+09 1.097486e+10
4.073600e+09 0.382496 1.005217e+10	9.793566e+09 1.098805e+10
4.060502e+09 0.380911 1.006650e+10	9.804776e+09 1.100114e+10
4.047404e+09 0.379325 1.008078e+10	9.815961e+09 1.101414e+10
4.034305e+09 0.377742 1.009500e+10	9.827122e+09 1.102703e+10
4.021207e+09 0.376162 1.010917e+10	9.838260e+09 1.103983e+10
4.008108e+09 0.374586 1.012328e+10	9.849373e+09 1.105253e+10
3.995010e+09 0.373014 1.013734e+10	9.860463e+09 1.106514e+10
3.981912e+09 0.371445 1.015135e+10	9.871529e+09 1.107766e+10
3.968813e+09 0.369879 1.016530e+10	9.882571e+09 1.109008e+10
3.955715e+09 0.368318 1.017919e+10	9.893591e+09 1.110240e+10
3.942617e+09 0.366759 1.019304e+10	9.904587e+09 1.111464e+10
3.929518e+09 0.365205 1.020683e+10	9.915561e+09 1.112678e+10
3.916420e+09 0.363650 1.022057e+10	9.926512e+09 1.113884e+10
3.903321e+09 0.362098 1.023425e+10	9.937440e+09 1.115080e+10
3.890223e+09 0.360548 1.024788e+10	9.948345e+09 1.116267e+10
3.877125e+09 0.359002 1.026146e+10	9.959228e+09 1.117446e+10
3.864026e+09 0.357460 1.027498e+10	9.970088e+09 1.118615e+10
3.850928e+09 0.355921 1.028846e+10	9.980926e+09 1.119776e+10
3.837829e+09 0.354386 1.030188e+10	9.991743e+09 1.120929e+10
3.824731e+09 0.352854 1.031524e+10	1.000254e+10 1.122073e+10
3.811633e+09 0.351326 1.032856e+10	1.001331e+10 1.123208e+10
3.798534e+09 0.349801 1.034183e+10	1.002406e+10 1.124335e+10
3.785436e+09 0.348277 1.035504e+10	1.003479e+10 1.125453e+10
3.772337e+09 0.346753 1.036820e+10	1.004550e+10 1.126564e+10
3.759239e+09 0.345233 1.038131e+10	1.005619e+10 1.127666e+10
3.746141e+09 0.343717 1.039437e+10	1.006685e+10 1.128759e+10
3.733042e+09 0.342204 1.040738e+10	1.007750e+10 1.129845e+10
3.719944e+09 0.340694 1.042034e+10	1.008812e+10 1.130923e+10
3.706845e+09 0.339187 1.043324e+10	1.009872e+10 1.131992e+10
3.693747e+09 0.337684 1.044610e+10	1.010930e+10 1.133054e+10
3.680649e+09 0.336185 1.045891e+10	1.011987e+10 1.134108e+10
3.667550e+09 0.334688 1.047166e+10	1.013041e+10 1.135154e+10
3.654452e+09 0.333194 1.048437e+10	1.014093e+10 1.136192e+10
3.641353e+09 0.331699 1.049703e+10	1.015143e+10 1.137223e+10
3.628255e+09 0.330207 1.050964e+10	1.016191e+10 1.138246e+10
3.615157e+09 0.328719 1.052219e+10	1.017237e+10 1.139261e+10
3.602058e+09 0.327234 1.053470e+10	1.018281e+10 1.140269e+10
3.588960e+09 0.325752 1.054716e+10	1.019323e+10 1.141270e+10
3.575861e+09 0.324274 1.055957e+10	1.020364e+10 1.142263e+10
3.562763e+09 0.322798 1.057193e+10	1.021402e+10 1.143249e+10
3.549665e+09 0.321326 1.058425e+10	1.022438e+10 1.144228e+10
3.536566e+09 0.319858 1.059651e+10	1.023472e+10 1.145199e+10
3.523468e+09 0.318392 1.060873e+10	1.024505e+10 1.146163e+10
3.510370e+09 0.316925 1.062090e+10	1.025535e+10 1.147121e+10
3.497271e+09 0.315461 1.063302e+10	1.026564e+10 1.148071e+10
3.484173e+09 0.314000 1.064509e+10	1.027591e+10 1.149014e+10
3.471074e+09 0.312542 1.065712e+10	1.028616e+10 1.149950e+10
3.457976e+09 0.311087 1.066910e+10	1.029639e+10 1.150879e+10
3.444878e+09 0.309635 1.068103e+10	1.030660e+10 1.151802e+10
3.431779e+09 0.308187 1.069291e+10	1.031679e+10 1.152718e+10
3.418681e+09 0.306742 1.070475e+10	1.032697e+10 1.153627e+10
3.405582e+09 0.305300 1.071654e+10	1.033713e+10 1.154529e+10
3.392484e+09 0.303861 1.072828e+10	1.034727e+10 1.155425e+10
3.379386e+09 0.302423 1.073998e+10	1.035739e+10 1.156314e+10
3.366287e+09 0.300984 1.075163e+10	1.036749e+10 1.157197e+10
3.353189e+09 0.299549 1.076323e+10	1.037758e+10 1.158073e+10
3.340090e+09 0.298118 1.077479e+10	1.038765e+10 1.158943e+10
3.326992e+09 0.296689 1.078631e+10	1.039770e+10 1.159807e+10
3.313894e+09 0.295263 1.079777e+10	1.040773e+10 1.160664e+10
3.300795e+09 0.293841 1.080919e+10	1.041775e+10 1.161515e+10
3.287697e+09 0.292422 1.082057e+10	1.042775e+10 1.162359e+10
3.274598e+09 0.291005 1.083190e+10	1.043773e+10 1.163198e+10
3.261500e+09 0.289592 1.084319e+10	1.044769e+10 1.164030e+10
3.248402e+09 0.288182 1.085443e+10	1.045764e+10 1.164857e+10
3.235303e+09 0.286769 1.086563e+10	1.046757e+10 1.165677e+10
3.222205e+09 0.285360 1.087678e+10	1.047749e+10 1.166491e+10
3.209106e+09 0.283953 1.088789e+10	1.048739e+10 1.167300e+10
3.196008e+09 0.282550 1.089895e+10	1.049727e+10 1.168102e+10
3.182910e+09 0.281149 1.090997e+10	1.050713e+10 1.168899e+10
3.169811e+09 0.279752 1.092094e+10	1.051698e+10 1.169690e+10
3.156713e+09 0.278358 1.093188e+10	1.052682e+10 1.170475e+10
3.143615e+09 0.276966 1.094276e+10	1.053663e+10 1.171254e+10
3.130516e+09 0.275578 1.095361e+10	1.054643e+10 1.172028e+10
3.117418e+09 0.274193 1.096441e+10	1.055622e+10 1.172796e+10
3.104319e+09 0.272808 1.097517e+10	1.056599e+10 1.173559e+10
3.091221e+09 0.271423 1.098588e+10	1.057574e+10 1.174316e+10
3.078123e+09 0.270040 1.099655e+10	1.058548e+10 1.175067e+10
3.065024e+09 0.268661 1.100718e+10	1.059520e+10 1.175813e+10
3.051926e+09 0.267285 1.101777e+10	1.060491e+10 1.176554e+10
3.038827e+09 0.265912 1.102831e+10	1.061460e+10 1.177289e+10
3.025729e+09 0.264542 1.103882e+10	1.062427e+10 1.178019e+10
3.012631e+09 0.263175 1.104928e+10	1.063394e+10 1.178743e+10
2.999532e+09 0.261810 1.105969e+10	1.064358e+10 1.179463e+10
2.986434e+09 0.260449 1.107007e+10	1.065321e+10 1.180177e+10
2.973335e+09 0.259091 1.108041e+10	1.066283e+10 1.180886e+10
2.960237e+09 0.257730 1.109070e+10	1.067243e+10 1.181590e+10
2.947139e+09 0.256371 1.110095e+10	1.068202e+10 1.182288e+10
2.934040e+09 0.255016 1.111116e+10	1.069159e+10 1.182982e+10
2.920942e+09 0.253663 1.112133e+10	1.070115e+10 1.183671e+10
2.907843e+09 0.252313 1.113146e+10	1.071069e+10 1.184354e+10
2.894745e+09 0.250966 1.114154e+10	1.072022e+10 1.185033e+10
2.881647e+09 0.249622 1.115159e+10	1.072973e+10 1.185707e+10
2.868548e+09 0.248281 1.116160e+10	1.073923e+10 1.186376e+10
2.855450e+09 0.246943 1.117156e+10	1.074872e+10 1.187040e+10
2.842351e+09 0.245608 1.118149e+10	1.075819e+10 1.187699e+10
2.829253e+09 0.244274 1.119137e+10	1.076765e+10 1.188353e+10
2.816155e+09 0.242938 1.120122e+10	1.077709e+10 1.189003e+10
2.803056e+09 0.241605 1.121103e+10	1.078652e+10 1.189648e+10
2.789958e+09 0.240275 1.122079e+10	1.079594e+10 1.190289e+10
2.776859e+09 0.238948 1.123052e+10	1.080534e+10 1.190924e+10
2.763761e+09 0.237624 1.124021e+10	1.081473e+10 1.191556e+10
2.750663e+09 0.236302 1.124985e+10	1.082411e+10 1.192182e+10
2.737564e+09 0.234984 1.125946e+10	1.083347e+10 1.192804e+10
2.724466e+09 0.233668 1.126903e+10	1.084282e+10 1.193422e+10
2.711368e+09 0.232355 1.127856e+10	1.085216e+10 1.194035e+10
2.698269e+09 0.231044 1.128806e+10	1.086148e+10 1.194644e+10
2.685171e+09 0.229734 1.129751e+10	1.087079e+10 1.195248e+10
2.672072e+09 0.228423 1.130693e+10	1.088009e+10 1.195848e+10
2.658974e+09 0.227115 1.131630e+10	1.088938e+10 1.196444e+10
2.645876e+09 0.225810 1.132564e+10	1.089865e+10 1.197035e+10
2.632777e+09 0.224507 1.133494e+10	1.090791e+10 1.197622e+10
2.619679e+09 0.223208 1.134421e+10	1.091715e+10 1.198205e+10
2.606580e+09 0.221911 1.135343e+10	1.092639e+10 1.198784e+10
2.593482e+09 0.220616 1.136262e+10	1.093561e+10 1.199358e+10
2.580384e+09 0.219325 1.137177e+10	1.094482e+10 1.199928e+10
2.567285e+09 0.218036 1.138088e+10	1.095402e+10 1.200495e+10
2.554187e+09 0.216750 1.138996e+10	1.096320e+10 1.201057e+10
2.541088e+09 0.215463 1.139900e+10	1.097237e+10 1.201615e+10
2.527990e+09 0.214176 1.140800e+10	1.098153e+10 1.202169e+10
2.514892e+09 0.212892 1.141697e+10	1.099068e+10 1.202719e+10
2.501793e+09 0.211611 1.142590e+10	1.099982e+10 1.203265e+10
2.488695e+09 0.210332 1.143479e+10	1.100894e+10 1.203807e+10
2.475596e+09 0.209056 1.144364e+10	1.101805e+10 1.204346e+10
2.462498e+09 0.207782 1.145246e+10	1.102716e+10 1.204880e+10
2.449400e+09 0.206512 1.146125e+10	1.103624e+10 1.205410e+10
2.436301e+09 0.205244 1.146999e+10	1.104532e+10 1.205937e+10
2.423203e+09 0.203978 1.147870e+10	1.105439e+10 1.206460e+10
2.410104e+09 0.202716 1.148738e+10	1.106344e+10 1.206979e+10
2.397006e+09 0.201451 1.149602e+10	1.107249e+10 1.207495e+10
2.383908e+09 0.200188 1.150463e+10	1.108152e+10 1.208006e+10
2.370809e+09 0.198927 1.151320e+10	1.109054e+10 1.208514e+10
2.357711e+09 0.197668 1.152173e+10	1.109955e+10 1.209019e+10
2.344612e+09 0.196412 1.153023e+10	1.110855e+10 1.209519e+10
2.331514e+09 0.195159 1.153869e+10	1.111754e+10 1.210016e+10
2.318416e+09 0.193909 1.154712e+10	1.112651e+10 1.210510e+10
2.305317e+09 0.192661 1.155552e+10	1.113548e+10 1.211000e+10
2.292219e+09 0.191416 1.156388e+10	1.114443e+10 1.211486e+10
2.279121e+09 0.190173 1.157220e+10	1.115338e+10 1.211969e+10
2.266022e+09 0.188933 1.158049e+10	1.116231e+10 1.212449e+10
2.252924e+09 0.187691 1.158875e+10	1.117124e+10 1.212925e+10
2.239825e+09 0.186450 1.159697e+10	1.118015e+10 1.213397e+10
2.226727e+09 0.185211 1.160516e+10	1.118905e+10 1.213866e+10
2.213629e+09 0.183975 1.161332e+10	1.119794e+10 1.214332e+10
2.200530e+09 0.182741 1.162144e+10	1.120682e+10 1.214794e+10
2.187432e+09 0.181510 1.162953e+10	1.121569e+10 1.215253e+10
2.174333e+09 0.180282 1.163758e+10	1.122456e+10 1.215709e+10
2.161235e+09 0.179056 1.164560e+10	1.123341e+10 1.216162e+10
2.148137e+09 0.177833 1.165359e+10	1.124225e+10 1.216611e+10
2.135038e+09 0.176612 1.166154e+10	1.125108e+10 1.217057e+10
2.121940e+09 0.175394 1.166946e+10	1.125990e+10 1.217499e+10
2.108841e+09 0.174174 1.167735e+10	1.126871e+10 1.217939e+10
2.095743e+09 0.172955 1.168521e+10	1.127751e+10 1.218375e+10
2.082645e+09 0.171737 1.169303e+10	1.128630e+10 1.218809e+10
2.069546e+09 0.170523 1.170082e+10	1.129508e+10 1.219239e+10
2.056448e+09 0.169311 1.170858e+10	1.130386e+10 1.219666e+10
2.043349e+09 0.168101 1.171631e+10	1.131262e+10 1.220089e+10
2.030251e+09 0.166894 1.172400e+10	1.132137e+10 1.220510e+10
2.017153e+09 0.165690 1.173166e+10	1.133012e+10 1.220928e+10
2.004054e+09 0.164487 1.173929e+10	1.133885e+10 1.221343e+10
1.990956e+09 0.163288 1.174689e+10	1.134758e+10 1.221755e+10
1.977857e+09 0.162091 1.175446e+10	1.135629e+10 1.222163e+10
1.964759e+09 0.160893 1.176199e+10	1.136500e+10 1.222569e+10
1.951661e+09 0.159694 1.176950e+10	1.137370e+10 1.222972e+10
1.938562e+09 0.158498 1.177697e+10	1.138238e+10 1.223372e+10
1.925464e+09 0.157304 1.178441e+10	1.139106e+10 1.223769e+10
1.912365e+09 0.156113 1.179182e+10	1.139973e+10 1.224163e+10
1.899267e+09 0.154924 1.179920e+10	1.140840e+10 1.224555e+10
1.886169e+09 0.153738 1.180655e+10	1.141705e+10 1.224943e+10
1.873070e+09 0.152554 1.181386e+10	1.142569e+10 1.225329e+10
1.859972e+09 0.151372 1.182115e+10	1.143433e+10 1.225712e+10
1.846874e+09 0.150193 1.182841e+10	1.144295e+10 1.226092e+10
1.833775e+09 0.149016 1.183563e+10	1.145157e+10 1.226469e+10
1.820677e+09 0.147840 1.184283e+10	1.146018e+10 1.226844e+10
1.807578e+09 0.146662 1.184999e+10	1.146878e+10 1.227216e+10
1.794480e+09 0.145486 1.185713e+10	1.147738e+10 1.227585e+10
1.781382e+09 0.144312 1.186423e+10	1.148596e+10 1.227951e+10
1.768283e+09 0.143141 1.187131e+10	1.149454e+10 1.228315e+10
1.755185e+09 0.141972 1.187835e+10	1.150310e+10 1.228676e+10
1.742086e+09 0.140806 1.188537e+10	1.151166e+10 1.229035e+10
1.728988e+09 0.139642 1.189235e+10	1.152022e+10 1.229391e+10
1.715890e+09 0.138480 1.189931e+10	1.152876e+10 1.229744e+10
1.702791e+09 0.137321 1.190624e+10	1.153729e+10 1.230095e+10
1.689693e+09 0.136164 1.191314e+10	1.154582e+10 1.230443e+10
1.676594e+09 0.135009 1.192001e+10	1.155434e+10 1.230789e+10
1.663496e+09 0.133851 1.192685e+10	1.156285e+10 1.231132e+10
1.650398e+09 0.132694 1.193366e+10	1.157136e+10 1.231473e+10
1.637299e+09 0.131540 1.194044e+10	1.157985e+10 1.231811e+10
1.624201e+09 0.130388 1.194719e+10	1.158834e+10 1.232147e+10
1.611102e+09 0.129239 1.195392e+10	1.159682e+10 1.232480e+10
1.598004e+09 0.128092 1.196061e+10	1.160530e+10 1.232811e+10
1.584906e+09 0.126947 1.196728e+10	1.161376e+10 1.233139e+10
1.571807e+09 0.125805 1.197392e+10	1.162222e+10 1.233465e+10
1.558709e+09 0.124665 1.198053e+10	1.163067e+10 1.233789e+10
1.545610e+09 0.123527 1.198712e+10	1.163912e+10 1.234110e+10
1.532512e+09 0.122391 1.199367e+10	1.164755e+10 1.234429e+10
1.519414e+09 0.121254 1.200020e+10	1.165598e+10 1.234746e+10
1.506315e+09 0.120116 1.200670e+10	1.166440e+10 1.235060e+10
1.493217e+09 0.118981 1.201317e+10	1.167282e+10 1.235372e+10
1.480118e+09 0.117848 1.201962e+10	1.168123e+10 1.235681e+10
1.467020e+09 0.116718 1.202604e+10	1.168963e+10 1.235989e+10
1.453922e+09 0.115589 1.203242e+10	1.169802e+10 1.236294e+10
1.440823e+09 0.114463 1.203879e+10	1.170641e+10 1.236597e+10
1.427725e+09 0.113340 1.204512e+10	1.171479e+10 1.236897e+10
1.414627e+09 0.112218 1.205143e+10	1.172316e+10 1.237196e+10
1.401528e+09 0.111099 1.205771e+10	1.173153e+10 1.237492e+10
1.388430e+09 0.109982 1.206397e+10	1.173989e+10 1.237786e+10
1.375331e+09 0.108865 1.207020e+10	1.174824e+10 1.238078e+10
1.362233e+09 0.107746 1.207640e+10	1.175658e+10 1.238368e+10
1.349135e+09 0.106629 1.208257e+10	1.176492e+10 1.238655e+10
1.336036e+09 0.105515 1.208872e+10	1.177326e+10 1.238941e+10
1.322938e+09 0.104402 1.209484e+10	1.178158e+10 1.239224e+10
1.309839e+09 0.103292 1.210094e+10	1.178990e+10 1.239505e+10
1.296741e+09 0.102184 1.210701e+10	1.179822e+10 1.239784e+10
1.283643e+09 0.101078 1.211305e+10	1.180652e+10 1.240061e+10
1.270544e+09 0.099975 1.211907e+10	1.181483e+10 1.240336e+10
1.257446e+09 0.098874 1.212506e+10	1.182312e+10 1.240609e+10
1.244347e+09 0.097775 1.213103e+10	1.183141e+10 1.240880e+10
1.231249e+09 0.096678 1.213697e+10	1.183969e+10 1.241149e+10
1.218151e+09 0.095578 1.214288e+10	1.184797e+10 1.241416e+10
1.205052e+09 0.094478 1.214877e+10	1.185624e+10 1.241681e+10
1.191954e+09 0.093381 1.215463e+10	1.186450e+10 1.241944e+10
1.178855e+09 0.092287 1.216047e+10	1.187276e+10 1.242205e+10
1.165757e+09 0.091194 1.216628e+10	1.188101e+10 1.242464e+10
1.152659e+09 0.090104 1.217207e+10	1.188926e+10 1.242721e+10
1.139560e+09 0.089016 1.217784e+10	1.189750e+10 1.242976e+10
1.126462e+09 0.087930 1.218357e+10	1.190574e+10 1.243229e+10
1.113363e+09 0.086846 1.218929e+10	1.191397e+10 1.243481e+10
1.100265e+09 0.085764 1.219498e+10	1.192219e+10 1.243730e+10
1.087167e+09 0.084684 1.220064e+10	1.193041e+10 1.243978e+10
1.074068e+09 0.083605 1.220628e+10	1.193862e+10 1.244224e+10
1.060970e+09 0.082523 1.221189e+10	1.194683e+10 1.244467e+10
1.047872e+09 0.081443 1.221748e+10	1.195503e+10 1.244710e+10
1.034773e+09 0.080366 1.222305e+10	1.196323e+10 1.244950e+10
1.021675e+09 0.079290 1.222859e+10	1.197142e+10 1.245188e+10
1.008576e+09 0.078217 1.223411e+10	1.197960e+10 1.245425e+10
9.954779e+08 0.077146 1.223960e+10	1.198778e+10 1.245660e+10
9.823795e+08 0.076076 1.224507e+10	1.199596e+10 1.245893e+10
9.692811e+08 0.075009 1.225052e+10	1.200413e+10 1.246124e+10
9.561827e+08 0.073945 1.225594e+10	1.201229e+10 1.246353e+10
9.430844e+08 0.072882 1.226134e+10	1.202045e+10 1.246581e+10
9.299860e+08 0.071821 1.226671e+10	1.202860e+10 1.246807e+10
9.168876e+08 0.070758 1.227207e+10	1.203675e+10 1.247032e+10
9.037892e+08 0.069695 1.227739e+10	1.204490e+10 1.247254e+10
8.906908e+08 0.068634 1.228270e+10	1.205304e+10 1.247475e+10
8.775924e+08 0.067575 1.228798e+10	1.206117e+10 1.247694e+10
8.644940e+08 0.066518 1.229324e+10	1.206930e+10 1.247912e+10
8.513956e+08 0.065463 1.229847e+10	1.207742e+10 1.248128e+10
8.382972e+08 0.064410 1.230369e+10	1.208554e+10 1.248342e+10
8.251988e+08 0.063360 1.230887e+10	1.209366e+10 1.248555e+10
8.121004e+08 0.062311 1.231404e+10	1.210177e+10 1.248766e+10
7.990020e+08 0.061265 1.231918e+10	1.210988e+10 1.248975e+10
7.859036e+08 0.060220 1.232431e+10	1.211798e+10 1.249183e+10
7.728052e+08 0.059177 1.232941e+10	1.212607e+10 1.249389e+10
7.597068e+08 0.058130 1.233448e+10	1.213417e+10 1.249593e+10
7.466084e+08 0.057085 1.233954e+10	1.214225e+10 1.249796e+10
7.335101e+08 0.056042 1.234457e+10	1.215034e+10 1.249998e+10
7.204117e+08 0.055001 1.234958e+10	1.215842e+10 1.250198e+10
7.073133e+08 0.053963 1.235456e+10	1.216649e+10 1.250396e+10
6.942149e+08 0.052926 1.235953e+10	1.217456e+10 1.250593e+10
6.811165e+08 0.051891 1.236447e+10	1.218263e+10 1.250788e+10
6.680181e+08 0.050858 1.236939e+10	1.219069e+10 1.250981e+10
6.549197e+08 0.049828 1.237429e+10	1.219874e+10 1.251174e+10
6.418213e+08 0.048799 1.237917e+10	1.220680e+10 1.251364e+10
6.287229e+08 0.047773 1.238402e+10	1.221485e+10 1.251553e+10
6.156245e+08 0.046745 1.238886e+10	1.222289e+10 1.251741e+10
6.025261e+08 0.045716 1.239367e+10	1.223093e+10 1.251927e+10
5.894277e+08 0.044689 1.239846e+10	1.223897e+10 1.252112e+10
5.763293e+08 0.043663 1.240323e+10	1.224700e+10 1.252295e+10
5.632309e+08 0.042640 1.240798e+10	1.225503e+10 1.252477e+10
5.501325e+08 0.041619 1.241271e+10	1.226306e+10 1.252658e+10
5.370341e+08 0.040599 1.241742e+10	1.227108e+10 1.252837e+10
5.239358e+08 0.039582 1.242210e+10	1.227910e+10 1.253014e+10
5.108374e+08 0.038567 1.242677e+10	1.228711e+10 1.253191e+10
4.977390e+08 0.037553 1.243141e+10	1.229512e+10 1.253365e+10
4.846406e+08 0.036542 1.243603e+10	1.230313e+10 1.253539e+10
4.715422e+08 0.035533 1.244064e+10	1.231113e+10 1.253711e+10
4.584438e+08 0.034521 1.244522e+10	1.231913e+10 1.253881e+10
4.453454e+08 0.033509 1.244978e+10	1.232713e+10 1.254051e+10
4.322470e+08 0.032498 1.245432e+10	1.233512e+10 1.254219e+10
4.191486e+08 0.031490 1.245884e+10	1.234311e+10 1.254385e+10
4.060502e+08 0.030484 1.246334e+10	1.235109e+10 1.254550e+10
3.929518e+08 0.029480 1.246782e+10	1.235908e+10 1.254714e+10
3.798534e+08 0.028477 1.247228e+10	1.236706e+10 1.254877e+10
3.667550e+08 0.027477 1.247672e+10	1.237503e+10 1.255038e+10
3.536566e+08 0.026478 1.248114e+10	1.238300e+10 1.255198e+10
3.405582e+08 0.025482 1.248554e+10	1.239097e+10 1.255357e+10
3.274598e+08 0.024487 1.248992e+10	1.239894e+10 1.255514e+10
3.143615e+08 0.023494 1.249428e+10	1.240690e+10 1.255670e+10
3.012631e+08 0.022498 1.249862e+10	1.241486e+10 1.255825e+10
2.881647e+08 0.021502 1.250294e+10	1.242282e+10 1.255979e+10
2.750663e+08 0.020509 1.250724e+10	1.243077e+10 1.256131e+10
2.619679e+08 0.019517 1.251152e+10	1.243872e+10 1.256282e+10
2.488695e+08 0.018527 1.251578e+10	1.244667e+10 1.256432e+10
2.357711e+08 0.017539 1.252002e+10	1.245461e+10 1.256581e+10
2.226727e+08 0.016553 1.252425e+10	1.246255e+10 1.256728e+10
2.095743e+08 0.015569 1.252845e+10	1.247049e+10 1.256874e+10
1.964759e+08 0.014587 1.253264e+10	1.247843e+10 1.257019e+10
1.833775e+08 0.013607 1.253680e+10	1.248636e+10 1.257163e+10
1.702791e+08 0.012628 1.254095e+10	1.249429e+10 1.257305e+10
1.571807e+08 0.011652 1.254508e+10	1.250222e+10 1.257447e+10
1.440823e+08 0.010671 1.254919e+10	1.251014e+10 1.257587e+10
1.309839e+08 0.009692 1.255328e+10	1.251807e+10 1.257726e+10
1.178855e+08 0.008714 1.255735e+10	1.252599e+10 1.257864e+10
1.047872e+08 0.007738 1.256140e+10	1.253390e+10 1.258000e+10
9.168876e+07 0.006764 1.256544e+10	1.254182e+10 1.258136e+10
7.859036e+07 0.005792 1.256945e+10	1.254973e+10 1.258270e+10
6.549197e+07 0.004822 1.257345e+10	1.255764e+10 1.258404e+10
5.239358e+07 0.003854 1.257743e+10	1.256555e+10 1.258536e+10
3.929518e+07 0.002888 1.258139e+10	1.257345e+10 1.258667e+10
2.619679e+07 0.001923 1.258533e+10	1.258135e+10 1.258797e+10
1.309839e+07 0.000961 1.258925e+10	1.258925e+10 1.258925e+10
