#t0_Mstar=7.943282e+10 (N07Mbar=9.103781e+10) t0_sfr=2.790239e+00	1.00000000000000001988462483866e+30 t0_sfr=6.606934e+00
#tlb ,red_binl[i],Mstar[i],CSFH[i],phi[i],dMLdt[i],massloss_to_t0[i], Mstar_Noeske(tlb,Mbar_Noeske),phi_Noeske(tlb,Mbar_Noeske)FWHM=0.50:Ms,Cs,phi,FWHM=0.75:Ms,Cs,phi,FWHM=1.00:Ms,Cs,phi	1.00000000000000001988462483866e+30 Mstar_Noeske(tlb,Mbar_Noeske),phi_Noeske(tlb,Mbar_Noeske)FWHM=0.50:Ms,Cs,phi,FWHM=0.75:Ms,Cs,phi,FWHM=1.00:Ms,Cs,phi
1.309839e+10 9.000000 0.000000e+00	0.000000e+00 2.687136e+09
1.308530e+10 8.847726 0.000000e+00	0.000000e+00 2.222282e+09
1.307220e+10 8.701050 0.000000e+00	0.000000e+00 2.150645e+09
1.305910e+10 8.559660 0.000000e+00	0.000000e+00 2.113112e+09
1.304600e+10 8.423368 0.000000e+00	0.000000e+00 2.089543e+09
1.303290e+10 8.291842 0.000000e+00	0.000000e+00 2.073597e+09
1.301980e+10 8.164779 0.000000e+00	0.000000e+00 2.062452e+09
1.300671e+10 8.041947 0.000000e+00	0.000000e+00 2.054606e+09
1.299361e+10 7.923131 0.000000e+00	0.000000e+00 2.049168e+09
1.298051e+10 7.808144 0.000000e+00	0.000000e+00 2.045564e+09
1.296741e+10 7.696830 0.000000e+00	0.000000e+00 2.043404e+09
1.295431e+10 7.588952 0.000000e+00	0.000000e+00 2.042413e+09
1.294121e+10 7.484347 0.000000e+00	0.000000e+00 2.042386e+09
1.292811e+10 7.382859 0.000000e+00	0.000000e+00 2.043170e+09
1.291502e+10 7.284344 0.000000e+00	0.000000e+00 2.044646e+09
1.290192e+10 7.188666 0.000000e+00	0.000000e+00 2.046721e+09
1.288882e+10 7.095696 0.000000e+00	0.000000e+00 2.049320e+09
1.287572e+10 7.005312 0.000000e+00	0.000000e+00 2.052382e+09
1.286262e+10 6.917401 0.000000e+00	0.000000e+00 2.055856e+09
1.284952e+10 6.831855 0.000000e+00	0.000000e+00 2.059700e+09
1.283643e+10 6.748572 0.000000e+00	0.000000e+00 2.063879e+09
1.282333e+10 6.667456 0.000000e+00	0.000000e+00 2.068364e+09
1.281023e+10 6.588431 0.000000e+00	0.000000e+00 2.073128e+09
1.279713e+10 6.511436 0.000000e+00	0.000000e+00 2.078150e+09
1.278403e+10 6.436355 0.000000e+00	0.000000e+00 2.083410e+09
1.277093e+10 6.363109 0.000000e+00	0.000000e+00 2.088892e+09
1.275784e+10 6.291625 0.000000e+00	0.000000e+00 2.094582e+09
1.274474e+10 6.221832 0.000000e+00	0.000000e+00 2.100466e+09
1.273164e+10 6.153665 0.000000e+00	0.000000e+00 2.106533e+09
1.271854e+10 6.087102 0.000000e+00	0.000000e+00 2.112773e+09
1.270544e+10 6.022088 0.000000e+00	0.000000e+00 2.119178e+09
1.269234e+10 5.958522 0.000000e+00	0.000000e+00 2.125738e+09
1.267925e+10 5.896348 0.000000e+00	0.000000e+00 2.132447e+09
1.266615e+10 5.835515 0.000000e+00	0.000000e+00 2.139298e+09
1.265305e+10 5.776057 0.000000e+00	0.000000e+00 2.146286e+09
1.263995e+10 5.717866 0.000000e+00	0.000000e+00 2.153406e+09
1.262685e+10 5.660874 0.000000e+00	0.000000e+00 2.160651e+09
1.261375e+10 5.605040 0.000000e+00	0.000000e+00 2.168019e+09
1.260065e+10 5.550427 0.000000e+00	0.000000e+00 2.175505e+09
1.258756e+10 5.496902 0.000000e+00	0.000000e+00 2.183105e+09
1.257446e+10 5.444416 0.000000e+00	0.000000e+00 2.190816e+09
1.256136e+10 5.392990 0.000000e+00	0.000000e+00 2.198636e+09
1.254826e+10 5.342602 0.000000e+00	0.000000e+00 2.206561e+09
1.253516e+10 5.293149 0.000000e+00	0.000000e+00 2.214589e+09
1.252206e+10 5.244640 0.000000e+00	0.000000e+00 2.222717e+09
1.250897e+10 5.197097 0.000000e+00	0.000000e+00 2.230944e+09
1.249587e+10 5.150398 0.000000e+00	0.000000e+00 2.239268e+09
1.248277e+10 5.104567 0.000000e+00	0.000000e+00 2.247686e+09
1.246967e+10 5.059611 0.000000e+00	0.000000e+00 2.256197e+09
1.245657e+10 5.015419 0.000000e+00	0.000000e+00 2.264800e+09
1.244347e+10 4.972050 0.000000e+00	0.000000e+00 2.273493e+09
1.243038e+10 4.929453 0.000000e+00	0.000000e+00 2.282275e+09
1.241728e+10 4.887546 0.000000e+00	0.000000e+00 2.291144e+09
1.240418e+10 4.846450 0.000000e+00	0.000000e+00 2.300100e+09
1.239108e+10 4.806006 0.000000e+00	0.000000e+00 2.309142e+09
1.237798e+10 4.766255 0.000000e+00	0.000000e+00 2.318268e+09
1.236488e+10 4.727194 0.000000e+00	0.000000e+00 2.327478e+09
1.235179e+10 4.688723 0.000000e+00	0.000000e+00 2.336771e+09
1.233869e+10 4.650970 0.000000e+00	0.000000e+00 2.346146e+09
1.232559e+10 4.613770 0.000000e+00	0.000000e+00 2.355603e+09
1.231249e+10 4.577204 0.000000e+00	0.000000e+00 2.365141e+09
1.229939e+10 4.541209 0.000000e+00	0.000000e+00 2.374760e+09
1.228629e+10 4.505773 0.000000e+00	0.000000e+00 2.384458e+09
1.227319e+10 4.470921 0.000000e+00	0.000000e+00 2.394236e+09
1.226010e+10 4.436563 0.000000e+00	0.000000e+00 2.404094e+09
1.224700e+10 4.402796 0.000000e+00	0.000000e+00 2.414030e+09
1.223390e+10 4.369472 0.000000e+00	0.000000e+00 2.424045e+09
1.222080e+10 4.336729 0.000000e+00	0.000000e+00 2.434138e+09
1.220770e+10 4.304408 0.000000e+00	0.000000e+00 2.444309e+09
1.219460e+10 4.272625 0.000000e+00	0.000000e+00 2.454558e+09
1.218151e+10 4.241257 0.000000e+00	0.000000e+00 2.464884e+09
1.216841e+10 4.210391 0.000000e+00	0.000000e+00 2.475288e+09
1.215531e+10 4.179930 0.000000e+00	0.000000e+00 2.485769e+09
1.214221e+10 4.149942 0.000000e+00	0.000000e+00 2.496327e+09
1.212911e+10 4.120344 0.000000e+00	0.000000e+00 2.506962e+09
1.211601e+10 4.091197 0.000000e+00	0.000000e+00 2.517675e+09
1.210292e+10 4.062421 0.000000e+00	0.000000e+00 2.528464e+09
1.208982e+10 4.034080 0.000000e+00	0.000000e+00 2.539331e+09
1.207672e+10 4.006087 0.000000e+00	0.000000e+00 2.550274e+09
1.206362e+10 3.978520 0.000000e+00	0.000000e+00 2.561295e+09
1.205052e+10 3.951272 0.000000e+00	0.000000e+00 2.572393e+09
1.203742e+10 3.924447 0.000000e+00	0.000000e+00 2.583567e+09
1.202433e+10 3.897912 0.000000e+00	0.000000e+00 2.594820e+09
1.201123e+10 3.871800 0.000000e+00	0.000000e+00 2.606149e+09
1.199813e+10 3.845965 0.000000e+00	0.000000e+00 2.617556e+09
1.198503e+10 3.820516 0.000000e+00	0.000000e+00 2.629041e+09
1.197193e+10 3.795355 0.000000e+00	0.000000e+00 2.640603e+09
1.195883e+10 3.770540 0.000000e+00	0.000000e+00 2.652243e+09
1.194574e+10 3.746027 0.000000e+00	0.000000e+00 2.663961e+09
1.193264e+10 3.721816 0.000000e+00	0.000000e+00 2.675758e+09
1.191954e+10 3.697926 0.000000e+00	0.000000e+00 2.687633e+09
1.190644e+10 3.674294 0.000000e+00	0.000000e+00 2.699587e+09
1.189334e+10 3.651005 0.000000e+00	0.000000e+00 2.711619e+09
1.188024e+10 3.627947 0.000000e+00	0.000000e+00 2.723731e+09
1.186714e+10 3.605214 0.000000e+00	0.000000e+00 2.735922e+09
1.185405e+10 3.582725 0.000000e+00	0.000000e+00 2.748193e+09
1.184095e+10 3.560509 0.000000e+00	0.000000e+00 2.760544e+09
1.182785e+10 3.538569 0.000000e+00	0.000000e+00 2.772974e+09
1.181475e+10 3.516848 0.000000e+00	0.000000e+00 2.785486e+09
1.180165e+10 3.495436 0.000000e+00	0.000000e+00 2.798078e+09
1.178855e+10 3.474227 0.000000e+00	0.000000e+00 2.810751e+09
1.177546e+10 3.453288 0.000000e+00	0.000000e+00 2.823506e+09
1.176236e+10 3.432582 0.000000e+00	0.000000e+00 2.836342e+09
1.174926e+10 3.412087 0.000000e+00	0.000000e+00 2.849260e+09
1.173616e+10 3.391866 0.000000e+00	0.000000e+00 2.862261e+09
1.172306e+10 3.371830 0.000000e+00	0.000000e+00 2.875344e+09
1.170996e+10 3.352044 0.000000e+00	0.000000e+00 2.888511e+09
1.169687e+10 3.332470 0.000000e+00	0.000000e+00 2.901761e+09
1.168377e+10 3.313083 0.000000e+00	0.000000e+00 2.915095e+09
1.167067e+10 3.293956 0.000000e+00	0.000000e+00 2.928513e+09
1.165757e+10 3.274998 0.000000e+00	0.000000e+00 2.942015e+09
1.164447e+10 3.256256 0.000000e+00	0.000000e+00 2.955603e+09
1.163137e+10 3.237724 0.000000e+00	0.000000e+00 2.969276e+09
1.161828e+10 3.219353 0.000000e+00	0.000000e+00 2.983035e+09
1.160518e+10 3.201221 0.000000e+00	0.000000e+00 2.996880e+09
1.159208e+10 3.183256 0.000000e+00	0.000000e+00 3.010812e+09
1.157898e+10 3.165461 0.000000e+00	0.000000e+00 3.024831e+09
1.156588e+10 3.147889 0.000000e+00	0.000000e+00 3.038938e+09
1.155278e+10 3.130466 0.000000e+00	0.000000e+00 3.053133e+09
1.153968e+10 3.113227 0.000000e+00	0.000000e+00 3.067416e+09
1.152659e+10 3.096179 0.000000e+00	0.000000e+00 3.081788e+09
1.151349e+10 3.079272 0.000000e+00	0.000000e+00 3.096249e+09
1.150039e+10 3.062561 0.000000e+00	0.000000e+00 3.110801e+09
1.148729e+10 3.046014 0.000000e+00	0.000000e+00 3.125442e+09
1.147419e+10 3.029600 0.000000e+00	0.000000e+00 3.140175e+09
1.146109e+10 3.013389 0.000000e+00	0.000000e+00 3.154999e+09
1.144800e+10 2.997320 0.000000e+00	0.000000e+00 3.169915e+09
1.143490e+10 2.981379 0.000000e+00	0.000000e+00 3.184923e+09
1.142180e+10 2.965641 0.000000e+00	0.000000e+00 3.200024e+09
1.140870e+10 2.950030 0.000000e+00	0.000000e+00 3.215219e+09
1.139560e+10 2.934545 0.000000e+00	0.000000e+00 3.230507e+09
1.138250e+10 2.919253 0.000000e+00	0.000000e+00 3.245890e+09
1.136941e+10 2.904079 0.000000e+00	0.000000e+00 3.261368e+09
1.135631e+10 2.889029 0.000000e+00	0.000000e+00 3.276942e+09
1.134321e+10 2.874162 0.000000e+00	0.000000e+00 3.292612e+09
1.133011e+10 2.859408 0.000000e+00	0.000000e+00 3.308378e+09
1.131701e+10 2.844771 0.000000e+00	0.000000e+00 3.324242e+09
1.130391e+10 2.830311 0.000000e+00	0.000000e+00 3.340203e+09
1.129082e+10 2.815959 0.000000e+00	0.000000e+00 3.356263e+09
1.127772e+10 2.801715 0.000000e+00	0.000000e+00 3.372422e+09
1.126462e+10 2.787645 0.000000e+00	0.000000e+00 3.388681e+09
1.125152e+10 2.773679 0.000000e+00	0.000000e+00 3.405040e+09
1.123842e+10 2.759815 0.000000e+00	0.000000e+00 3.421499e+09
1.122532e+10 2.746113 0.000000e+00	0.000000e+00 3.438061e+09
1.121223e+10 2.732517 0.000000e+00	0.000000e+00 3.454724e+09
1.119913e+10 2.719020 0.000000e+00	0.000000e+00 3.471489e+09
1.118603e+10 2.705666 0.000000e+00	0.000000e+00 3.488359e+09
1.117293e+10 2.692426 0.000000e+00	0.000000e+00 3.505332e+09
1.115983e+10 2.679280 0.000000e+00	0.000000e+00 3.522409e+09
1.114673e+10 2.666259 0.000000e+00	0.000000e+00 3.539592e+09
1.113363e+10 2.653361 0.000000e+00	0.000000e+00 3.556881e+09
1.112054e+10 2.640553 0.000000e+00	0.000000e+00 3.574276e+09
1.110744e+10 2.627848 0.000000e+00	0.000000e+00 3.591779e+09
1.109434e+10 2.615278 0.000000e+00	0.000000e+00 3.609389e+09
1.108124e+10 2.602795 0.000000e+00	0.000000e+00 3.627108e+09
1.106814e+10 2.590398 0.000000e+00	0.000000e+00 3.644936e+09
1.105504e+10 2.578138 0.000000e+00	0.000000e+00 3.662875e+09
1.104195e+10 2.565967 0.000000e+00	0.000000e+00 3.680924e+09
1.102885e+10 2.553879 0.000000e+00	0.000000e+00 3.699084e+09
1.101575e+10 2.541902 0.000000e+00	0.000000e+00 3.717357e+09
1.100265e+10 2.530033 0.000000e+00	0.000000e+00 3.735742e+09
1.098955e+10 2.518242 0.000000e+00	0.000000e+00 3.754241e+09
1.097645e+10 2.506535 0.000000e+00	0.000000e+00 3.772854e+09
1.096336e+10 2.494955 0.000000e+00	0.000000e+00 3.791582e+09
1.095026e+10 2.483451 0.000000e+00	0.000000e+00 3.810426e+09
1.093716e+10 2.472022 6.939756e+06	0.000000e+00 3.829387e+09
1.092406e+10 2.460700 1.571498e+07	0.000000e+00 3.848464e+09
1.091096e+10 2.449472 2.821327e+07	0.000000e+00 3.867660e+09
1.089786e+10 2.438317 4.465960e+07	0.000000e+00 3.886975e+09
1.088477e+10 2.427236 6.523647e+07	0.000000e+00 3.906410e+09
1.087167e+10 2.416275 9.009310e+07	0.000000e+00 3.925964e+09
1.085857e+10 2.405383 1.193479e+08	0.000000e+00 3.945640e+09
1.084547e+10 2.394561 1.530942e+08	0.000000e+00 3.965439e+09
1.083237e+10 2.383828 1.914053e+08	0.000000e+00 3.985359e+09
1.081927e+10 2.373191 2.343361e+08	0.000000e+00 4.005404e+09
1.080617e+10 2.362621 2.819240e+08	0.000000e+00 4.025573e+09
1.079308e+10 2.352116 3.341921e+08	0.000000e+00 4.045868e+09
1.077998e+10 2.341713 3.911539e+08	0.000000e+00 4.066288e+09
1.076688e+10 2.331385 4.528098e+08	0.000000e+00 4.086836e+09
1.075378e+10 2.321121 5.191497e+08	0.000000e+00 4.107511e+09
1.074068e+10 2.310922 5.901546e+08	0.000000e+00 4.128316e+09
1.072758e+10 2.300829 6.658029e+08	0.000000e+00 4.149249e+09
1.071449e+10 2.290797 7.460607e+08	0.000000e+00 4.170314e+09
1.070139e+10 2.280826 8.308884e+08	0.000000e+00 4.191510e+09
1.068829e+10 2.270927 9.202426e+08	0.000000e+00 4.212838e+09
1.067519e+10 2.261119 1.014078e+09	0.000000e+00 4.234299e+09
1.066209e+10 2.251370 1.112340e+09	0.000000e+00 4.255894e+09
1.064899e+10 2.241680 1.214971e+09	0.000000e+00 4.277624e+09
1.063590e+10 2.232064 1.321912e+09	0.000000e+00 4.299490e+09
1.062280e+10 2.222530 1.433105e+09	0.000000e+00 4.321493e+09
1.060970e+10 2.213052 1.548481e+09	0.000000e+00 4.343634e+09
1.059660e+10 2.203629 1.667972e+09	0.000000e+00 4.365914e+09
1.058350e+10 2.194282 1.791511e+09	0.000000e+00 4.388333e+09
1.057040e+10 2.185010 1.919030e+09	0.000000e+00 4.410893e+09
1.055731e+10 2.175791 2.050454e+09	0.000000e+00 4.433594e+09
1.054421e+10 2.166626 2.185709e+09	0.000000e+00 4.456438e+09
1.053111e+10 2.157534 2.324724e+09	0.000000e+00 4.479426e+09
1.051801e+10 2.148512 2.467427e+09	0.000000e+00 4.502558e+09
1.050491e+10 2.139542 2.613738e+09	0.000000e+00 4.525836e+09
1.049181e+10 2.130623 2.763582e+09	0.000000e+00 4.549261e+09
1.047872e+10 2.121773 2.916885e+09	0.000000e+00 4.572833e+09
1.046562e+10 2.112992 3.073573e+09	0.000000e+00 4.596554e+09
1.045252e+10 2.104260 3.233568e+09	0.000000e+00 4.620425e+09
1.043942e+10 2.095577 3.396793e+09	0.000000e+00 4.644447e+09
1.042632e+10 2.086957 3.563174e+09	0.000000e+00 4.668620e+09
1.041322e+10 2.078407 3.732638e+09	0.000000e+00 4.692946e+09
1.040012e+10 2.069904 3.905110e+09	2.148530e+06 4.717426e+09
1.038703e+10 2.061447 4.080511e+09	3.358727e+06 4.742062e+09
1.037393e+10 2.053045 4.258769e+09	5.091889e+06 4.766853e+09
1.036083e+10 2.044717 4.439816e+09	7.517153e+06 4.791802e+09
1.034773e+10 2.036433 4.623576e+09	1.084013e+07 4.816909e+09
1.033463e+10 2.028194 4.809975e+09	1.530773e+07 4.842176e+09
1.032153e+10 2.020000 4.998940e+09	2.121317e+07 4.998940e+09
1.030844e+10 2.011884 5.190409e+09	2.890113e+07 5.190409e+09
1.029534e+10 2.003811 5.384309e+09	3.877322e+07 5.384309e+09
1.028224e+10 1.995781 5.580569e+09	5.103152e+07 5.580569e+09
1.026914e+10 1.987794 5.779119e+09	6.579547e+07 5.779119e+09
1.025604e+10 1.979872 5.979897e+09	8.335778e+07 5.979897e+09
1.024294e+10 1.972002 6.182837e+09	1.039837e+08 6.182837e+09
1.022985e+10 1.964173 6.387872e+09	1.279295e+08 6.387872e+09
1.021675e+10 1.956386 6.594935e+09	1.554422e+08 6.594935e+09
1.020365e+10 1.948649 6.803965e+09	1.867592e+08 6.803965e+09
1.019055e+10 1.940974 7.014903e+09	2.221076e+08 7.014903e+09
1.017745e+10 1.933338 7.227685e+09	2.616984e+08 7.227685e+09
1.016435e+10 1.925742 7.442249e+09	3.057284e+08 7.442249e+09
1.015126e+10 1.918185 7.658532e+09	3.543789e+08 7.658532e+09
1.013816e+10 1.910694 7.876485e+09	4.078219e+08 7.876485e+09
1.012506e+10 1.903244 8.096048e+09	4.662083e+08 8.096048e+09
1.011196e+10 1.895832 8.317161e+09	5.296723e+08 8.317161e+09
1.009886e+10 1.888458 8.539767e+09	5.983322e+08 8.539767e+09
1.008576e+10 1.881133 8.763814e+09	6.722931e+08 8.763814e+09
1.007266e+10 1.873862 8.989253e+09	7.516470e+08 8.989253e+09
1.005957e+10 1.866627 9.216026e+09	8.364645e+08 9.216026e+09
1.004647e+10 1.859429 9.444082e+09	9.268014e+08 9.444082e+09
1.003337e+10 1.852267 9.673366e+09	1.022699e+09 9.673366e+09
1.002027e+10 1.845164 9.903837e+09	1.124193e+09 9.903837e+09
1.000717e+10 1.838100 1.013544e+10	1.231300e+09 1.013544e+10
9.994074e+09 1.831072 1.036814e+10	1.344020e+09 1.036814e+10
9.980976e+09 1.824078 1.060187e+10	1.462341e+09 1.060187e+10
9.967878e+09 1.817123 1.083659e+10	1.586244e+09 1.083659e+10
9.954779e+09 1.810224 1.107226e+10	1.715705e+09 1.107226e+10
9.941681e+09 1.803359 1.130884e+10	1.850679e+09 1.130884e+10
9.928582e+09 1.796527 1.154628e+10	1.991113e+09 1.154628e+10
9.915484e+09 1.789728 1.178453e+10	2.136944e+09 1.178453e+10
9.902386e+09 1.782974 1.202356e+10	2.288109e+09 1.202356e+10
9.889287e+09 1.776267 1.226333e+10	2.444537e+09 1.226333e+10
9.876189e+09 1.769591 1.250380e+10	2.606143e+09 1.250380e+10
9.863091e+09 1.762947 1.274492e+10	2.772835e+09 1.274492e+10
9.849992e+09 1.756335 1.298666e+10	2.944516e+09 1.298666e+10
9.836894e+09 1.749772 1.322898e+10	3.121095e+09 1.322898e+10
9.823795e+09 1.743247 1.347184e+10	3.302470e+09 1.347184e+10
9.810697e+09 1.736752 1.371522e+10	3.488529e+09 1.371522e+10
9.797599e+09 1.730289 1.395907e+10	3.679157e+09 1.395907e+10
9.784500e+09 1.723856 1.420335e+10	3.874237e+09 1.420335e+10
9.771402e+09 1.717472 1.444805e+10	4.073663e+09 1.444805e+10
9.758303e+09 1.711122 1.469312e+10	4.277315e+09 1.469312e+10
9.745205e+09 1.704802 1.493853e+10	4.485068e+09 1.493853e+10
9.732107e+09 1.698511 1.518424e+10	4.696795e+09 1.518424e+10
9.719008e+09 1.692249 1.543024e+10	4.912371e+09 1.543024e+10
9.705910e+09 1.686036 1.567648e+10	5.131683e+09 1.567648e+10
9.692811e+09 1.679854 1.592295e+10	5.354605e+09 1.592295e+10
9.679713e+09 1.673700 1.616961e+10	5.581008e+09 1.616961e+10
9.666615e+09 1.667575 1.641643e+10	5.810763e+09 1.641643e+10
9.653516e+09 1.661477 1.666338e+10	6.043741e+09 1.666338e+10
9.640418e+09 1.655426 1.691044e+10	6.279835e+09 1.691044e+10
9.627319e+09 1.649405 1.715759e+10	6.518916e+09 1.715759e+10
9.614221e+09 1.643411 1.740480e+10	6.720051e+09 1.740480e+10
9.601123e+09 1.637444 1.765204e+10	6.782597e+09 1.765204e+10
9.588024e+09 1.631504 1.789928e+10	6.847295e+09 1.789928e+10
9.574926e+09 1.625607 1.814651e+10	6.914206e+09 1.814651e+10
9.561827e+09 1.619740 1.839371e+10	6.983398e+09 1.839371e+10
9.548729e+09 1.613899 1.864084e+10	7.054942e+09 1.864084e+10
9.535631e+09 1.608084 1.888789e+10	7.128910e+09 1.888789e+10
9.522532e+09 1.602295 1.913483e+10	7.205377e+09 1.913483e+10
9.509434e+09 1.596544 1.938165e+10	7.284414e+09 1.938165e+10
9.496335e+09 1.590825 1.962833e+10	7.366099e+09 1.962833e+10
9.483237e+09 1.585132 1.987484e+10	7.450514e+09 1.987484e+10
9.470139e+09 1.579463 2.012116e+10	7.537741e+09 2.012116e+10
9.457040e+09 1.573819 2.036728e+10	7.627868e+09 2.036728e+10
9.443942e+09 1.568207 2.061318e+10	7.720979e+09 2.061318e+10
9.430844e+09 1.562630 2.085884e+10	7.817160e+09 2.085884e+10
9.417745e+09 1.557078 2.110424e+10	7.916504e+09 2.110424e+10
9.404647e+09 1.551549 2.134936e+10	8.019107e+09 2.134936e+10
9.391548e+09 1.546045 2.159420e+10	8.125068e+09 2.159420e+10
9.378450e+09 1.540565 2.183872e+10	8.234485e+09 2.183872e+10
9.365352e+09 1.535125 2.208292e+10	8.347452e+09 2.208292e+10
9.352253e+09 1.529709 2.232678e+10	8.464076e+09 2.232678e+10
9.339155e+09 1.524315 2.257029e+10	8.584464e+09 2.257029e+10
9.326056e+09 1.518944 2.281343e+10	8.708727e+09 2.281343e+10
9.312958e+09 1.513596 2.305619e+10	8.836976e+09 2.305619e+10
9.299860e+09 1.508282 2.329855e+10	8.969319e+09 2.329855e+10
9.286761e+09 1.502996 2.354050e+10	9.105870e+09 2.354050e+10
9.273663e+09 1.497732 2.378204e+10	9.246750e+09 2.378204e+10
9.260564e+09 1.492490 2.402313e+10	9.392080e+09 2.402313e+10
9.247466e+09 1.487270 2.426378e+10	9.541984e+09 2.426378e+10
9.234368e+09 1.482075 2.450396e+10	9.696585e+09 2.450396e+10
9.221269e+09 1.476914 2.474368e+10	9.856004e+09 2.474368e+10
9.208171e+09 1.471775 2.498291e+10	1.002037e+10 2.498291e+10
9.195072e+09 1.466656 2.522165e+10	1.018982e+10 2.522165e+10
9.181974e+09 1.461559 2.545989e+10	1.036448e+10 2.545989e+10
9.168876e+09 1.456483 2.569761e+10	1.054450e+10 2.569761e+10
9.155777e+09 1.451438 2.593480e+10	1.072999e+10 2.593480e+10
9.142679e+09 1.446418 2.617146e+10	1.092111e+10 2.617146e+10
9.129580e+09 1.441419 2.640758e+10	1.111798e+10 2.640758e+10
9.116482e+09 1.436441 2.664315e+10	1.132075e+10 2.664315e+10
9.103384e+09 1.431482 2.687815e+10	1.152957e+10 2.687815e+10
9.090285e+09 1.426544 2.711258e+10	1.174457e+10 2.711258e+10
9.077187e+09 1.421640 2.734644e+10	1.196590e+10 2.734644e+10
9.064088e+09 1.416755 2.757970e+10	1.219370e+10 2.757970e+10
9.050990e+09 1.411891 2.781238e+10	1.242812e+10 2.781238e+10
9.037892e+09 1.407045 2.804445e+10	1.266930e+10 2.804987e+10
9.024793e+09 1.402220 2.827591e+10	1.291740e+10 2.830015e+10
9.011695e+09 1.397417 2.850675e+10	1.317256e+10 2.855008e+10
8.998597e+09 1.392643 2.873697e+10	1.343491e+10 2.879985e+10
8.985498e+09 1.387888 2.896656e+10	1.370461e+10 2.904938e+10
8.972400e+09 1.383152 2.919552e+10	1.398181e+10 2.929865e+10
8.959301e+09 1.378435 2.942383e+10	1.426334e+10 2.954761e+10
8.946203e+09 1.373736 2.965149e+10	1.454313e+10 2.979624e+10
8.933105e+09 1.369062 2.987849e+10	1.482230e+10 3.004452e+10
8.920006e+09 1.364413 3.010484e+10	1.510104e+10 3.029244e+10
8.906908e+09 1.359782 3.033053e+10	1.537940e+10 3.053996e+10
8.893809e+09 1.355169 3.055554e+10	1.565741e+10 3.078708e+10
8.880711e+09 1.350574 3.077988e+10	1.593509e+10 3.103376e+10
8.867613e+09 1.345997 3.100353e+10	1.621242e+10 3.127999e+10
8.854514e+09 1.341445 3.122650e+10	1.648941e+10 3.152576e+10
8.841416e+09 1.336915 3.144878e+10	1.676604e+10 3.177104e+10
8.828317e+09 1.332403 3.167037e+10	1.704229e+10 3.201583e+10
8.815219e+09 1.327908 3.189127e+10	1.731815e+10 3.226011e+10
8.802121e+09 1.323430 3.211146e+10	1.759358e+10 3.250386e+10
8.789022e+09 1.318970 3.233094e+10	1.786858e+10 3.274706e+10
8.775924e+09 1.314534 3.254971e+10	1.814311e+10 3.298970e+10
8.762825e+09 1.310118 3.276778e+10	1.841717e+10 3.323178e+10
8.749727e+09 1.305720 3.298513e+10	1.869071e+10 3.347327e+10
8.736629e+09 1.301338 3.320176e+10	1.896373e+10 3.371417e+10
8.723530e+09 1.296973 3.341767e+10	1.923619e+10 3.395446e+10
8.710432e+09 1.292625 3.363285e+10	1.950807e+10 3.419413e+10
8.697333e+09 1.288299 3.384731e+10	1.977936e+10 3.443316e+10
8.684235e+09 1.283994 3.406104e+10	2.005003e+10 3.467156e+10
8.671137e+09 1.279704 3.427404e+10	2.032005e+10 3.490930e+10
8.658038e+09 1.275431 3.448630e+10	2.058942e+10 3.514638e+10
8.644940e+09 1.271174 3.469783e+10	2.085810e+10 3.538279e+10
8.631841e+09 1.266933 3.490862e+10	2.112608e+10 3.561851e+10
8.618743e+09 1.262712 3.511866e+10	2.139334e+10 3.585355e+10
8.605645e+09 1.258512 3.532797e+10	2.165986e+10 3.608788e+10
8.592546e+09 1.254328 3.553653e+10	2.192563e+10 3.632151e+10
8.579448e+09 1.250159 3.574435e+10	2.219062e+10 3.655442e+10
8.566350e+09 1.246006 3.595142e+10	2.245482e+10 3.678660e+10
8.553251e+09 1.241868 3.615775e+10	2.271821e+10 3.701805e+10
8.540153e+09 1.237747 3.636332e+10	2.298078e+10 3.724877e+10
8.527054e+09 1.233648 3.656814e+10	2.324251e+10 3.747873e+10
8.513956e+09 1.229565 3.677222e+10	2.350339e+10 3.770795e+10
8.500858e+09 1.225496 3.697554e+10	2.376341e+10 3.793641e+10
8.487759e+09 1.221442 3.717811e+10	2.402254e+10 3.816410e+10
8.474661e+09 1.217403 3.737992e+10	2.428078e+10 3.839102e+10
8.461562e+09 1.213378 3.758098e+10	2.453811e+10 3.861717e+10
8.448464e+09 1.209376 3.778128e+10	2.479453e+10 3.884253e+10
8.435366e+09 1.205390 3.798083e+10	2.505002e+10 3.906711e+10
8.422267e+09 1.201417 3.817963e+10	2.530457e+10 3.929090e+10
8.409169e+09 1.197459 3.837767e+10	2.555818e+10 3.951389e+10
8.396070e+09 1.193515 3.857495e+10	2.581083e+10 3.973608e+10
8.382972e+09 1.189585 3.877147e+10	2.606250e+10 3.995747e+10
8.369874e+09 1.185673 3.896724e+10	2.631320e+10 4.017804e+10
8.356775e+09 1.181779 3.916225e+10	2.656292e+10 4.039781e+10
8.343677e+09 1.177899 3.935651e+10	2.681164e+10 4.061677e+10
8.330578e+09 1.174033 3.955001e+10	2.705937e+10 4.083490e+10
8.317480e+09 1.170180 3.974275e+10	2.730609e+10 4.105222e+10
8.304382e+09 1.166341 3.993474e+10	2.755179e+10 4.126871e+10
8.291283e+09 1.162516 4.012597e+10	2.779647e+10 4.148437e+10
8.278185e+09 1.158712 4.031645e+10	2.804013e+10 4.169920e+10
8.265086e+09 1.154921 4.050617e+10	2.828275e+10 4.191321e+10
8.251988e+09 1.151143 4.069514e+10	2.852434e+10 4.212638e+10
8.238890e+09 1.147378 4.088336e+10	2.876489e+10 4.233872e+10
8.225791e+09 1.143627 4.107082e+10	2.900440e+10 4.255021e+10
8.212693e+09 1.139888 4.125753e+10	2.924285e+10 4.276087e+10
8.199594e+09 1.136166 4.144349e+10	2.948024e+10 4.297069e+10
8.186496e+09 1.132460 4.162870e+10	2.971659e+10 4.317967e+10
8.173398e+09 1.128768 4.181316e+10	2.995196e+10 4.338781e+10
8.160299e+09 1.125088 4.199687e+10	3.018654e+10 4.359510e+10
8.147201e+09 1.121420 4.217984e+10	3.042027e+10 4.380155e+10
8.134103e+09 1.117766 4.236206e+10	3.065316e+10 4.400716e+10
8.121004e+09 1.114123 4.254353e+10	3.088520e+10 4.421192e+10
8.107906e+09 1.110499 4.272425e+10	3.111639e+10 4.441583e+10
8.094807e+09 1.106888 4.290424e+10	3.134673e+10 4.461890e+10
8.081709e+09 1.103289 4.308348e+10	3.157621e+10 4.482112e+10
8.068611e+09 1.099703 4.326199e+10	3.180483e+10 4.502251e+10
8.055512e+09 1.096129 4.343975e+10	3.203259e+10 4.522318e+10
8.042414e+09 1.092567 4.361678e+10	3.225949e+10 4.542313e+10
8.029315e+09 1.089017 4.379306e+10	3.248553e+10 4.562235e+10
8.016217e+09 1.085485 4.396862e+10	3.271070e+10 4.582085e+10
8.003119e+09 1.081965 4.414344e+10	3.293502e+10 4.601864e+10
7.990020e+09 1.078456 4.431752e+10	3.315847e+10 4.621572e+10
7.976922e+09 1.074960 4.449088e+10	3.338107e+10 4.641210e+10
7.963823e+09 1.071475 4.466351e+10	3.360280e+10 4.660778e+10
7.950725e+09 1.068002 4.483541e+10	3.382367e+10 4.680277e+10
7.937627e+09 1.064542 4.500658e+10	3.404367e+10 4.699708e+10
7.924528e+09 1.061097 4.517703e+10	3.426282e+10 4.719071e+10
7.911430e+09 1.057664 4.534675e+10	3.448111e+10 4.738366e+10
7.898331e+09 1.054242 4.551576e+10	3.469855e+10 4.757595e+10
7.885233e+09 1.050831 4.568404e+10	3.491512e+10 4.776758e+10
7.872135e+09 1.047432 4.585161e+10	3.513084e+10 4.795855e+10
7.859036e+09 1.044044 4.601846e+10	3.534571e+10 4.814887e+10
7.845938e+09 1.040669 4.618460e+10	3.555972e+10 4.833854e+10
7.832839e+09 1.037308 4.635002e+10	3.577288e+10 4.852757e+10
7.819741e+09 1.033958 4.651474e+10	3.598519e+10 4.871597e+10
7.806643e+09 1.030619 4.667875e+10	3.619666e+10 4.890374e+10
7.793544e+09 1.027292 4.684205e+10	3.640727e+10 4.909089e+10
7.780446e+09 1.023975 4.700464e+10	3.661704e+10 4.927741e+10
7.767348e+09 1.020668 4.716653e+10	3.682597e+10 4.946332e+10
7.754249e+09 1.017374 4.732772e+10	3.703406e+10 4.964862e+10
7.741151e+09 1.014094 4.748822e+10	3.724130e+10 4.983331e+10
7.728052e+09 1.010824 4.764801e+10	3.744772e+10 5.001741e+10
7.714954e+09 1.007565 4.780711e+10	3.765329e+10 5.020091e+10
7.701856e+09 1.004316 4.796552e+10	3.785804e+10 5.038382e+10
7.688757e+09 1.001078 4.812324e+10	3.806195e+10 5.056614e+10
7.675659e+09 0.997850 4.828027e+10	3.826503e+10 5.074788e+10
7.662560e+09 0.994634 4.843661e+10	3.846729e+10 5.092905e+10
7.649462e+09 0.991431 4.859226e+10	3.866873e+10 5.110964e+10
7.636364e+09 0.988238 4.874724e+10	3.886934e+10 5.128967e+10
7.623265e+09 0.985055 4.890153e+10	3.906914e+10 5.146913e+10
7.610167e+09 0.981883 4.905515e+10	3.926812e+10 5.164804e+10
7.597068e+09 0.978720 4.920809e+10	3.946629e+10 5.182639e+10
7.583970e+09 0.975568 4.936036e+10	3.966365e+10 5.200418e+10
7.570872e+09 0.972426 4.951195e+10	3.986019e+10 5.218144e+10
7.557773e+09 0.969296 4.966287e+10	4.005594e+10 5.235815e+10
7.544675e+09 0.966177 4.981313e+10	4.025088e+10 5.253432e+10
7.531576e+09 0.963068 4.996272e+10	4.044502e+10 5.270996e+10
7.518478e+09 0.959969 5.011165e+10	4.063837e+10 5.288507e+10
7.505380e+09 0.956879 5.025992e+10	4.083092e+10 5.305966e+10
7.492281e+09 0.953799 5.040753e+10	4.102267e+10 5.323372e+10
7.479183e+09 0.950729 5.055448e+10	4.121364e+10 5.340727e+10
7.466084e+09 0.947670 5.070078e+10	4.140383e+10 5.358030e+10
7.452986e+09 0.944622 5.084643e+10	4.159323e+10 5.375282e+10
7.439888e+09 0.941584 5.099143e+10	4.178185e+10 5.392484e+10
7.426789e+09 0.938554 5.113578e+10	4.196970e+10 5.409636e+10
7.413691e+09 0.935535 5.127948e+10	4.215677e+10 5.426737e+10
7.400592e+09 0.932524 5.142255e+10	4.234307e+10 5.443789e+10
7.387494e+09 0.929523 5.156497e+10	4.252861e+10 5.460792e+10
7.374396e+09 0.926532 5.170675e+10	4.271337e+10 5.477746e+10
7.361297e+09 0.923552 5.184790e+10	4.289738e+10 5.494652e+10
7.348199e+09 0.920582 5.198841e+10	4.308063e+10 5.511510e+10
7.335101e+09 0.917620 5.212830e+10	4.326312e+10 5.528320e+10
7.322002e+09 0.914668 5.226755e+10	4.344487e+10 5.545083e+10
7.308904e+09 0.911724 5.240618e+10	4.362586e+10 5.561798e+10
7.295805e+09 0.908790 5.254418e+10	4.380610e+10 5.578467e+10
7.282707e+09 0.905864 5.268156e+10	4.398561e+10 5.595090e+10
7.269609e+09 0.902950 5.281832e+10	4.416437e+10 5.611667e+10
7.256510e+09 0.900044 5.295446e+10	4.434239e+10 5.628198e+10
7.243412e+09 0.897147 5.308999e+10	4.451892e+10 5.644618e+10
7.230313e+09 0.894260 5.322491e+10	4.469408e+10 5.660939e+10
7.217215e+09 0.891381 5.335921e+10	4.486790e+10 5.677164e+10
7.204117e+09 0.888510 5.349291e+10	4.504042e+10 5.693294e+10
7.191018e+09 0.885649 5.362600e+10	4.521164e+10 5.709331e+10
7.177920e+09 0.882796 5.375848e+10	4.538160e+10 5.725275e+10
7.164821e+09 0.879953 5.389037e+10	4.555029e+10 5.741128e+10
7.151723e+09 0.877119 5.402165e+10	4.571775e+10 5.756891e+10
7.138625e+09 0.874294 5.415234e+10	4.588397e+10 5.772565e+10
7.125526e+09 0.871476 5.428244e+10	4.604898e+10 5.788150e+10
7.112428e+09 0.868668 5.441194e+10	4.621278e+10 5.803647e+10
7.099329e+09 0.865867 5.454086e+10	4.637539e+10 5.819057e+10
7.086231e+09 0.863076 5.466918e+10	4.653681e+10 5.834381e+10
7.073133e+09 0.860293 5.479692e+10	4.669707e+10 5.849619e+10
7.060034e+09 0.857519 5.492408e+10	4.685616e+10 5.864773e+10
7.046936e+09 0.854753 5.505066e+10	4.701411e+10 5.879842e+10
7.033837e+09 0.851996 5.517666e+10	4.717091e+10 5.894828e+10
7.020739e+09 0.849246 5.530209e+10	4.732659e+10 5.909731e+10
7.007641e+09 0.846505 5.542694e+10	4.748115e+10 5.924552e+10
6.994542e+09 0.843772 5.555122e+10	4.763460e+10 5.939292e+10
6.981444e+09 0.841047 5.567493e+10	4.778695e+10 5.953950e+10
6.968345e+09 0.838331 5.579807e+10	4.793821e+10 5.968528e+10
6.955247e+09 0.835623 5.592065e+10	4.808839e+10 5.983026e+10
6.942149e+09 0.832923 5.604267e+10	4.823750e+10 5.997445e+10
6.929050e+09 0.830230 5.616413e+10	4.838555e+10 6.011785e+10
6.915952e+09 0.827546 5.628503e+10	4.853254e+10 6.026048e+10
6.902854e+09 0.824870 5.640538e+10	4.867849e+10 6.040233e+10
6.889755e+09 0.822201 5.652517e+10	4.882341e+10 6.054341e+10
6.876657e+09 0.819540 5.664441e+10	4.896729e+10 6.068372e+10
6.863558e+09 0.816888 5.676311e+10	4.911016e+10 6.082328e+10
6.850460e+09 0.814243 5.688125e+10	4.925203e+10 6.096208e+10
6.837362e+09 0.811606 5.699886e+10	4.939289e+10 6.110014e+10
6.824263e+09 0.808976 5.711592e+10	4.953276e+10 6.123745e+10
6.811165e+09 0.806354 5.723245e+10	4.967164e+10 6.137403e+10
6.798066e+09 0.803740 5.734843e+10	4.980955e+10 6.150988e+10
6.784968e+09 0.801133 5.746388e+10	4.994649e+10 6.164499e+10
6.771870e+09 0.798534 5.757880e+10	5.008247e+10 6.177939e+10
6.758771e+09 0.795942 5.769319e+10	5.021750e+10 6.191307e+10
6.745673e+09 0.793358 5.780706e+10	5.035159e+10 6.204603e+10
6.732574e+09 0.790782 5.792039e+10	5.048474e+10 6.217829e+10
6.719476e+09 0.788212 5.803320e+10	5.061696e+10 6.230985e+10
6.706378e+09 0.785650 5.814549e+10	5.074826e+10 6.244071e+10
6.693279e+09 0.783096 5.825727e+10	5.087865e+10 6.257088e+10
6.680181e+09 0.780548 5.836852e+10	5.100813e+10 6.270036e+10
6.667082e+09 0.778008 5.847926e+10	5.113671e+10 6.282915e+10
6.653984e+09 0.775475 5.858949e+10	5.126440e+10 6.295727e+10
6.640886e+09 0.772950 5.869921e+10	5.139121e+10 6.308471e+10
6.627787e+09 0.770431 5.880842e+10	5.151714e+10 6.321149e+10
6.614689e+09 0.767919 5.891712e+10	5.164221e+10 6.333760e+10
6.601590e+09 0.765415 5.902532e+10	5.176641e+10 6.346304e+10
6.588492e+09 0.762918 5.913302e+10	5.188975e+10 6.358784e+10
6.575394e+09 0.760428 5.924021e+10	5.201225e+10 6.371198e+10
6.562295e+09 0.757944 5.934692e+10	5.213390e+10 6.383547e+10
6.549197e+09 0.755468 5.945312e+10	5.225472e+10 6.395832e+10
6.536098e+09 0.752998 5.955884e+10	5.237472e+10 6.408053e+10
6.523000e+09 0.750535 5.966406e+10	5.249389e+10 6.420211e+10
6.509902e+09 0.748079 5.976879e+10	5.261225e+10 6.432306e+10
6.496803e+09 0.745630 5.987304e+10	5.272980e+10 6.444338e+10
6.483705e+09 0.743188 5.997680e+10	5.284655e+10 6.456308e+10
6.470607e+09 0.740753 6.008008e+10	5.296250e+10 6.468216e+10
6.457508e+09 0.738324 6.018288e+10	5.307767e+10 6.480063e+10
6.444410e+09 0.735902 6.028520e+10	5.319205e+10 6.491849e+10
6.431311e+09 0.733486 6.038705e+10	5.330566e+10 6.503574e+10
6.418213e+09 0.731076 6.048842e+10	5.341849e+10 6.515239e+10
6.405115e+09 0.728674 6.058932e+10	5.353057e+10 6.526845e+10
6.392016e+09 0.726278 6.068975e+10	5.364188e+10 6.538391e+10
6.378918e+09 0.723889 6.078971e+10	5.375245e+10 6.549878e+10
6.365819e+09 0.721506 6.088921e+10	5.386227e+10 6.561307e+10
6.352721e+09 0.719130 6.098824e+10	5.397135e+10 6.572677e+10
6.339623e+09 0.716760 6.108681e+10	5.407970e+10 6.583990e+10
6.326524e+09 0.714396 6.118492e+10	5.418732e+10 6.595245e+10
6.313426e+09 0.712039 6.128258e+10	5.429422e+10 6.606443e+10
6.300327e+09 0.709688 6.137977e+10	5.440040e+10 6.617585e+10
6.287229e+09 0.707343 6.147652e+10	5.450587e+10 6.628670e+10
6.274131e+09 0.705005 6.157281e+10	5.461064e+10 6.639699e+10
6.261032e+09 0.702673 6.166866e+10	5.471471e+10 6.650673e+10
6.247934e+09 0.700347 6.176405e+10	5.481808e+10 6.661591e+10
6.234835e+09 0.698028 6.185900e+10	5.492097e+10 6.672435e+10
6.221737e+09 0.695714 6.195351e+10	5.502337e+10 6.683205e+10
6.208639e+09 0.693406 6.204758e+10	5.512528e+10 6.693902e+10
6.195540e+09 0.691104 6.214120e+10	5.522670e+10 6.704528e+10
6.182442e+09 0.688809 6.223439e+10	5.532762e+10 6.715084e+10
6.169343e+09 0.686519 6.232714e+10	5.542805e+10 6.725569e+10
6.156245e+09 0.684236 6.241946e+10	5.552799e+10 6.735986e+10
6.143147e+09 0.681960 6.251135e+10	5.562744e+10 6.746335e+10
6.130048e+09 0.679689 6.260281e+10	5.572640e+10 6.756616e+10
6.116950e+09 0.677423 6.269384e+10	5.582488e+10 6.766830e+10
6.103851e+09 0.675163 6.278444e+10	5.592288e+10 6.776977e+10
6.090753e+09 0.672909 6.287462e+10	5.602040e+10 6.787059e+10
6.077655e+09 0.670661 6.296438e+10	5.611744e+10 6.797076e+10
6.064556e+09 0.668419 6.305372e+10	5.621401e+10 6.807027e+10
6.051458e+09 0.666183 6.314263e+10	5.631010e+10 6.816915e+10
6.038360e+09 0.663953 6.323114e+10	5.640573e+10 6.826739e+10
6.025261e+09 0.661729 6.331922e+10	5.650089e+10 6.836500e+10
6.012163e+09 0.659510 6.340690e+10	5.659559e+10 6.846199e+10
5.999064e+09 0.657296 6.349416e+10	5.668983e+10 6.855836e+10
5.985966e+09 0.655088 6.358102e+10	5.678361e+10 6.865411e+10
5.972868e+09 0.652885 6.366746e+10	5.687694e+10 6.874925e+10
5.959769e+09 0.650689 6.375350e+10	5.696981e+10 6.884379e+10
5.946671e+09 0.648498 6.383914e+10	5.706224e+10 6.893772e+10
5.933572e+09 0.646313 6.392438e+10	5.715422e+10 6.903107e+10
5.920474e+09 0.644134 6.400921e+10	5.724576e+10 6.912382e+10
5.907376e+09 0.641961 6.409365e+10	5.733685e+10 6.921598e+10
5.894277e+09 0.639792 6.417770e+10	5.742751e+10 6.930757e+10
5.881179e+09 0.637628 6.426134e+10	5.751773e+10 6.939858e+10
5.868080e+09 0.635469 6.434460e+10	5.760752e+10 6.948901e+10
5.854982e+09 0.633317 6.442746e+10	5.769688e+10 6.957888e+10
5.841884e+09 0.631169 6.450993e+10	5.778582e+10 6.966819e+10
5.828785e+09 0.629028 6.459202e+10	5.787433e+10 6.975694e+10
5.815687e+09 0.626892 6.467372e+10	5.796241e+10 6.984513e+10
5.802588e+09 0.624762 6.475504e+10	5.805008e+10 6.993278e+10
5.789490e+09 0.622637 6.483597e+10	5.813733e+10 7.001988e+10
5.776392e+09 0.620516 6.491653e+10	5.822417e+10 7.010643e+10
5.763293e+09 0.618400 6.499671e+10	5.831060e+10 7.019245e+10
5.750195e+09 0.616289 6.507650e+10	5.839662e+10 7.027794e+10
5.737096e+09 0.614184 6.515593e+10	5.847766e+10 7.036290e+10
5.723998e+09 0.612084 6.523498e+10	5.855720e+10 7.044733e+10
5.710900e+09 0.609990 6.531365e+10	5.863642e+10 7.053125e+10
5.697801e+09 0.607901 6.539196e+10	5.871533e+10 7.061464e+10
5.684703e+09 0.605818 6.546990e+10	5.879394e+10 7.069753e+10
5.671604e+09 0.603740 6.554747e+10	5.887224e+10 7.077990e+10
5.658506e+09 0.601665 6.562468e+10	5.895024e+10 7.086177e+10
5.645408e+09 0.599595 6.570152e+10	5.902794e+10 7.094314e+10
5.632309e+09 0.597531 6.577800e+10	5.910535e+10 7.102401e+10
5.619211e+09 0.595471 6.585413e+10	5.918246e+10 7.110438e+10
5.606113e+09 0.593417 6.592989e+10	5.925927e+10 7.118427e+10
5.593014e+09 0.591369 6.600529e+10	5.933579e+10 7.126367e+10
5.579916e+09 0.589325 6.608034e+10	5.941203e+10 7.134258e+10
5.566817e+09 0.587287 6.615504e+10	5.948798e+10 7.142102e+10
5.553719e+09 0.585254 6.622939e+10	5.956364e+10 7.149898e+10
5.540621e+09 0.583223 6.630338e+10	5.963902e+10 7.157648e+10
5.527522e+09 0.581198 6.637702e+10	5.971412e+10 7.165350e+10
5.514424e+09 0.579177 6.645032e+10	5.978893e+10 7.173005e+10
5.501325e+09 0.577162 6.652327e+10	5.986347e+10 7.180615e+10
5.488227e+09 0.575152 6.659588e+10	5.993774e+10 7.188178e+10
5.475129e+09 0.573147 6.666815e+10	6.001173e+10 7.195696e+10
5.462030e+09 0.571147 6.674007e+10	6.008545e+10 7.203169e+10
5.448932e+09 0.569152 6.681166e+10	6.015890e+10 7.210598e+10
5.435833e+09 0.567162 6.688290e+10	6.023208e+10 7.217981e+10
5.422735e+09 0.565175 6.695381e+10	6.030500e+10 7.225321e+10
5.409637e+09 0.563192 6.702439e+10	6.037765e+10 7.232617e+10
5.396538e+09 0.561214 6.709463e+10	6.045004e+10 7.239869e+10
5.383440e+09 0.559241 6.716454e+10	6.052217e+10 7.247078e+10
5.370341e+09 0.557273 6.723412e+10	6.059404e+10 7.254244e+10
5.357243e+09 0.555310 6.730337e+10	6.066565e+10 7.261367e+10
5.344145e+09 0.553352 6.737230e+10	6.073701e+10 7.268448e+10
5.331046e+09 0.551399 6.744089e+10	6.080812e+10 7.275488e+10
5.317948e+09 0.549450 6.750917e+10	6.087897e+10 7.282485e+10
5.304849e+09 0.547505 6.757712e+10	6.094957e+10 7.289442e+10
5.291751e+09 0.545563 6.764475e+10	6.101993e+10 7.296357e+10
5.278653e+09 0.543626 6.771206e+10	6.109003e+10 7.303231e+10
5.265554e+09 0.541694 6.777905e+10	6.115989e+10 7.310065e+10
5.252456e+09 0.539766 6.784573e+10	6.122951e+10 7.316859e+10
5.239358e+09 0.537844 6.791209e+10	6.129889e+10 7.323613e+10
5.226259e+09 0.535926 6.797813e+10	6.136803e+10 7.330327e+10
5.213161e+09 0.534013 6.804386e+10	6.143693e+10 7.337002e+10
5.200062e+09 0.532105 6.810928e+10	6.150559e+10 7.343638e+10
5.186964e+09 0.530200 6.817440e+10	6.157402e+10 7.350235e+10
5.173866e+09 0.528297 6.823920e+10	6.164221e+10 7.356794e+10
5.160767e+09 0.526400 6.830370e+10	6.171017e+10 7.363314e+10
5.147669e+09 0.524507 6.836789e+10	6.177790e+10 7.369797e+10
5.134570e+09 0.522618 6.843177e+10	6.184540e+10 7.376242e+10
5.121472e+09 0.520735 6.849536e+10	6.191268e+10 7.382649e+10
5.108374e+09 0.518856 6.855864e+10	6.197972e+10 7.389019e+10
5.095275e+09 0.516981 6.862162e+10	6.204655e+10 7.395353e+10
5.082177e+09 0.515112 6.868430e+10	6.211315e+10 7.401650e+10
5.069078e+09 0.513246 6.874669e+10	6.217953e+10 7.407910e+10
5.055980e+09 0.511382 6.880878e+10	6.224569e+10 7.414135e+10
5.042882e+09 0.509522 6.887058e+10	6.231163e+10 7.420323e+10
5.029783e+09 0.507667 6.893208e+10	6.237736e+10 7.426476e+10
5.016685e+09 0.505816 6.899329e+10	6.244287e+10 7.432593e+10
5.003586e+09 0.503970 6.905421e+10	6.250816e+10 7.438676e+10
4.990488e+09 0.502129 6.911484e+10	6.257325e+10 7.444723e+10
4.977390e+09 0.500291 6.917518e+10	6.263812e+10 7.450736e+10
4.964291e+09 0.498459 6.923524e+10	6.270278e+10 7.456680e+10
4.951193e+09 0.496631 6.929501e+10	6.276724e+10 7.462556e+10
4.938094e+09 0.494804 6.935450e+10	6.283148e+10 7.468366e+10
4.924996e+09 0.492981 6.941371e+10	6.289552e+10 7.474112e+10
4.911898e+09 0.491162 6.947263e+10	6.295936e+10 7.479795e+10
4.898799e+09 0.489348 6.953127e+10	6.302300e+10 7.485417e+10
4.885701e+09 0.487538 6.958964e+10	6.308643e+10 7.490977e+10
4.872602e+09 0.485732 6.964772e+10	6.314966e+10 7.496478e+10
4.859504e+09 0.483931 6.970553e+10	6.321269e+10 7.501920e+10
4.846406e+09 0.482134 6.976307e+10	6.327553e+10 7.507303e+10
4.833307e+09 0.480342 6.982033e+10	6.333817e+10 7.512629e+10
4.820209e+09 0.478552 6.987732e+10	6.340062e+10 7.517898e+10
4.807111e+09 0.476764 6.993404e+10	6.346287e+10 7.523111e+10
4.794012e+09 0.474980 6.999049e+10	6.352493e+10 7.528268e+10
4.780914e+09 0.473201 7.004666e+10	6.358679e+10 7.533371e+10
4.767815e+09 0.471426 7.010258e+10	6.364847e+10 7.538420e+10
4.754717e+09 0.469655 7.015822e+10	6.370996e+10 7.543415e+10
4.741619e+09 0.467888 7.021360e+10	6.377126e+10 7.548357e+10
4.728520e+09 0.466126 7.026872e+10	6.383238e+10 7.553248e+10
4.715422e+09 0.464368 7.032357e+10	6.389331e+10 7.558086e+10
4.702323e+09 0.462614 7.037816e+10	6.395405e+10 7.562874e+10
4.689225e+09 0.460861 7.043249e+10	6.401462e+10 7.567612e+10
4.676127e+09 0.459111 7.048656e+10	6.407500e+10 7.572299e+10
4.663028e+09 0.457365 7.054038e+10	6.413520e+10 7.576937e+10
4.649930e+09 0.455624 7.059394e+10	6.419523e+10 7.581527e+10
4.636831e+09 0.453886 7.064724e+10	6.425507e+10 7.586068e+10
4.623733e+09 0.452153 7.070028e+10	6.431474e+10 7.590562e+10
4.610635e+09 0.450424 7.075308e+10	6.437423e+10 7.595008e+10
4.597536e+09 0.448699 7.080562e+10	6.443355e+10 7.599408e+10
4.584438e+09 0.446978 7.085791e+10	6.449270e+10 7.603762e+10
4.571339e+09 0.445261 7.090995e+10	6.455167e+10 7.608070e+10
4.558241e+09 0.443544 7.096174e+10	6.461048e+10 7.612333e+10
4.545143e+09 0.441830 7.101329e+10	6.466911e+10 7.616551e+10
4.532044e+09 0.440121 7.106458e+10	6.472757e+10 7.620725e+10
4.518946e+09 0.438416 7.111564e+10	6.478587e+10 7.624856e+10
4.505847e+09 0.436715 7.116644e+10	6.484400e+10 7.628943e+10
4.492749e+09 0.435018 7.121701e+10	6.490196e+10 7.632987e+10
4.479651e+09 0.433325 7.126733e+10	6.495976e+10 7.636989e+10
4.466552e+09 0.431636 7.131741e+10	6.501740e+10 7.640949e+10
4.453454e+09 0.429951 7.136726e+10	6.507487e+10 7.644868e+10
4.440355e+09 0.428268 7.141686e+10	6.513218e+10 7.648746e+10
4.427257e+09 0.426586 7.146623e+10	6.518933e+10 7.652583e+10
4.414159e+09 0.424908 7.151536e+10	6.524633e+10 7.656380e+10
4.401060e+09 0.423234 7.156425e+10	6.530316e+10 7.660137e+10
4.387962e+09 0.421564 7.161291e+10	6.535984e+10 7.663855e+10
4.374864e+09 0.419898 7.166133e+10	6.541636e+10 7.667534e+10
4.361765e+09 0.418235 7.170953e+10	6.547272e+10 7.671174e+10
4.348667e+09 0.416577 7.175749e+10	6.552893e+10 7.674776e+10
4.335568e+09 0.414922 7.180522e+10	6.558499e+10 7.678341e+10
4.322470e+09 0.413272 7.185272e+10	6.564089e+10 7.681868e+10
4.309372e+09 0.411622 7.190000e+10	6.569665e+10 7.685358e+10
4.296273e+09 0.409974 7.194704e+10	6.575225e+10 7.688812e+10
4.283175e+09 0.408330 7.199387e+10	6.580771e+10 7.692229e+10
4.270076e+09 0.406690 7.204046e+10	6.586301e+10 7.695610e+10
4.256978e+09 0.405054 7.208683e+10	6.591817e+10 7.698956e+10
4.243880e+09 0.403421 7.213298e+10	6.597318e+10 7.702266e+10
4.230781e+09 0.401793 7.217891e+10	6.602804e+10 7.705542e+10
4.217683e+09 0.400168 7.222461e+10	6.608277e+10 7.708784e+10
4.204584e+09 0.398547 7.227010e+10	6.613734e+10 7.711991e+10
4.191486e+09 0.396929 7.231537e+10	6.619178e+10 7.715165e+10
4.178388e+09 0.395312 7.236042e+10	6.624607e+10 7.718305e+10
4.165289e+09 0.393697 7.240525e+10	6.630022e+10 7.721412e+10
4.152191e+09 0.392086 7.244986e+10	6.635423e+10 7.724487e+10
4.139092e+09 0.390478 7.249426e+10	6.640810e+10 7.727528e+10
4.125994e+09 0.388874 7.253845e+10	6.646183e+10 7.730538e+10
4.112896e+09 0.387274 7.258242e+10	6.651543e+10 7.733516e+10
4.099797e+09 0.385678 7.262618e+10	6.656889e+10 7.736462e+10
4.086699e+09 0.384085 7.266973e+10	6.662221e+10 7.739378e+10
4.073600e+09 0.382496 7.271307e+10	6.667540e+10 7.742262e+10
4.060502e+09 0.380911 7.275620e+10	6.672845e+10 7.745116e+10
4.047404e+09 0.379325 7.279912e+10	6.678082e+10 7.747940e+10
4.034305e+09 0.377742 7.284184e+10	6.682776e+10 7.750733e+10
4.021207e+09 0.376162 7.288434e+10	6.687447e+10 7.753497e+10
4.008108e+09 0.374586 7.292665e+10	6.692097e+10 7.756232e+10
3.995010e+09 0.373014 7.296874e+10	6.696726e+10 7.758937e+10
3.981912e+09 0.371445 7.301063e+10	6.701333e+10 7.761614e+10
3.968813e+09 0.369879 7.305232e+10	6.705920e+10 7.764262e+10
3.955715e+09 0.368318 7.309381e+10	6.710485e+10 7.766882e+10
3.942617e+09 0.366759 7.313510e+10	6.715029e+10 7.769473e+10
3.929518e+09 0.365205 7.317619e+10	6.719553e+10 7.772038e+10
3.916420e+09 0.363650 7.321708e+10	6.724056e+10 7.774574e+10
3.903321e+09 0.362098 7.325777e+10	6.728538e+10 7.777084e+10
3.890223e+09 0.360548 7.329826e+10	6.733000e+10 7.779567e+10
3.877125e+09 0.359002 7.333855e+10	6.737441e+10 7.782022e+10
3.864026e+09 0.357460 7.337865e+10	6.741862e+10 7.784452e+10
3.850928e+09 0.355921 7.341856e+10	6.746263e+10 7.786855e+10
3.837829e+09 0.354386 7.345827e+10	6.750644e+10 7.789233e+10
3.824731e+09 0.352854 7.349779e+10	6.755005e+10 7.791584e+10
3.811633e+09 0.351326 7.353712e+10	6.759346e+10 7.793911e+10
3.798534e+09 0.349801 7.357625e+10	6.763673e+10 7.796212e+10
3.785436e+09 0.348277 7.361520e+10	6.768021e+10 7.798489e+10
3.772337e+09 0.346753 7.365395e+10	6.772383e+10 7.800740e+10
3.759239e+09 0.345233 7.369252e+10	6.776758e+10 7.802967e+10
3.746141e+09 0.343717 7.373089e+10	6.781145e+10 7.805170e+10
3.733042e+09 0.342204 7.376908e+10	6.785545e+10 7.807349e+10
3.719944e+09 0.340694 7.380709e+10	6.789955e+10 7.809504e+10
3.706845e+09 0.339187 7.384491e+10	6.794377e+10 7.811636e+10
3.693747e+09 0.337684 7.388254e+10	6.798810e+10 7.813744e+10
3.680649e+09 0.336185 7.391999e+10	6.803253e+10 7.815830e+10
3.667550e+09 0.334688 7.395726e+10	6.807707e+10 7.817892e+10
3.654452e+09 0.333194 7.399435e+10	6.812171e+10 7.819932e+10
3.641353e+09 0.331699 7.403125e+10	6.816645e+10 7.821949e+10
3.628255e+09 0.330207 7.406798e+10	6.821129e+10 7.823944e+10
3.615157e+09 0.328719 7.410452e+10	6.825623e+10 7.825917e+10
3.602058e+09 0.327234 7.414089e+10	6.830126e+10 7.827868e+10
3.588960e+09 0.325752 7.417707e+10	6.834639e+10 7.829798e+10
3.575861e+09 0.324274 7.421308e+10	6.839161e+10 7.831706e+10
3.562763e+09 0.322798 7.424892e+10	6.843693e+10 7.833592e+10
3.549665e+09 0.321326 7.428457e+10	6.848234e+10 7.835458e+10
3.536566e+09 0.319858 7.432006e+10	6.852785e+10 7.837303e+10
3.523468e+09 0.318392 7.435537e+10	6.857344e+10 7.839128e+10
3.510370e+09 0.316925 7.439050e+10	6.861913e+10 7.840932e+10
3.497271e+09 0.315461 7.442547e+10	6.866491e+10 7.842716e+10
3.484173e+09 0.314000 7.446026e+10	6.871077e+10 7.844479e+10
3.471074e+09 0.312542 7.449488e+10	6.875673e+10 7.846223e+10
3.457976e+09 0.311087 7.452933e+10	6.880277e+10 7.847947e+10
3.444878e+09 0.309635 7.456361e+10	6.884890e+10 7.849651e+10
3.431779e+09 0.308187 7.459772e+10	6.889512e+10 7.851336e+10
3.418681e+09 0.306742 7.463166e+10	6.894142e+10 7.853002e+10
3.405582e+09 0.305300 7.466544e+10	6.898782e+10 7.854649e+10
3.392484e+09 0.303861 7.469905e+10	6.903429e+10 7.856278e+10
3.379386e+09 0.302423 7.473249e+10	6.908086e+10 7.857887e+10
3.366287e+09 0.300984 7.476577e+10	6.912751e+10 7.859479e+10
3.353189e+09 0.299549 7.479888e+10	6.917424e+10 7.861051e+10
3.340090e+09 0.298118 7.483183e+10	6.922106e+10 7.862606e+10
3.326992e+09 0.296689 7.486462e+10	6.926797e+10 7.864143e+10
3.313894e+09 0.295263 7.489724e+10	6.931495e+10 7.865662e+10
3.300795e+09 0.293841 7.492971e+10	6.936203e+10 7.867163e+10
3.287697e+09 0.292422 7.496201e+10	6.940918e+10 7.868647e+10
3.274598e+09 0.291005 7.499415e+10	6.945642e+10 7.870113e+10
3.261500e+09 0.289592 7.502614e+10	6.950375e+10 7.871562e+10
3.248402e+09 0.288182 7.505797e+10	6.955115e+10 7.872995e+10
3.235303e+09 0.286769 7.508963e+10	6.959864e+10 7.874410e+10
3.222205e+09 0.285360 7.512114e+10	6.964622e+10 7.875809e+10
3.209106e+09 0.283953 7.515250e+10	6.969387e+10 7.877191e+10
3.196008e+09 0.282550 7.518369e+10	6.974161e+10 7.878557e+10
3.182910e+09 0.281149 7.521474e+10	6.978943e+10 7.879907e+10
3.169811e+09 0.279752 7.524562e+10	6.983733e+10 7.881240e+10
3.156713e+09 0.278358 7.527636e+10	6.988532e+10 7.882558e+10
3.143615e+09 0.276966 7.530694e+10	6.993338e+10 7.883859e+10
3.130516e+09 0.275578 7.533737e+10	6.998153e+10 7.885145e+10
3.117418e+09 0.274193 7.536765e+10	7.002976e+10 7.886416e+10
3.104319e+09 0.272808 7.539777e+10	7.007807e+10 7.887671e+10
3.091221e+09 0.271423 7.542775e+10	7.012646e+10 7.888911e+10
3.078123e+09 0.270040 7.545758e+10	7.017494e+10 7.890136e+10
3.065024e+09 0.268661 7.548725e+10	7.022350e+10 7.891345e+10
3.051926e+09 0.267285 7.551678e+10	7.027213e+10 7.892540e+10
3.038827e+09 0.265912 7.554616e+10	7.032085e+10 7.893720e+10
3.025729e+09 0.264542 7.557539e+10	7.036965e+10 7.894886e+10
3.012631e+09 0.263175 7.560448e+10	7.041853e+10 7.896037e+10
2.999532e+09 0.261810 7.563342e+10	7.046750e+10 7.897174e+10
2.986434e+09 0.260449 7.566222e+10	7.051654e+10 7.898296e+10
2.973335e+09 0.259091 7.569087e+10	7.056567e+10 7.899405e+10
2.960237e+09 0.257730 7.571938e+10	7.061487e+10 7.900500e+10
2.947139e+09 0.256371 7.574775e+10	7.066416e+10 7.901580e+10
2.934040e+09 0.255016 7.577597e+10	7.071353e+10 7.902647e+10
2.920942e+09 0.253663 7.580405e+10	7.076298e+10 7.903701e+10
2.907843e+09 0.252313 7.583199e+10	7.081251e+10 7.904741e+10
2.894745e+09 0.250966 7.585978e+10	7.086212e+10 7.905767e+10
2.881647e+09 0.249622 7.588744e+10	7.091172e+10 7.906781e+10
2.868548e+09 0.248281 7.591496e+10	7.096106e+10 7.907781e+10
2.855450e+09 0.246943 7.594234e+10	7.101021e+10 7.908768e+10
2.842351e+09 0.245608 7.596958e+10	7.105916e+10 7.909743e+10
2.829253e+09 0.244274 7.599668e+10	7.110793e+10 7.910704e+10
2.816155e+09 0.242938 7.602365e+10	7.115651e+10 7.911653e+10
2.803056e+09 0.241605 7.605048e+10	7.120492e+10 7.912590e+10
2.789958e+09 0.240275 7.607717e+10	7.125316e+10 7.913514e+10
2.776859e+09 0.238948 7.610373e+10	7.130122e+10 7.914426e+10
2.763761e+09 0.237624 7.613015e+10	7.134911e+10 7.915325e+10
2.750663e+09 0.236302 7.615644e+10	7.139684e+10 7.916212e+10
2.737564e+09 0.234984 7.618260e+10	7.144440e+10 7.917088e+10
2.724466e+09 0.233668 7.620862e+10	7.149179e+10 7.917951e+10
2.711368e+09 0.232355 7.623451e+10	7.153903e+10 7.918803e+10
2.698269e+09 0.231044 7.626027e+10	7.158611e+10 7.919643e+10
2.685171e+09 0.229734 7.628590e+10	7.163302e+10 7.920471e+10
2.672072e+09 0.228423 7.631140e+10	7.167979e+10 7.921288e+10
2.658974e+09 0.227115 7.633676e+10	7.172639e+10 7.922094e+10
2.645876e+09 0.225810 7.636200e+10	7.177284e+10 7.922888e+10
2.632777e+09 0.224507 7.638711e+10	7.181913e+10 7.923671e+10
2.619679e+09 0.223208 7.641209e+10	7.186528e+10 7.924443e+10
2.606580e+09 0.221911 7.643694e+10	7.191127e+10 7.925204e+10
2.593482e+09 0.220616 7.646167e+10	7.195711e+10 7.925954e+10
2.580384e+09 0.219325 7.648626e+10	7.200281e+10 7.926693e+10
2.567285e+09 0.218036 7.651074e+10	7.204835e+10 7.927421e+10
2.554187e+09 0.216750 7.653509e+10	7.209375e+10 7.928139e+10
2.541088e+09 0.215463 7.655931e+10	7.213901e+10 7.928847e+10
2.527990e+09 0.214176 7.658340e+10	7.218411e+10 7.929543e+10
2.514892e+09 0.212892 7.660738e+10	7.222908e+10 7.930230e+10
2.501793e+09 0.211611 7.663123e+10	7.227390e+10 7.930906e+10
2.488695e+09 0.210332 7.665495e+10	7.231857e+10 7.931572e+10
2.475596e+09 0.209056 7.667856e+10	7.236311e+10 7.932228e+10
2.462498e+09 0.207782 7.670204e+10	7.240750e+10 7.932874e+10
2.449400e+09 0.206512 7.672540e+10	7.245176e+10 7.933510e+10
2.436301e+09 0.205244 7.674864e+10	7.249326e+10 7.934136e+10
2.423203e+09 0.203978 7.677176e+10	7.253468e+10 7.934753e+10
2.410104e+09 0.202716 7.679476e+10	7.257604e+10 7.935360e+10
2.397006e+09 0.201451 7.681765e+10	7.261734e+10 7.935957e+10
2.383908e+09 0.200188 7.684041e+10	7.265858e+10 7.936545e+10
2.370809e+09 0.198927 7.686305e+10	7.269976e+10 7.937123e+10
2.357711e+09 0.197668 7.688558e+10	7.274088e+10 7.937692e+10
2.344612e+09 0.196412 7.690799e+10	7.278194e+10 7.938251e+10
2.331514e+09 0.195159 7.693028e+10	7.282294e+10 7.938802e+10
2.318416e+09 0.193909 7.695246e+10	7.286388e+10 7.939343e+10
2.305317e+09 0.192661 7.697452e+10	7.290477e+10 7.939876e+10
2.292219e+09 0.191416 7.699647e+10	7.294559e+10 7.940399e+10
2.279121e+09 0.190173 7.701830e+10	7.298636e+10 7.940914e+10
2.266022e+09 0.188933 7.704002e+10	7.302707e+10 7.941420e+10
2.252924e+09 0.187691 7.706162e+10	7.306773e+10 7.941917e+10
2.239825e+09 0.186450 7.708312e+10	7.310832e+10 7.942405e+10
2.226727e+09 0.185211 7.710449e+10	7.314886e+10 7.942885e+10
2.213629e+09 0.183975 7.712576e+10	7.318935e+10 7.943356e+10
2.200530e+09 0.182741 7.714691e+10	7.322978e+10 7.943819e+10
2.187432e+09 0.181510 7.716796e+10	7.327015e+10 7.944274e+10
2.174333e+09 0.180282 7.718889e+10	7.331047e+10 7.944720e+10
2.161235e+09 0.179056 7.720971e+10	7.335073e+10 7.945158e+10
2.148137e+09 0.177833 7.723042e+10	7.339095e+10 7.945588e+10
2.135038e+09 0.176612 7.725103e+10	7.343110e+10 7.946009e+10
2.121940e+09 0.175394 7.727152e+10	7.347121e+10 7.946423e+10
2.108841e+09 0.174174 7.729191e+10	7.351126e+10 7.946829e+10
2.095743e+09 0.172955 7.731219e+10	7.355126e+10 7.947227e+10
2.082645e+09 0.171737 7.733236e+10	7.359120e+10 7.947617e+10
2.069546e+09 0.170523 7.735242e+10	7.363109e+10 7.948000e+10
2.056448e+09 0.169311 7.737238e+10	7.367094e+10 7.948374e+10
2.043349e+09 0.168101 7.739223e+10	7.371073e+10 7.948741e+10
2.030251e+09 0.166894 7.741198e+10	7.375046e+10 7.949101e+10
2.017153e+09 0.165690 7.743162e+10	7.379015e+10 7.949453e+10
2.004054e+09 0.164487 7.745116e+10	7.382979e+10 7.949797e+10
1.990956e+09 0.163288 7.747059e+10	7.386938e+10 7.950135e+10
1.977857e+09 0.162091 7.748992e+10	7.390892e+10 7.950465e+10
1.964759e+09 0.160893 7.750914e+10	7.394841e+10 7.950787e+10
1.951661e+09 0.159694 7.752827e+10	7.398785e+10 7.951103e+10
1.938562e+09 0.158498 7.754729e+10	7.402724e+10 7.951411e+10
1.925464e+09 0.157304 7.756620e+10	7.406658e+10 7.951713e+10
1.912365e+09 0.156113 7.758502e+10	7.410587e+10 7.952007e+10
1.899267e+09 0.154924 7.760373e+10	7.414512e+10 7.952294e+10
1.886169e+09 0.153738 7.762235e+10	7.418432e+10 7.952575e+10
1.873070e+09 0.152554 7.764086e+10	7.422347e+10 7.952848e+10
1.859972e+09 0.151372 7.765928e+10	7.426257e+10 7.953115e+10
1.846874e+09 0.150193 7.767759e+10	7.430163e+10 7.953375e+10
1.833775e+09 0.149016 7.769581e+10	7.434064e+10 7.953629e+10
1.820677e+09 0.147840 7.771393e+10	7.437961e+10 7.953876e+10
1.807578e+09 0.146662 7.773195e+10	7.441853e+10 7.954116e+10
1.794480e+09 0.145486 7.774987e+10	7.445740e+10 7.954350e+10
1.781382e+09 0.144312 7.776769e+10	7.449623e+10 7.954577e+10
1.768283e+09 0.143141 7.778542e+10	7.453502e+10 7.954798e+10
1.755185e+09 0.141972 7.780305e+10	7.457376e+10 7.955013e+10
1.742086e+09 0.140806 7.782059e+10	7.461245e+10 7.955221e+10
1.728988e+09 0.139642 7.783803e+10	7.465110e+10 7.955423e+10
1.715890e+09 0.138480 7.785537e+10	7.468971e+10 7.955619e+10
1.702791e+09 0.137321 7.787262e+10	7.472828e+10 7.955809e+10
1.689693e+09 0.136164 7.788978e+10	7.476680e+10 7.955993e+10
1.676594e+09 0.135009 7.790684e+10	7.480528e+10 7.956171e+10
1.663496e+09 0.133851 7.792381e+10	7.484372e+10 7.956343e+10
1.650398e+09 0.132694 7.794069e+10	7.488211e+10 7.956508e+10
1.637299e+09 0.131540 7.795747e+10	7.492047e+10 7.956668e+10
1.624201e+09 0.130388 7.797416e+10	7.495878e+10 7.956822e+10
1.611102e+09 0.129239 7.799075e+10	7.499705e+10 7.956971e+10
1.598004e+09 0.128092 7.800726e+10	7.503528e+10 7.957113e+10
1.584906e+09 0.126947 7.802368e+10	7.507346e+10 7.957250e+10
1.571807e+09 0.125805 7.804000e+10	7.511161e+10 7.957381e+10
1.558709e+09 0.124665 7.805623e+10	7.514972e+10 7.957507e+10
1.545610e+09 0.123527 7.807238e+10	7.518779e+10 7.957627e+10
1.532512e+09 0.122391 7.808843e+10	7.522582e+10 7.957742e+10
1.519414e+09 0.121254 7.810440e+10	7.526381e+10 7.957851e+10
1.506315e+09 0.120116 7.812027e+10	7.530176e+10 7.957954e+10
1.493217e+09 0.118981 7.813606e+10	7.533967e+10 7.958053e+10
1.480118e+09 0.117848 7.815176e+10	7.537754e+10 7.958146e+10
1.467020e+09 0.116718 7.816737e+10	7.541537e+10 7.958233e+10
1.453922e+09 0.115589 7.818290e+10	7.545317e+10 7.958316e+10
1.440823e+09 0.114463 7.819833e+10	7.548863e+10 7.958393e+10
1.427725e+09 0.113340 7.821368e+10	7.552379e+10 7.958465e+10
1.414627e+09 0.112218 7.822895e+10	7.555884e+10 7.958532e+10
1.401528e+09 0.111099 7.824413e+10	7.559380e+10 7.958594e+10
1.388430e+09 0.109982 7.825922e+10	7.562866e+10 7.958651e+10
1.375331e+09 0.108865 7.827423e+10	7.566342e+10 7.958703e+10
1.362233e+09 0.107746 7.828915e+10	7.569809e+10 7.958750e+10
1.349135e+09 0.106629 7.830399e+10	7.573266e+10 7.958792e+10
1.336036e+09 0.105515 7.831875e+10	7.576713e+10 7.958829e+10
1.322938e+09 0.104402 7.833342e+10	7.580151e+10 7.958861e+10
1.309839e+09 0.103292 7.834801e+10	7.583579e+10 7.958889e+10
1.296741e+09 0.102184 7.836251e+10	7.586998e+10 7.958912e+10
1.283643e+09 0.101078 7.837693e+10	7.590408e+10 7.958930e+10
1.270544e+09 0.099975 7.839127e+10	7.593808e+10 7.958943e+10
1.257446e+09 0.098874 7.840553e+10	7.597220e+10 7.958952e+10
1.244347e+09 0.097775 7.841971e+10	7.600639e+10 7.958956e+10
1.231249e+09 0.096678 7.843380e+10	7.604066e+10 7.958956e+10
1.218151e+09 0.095578 7.844782e+10	7.607499e+10 7.958951e+10
1.205052e+09 0.094478 7.846175e+10	7.610939e+10 7.958942e+10
1.191954e+09 0.093381 7.847560e+10	7.614384e+10 7.958928e+10
1.178855e+09 0.092287 7.848938e+10	7.617836e+10 7.958910e+10
1.165757e+09 0.091194 7.850307e+10	7.621294e+10 7.958887e+10
1.152659e+09 0.090104 7.851668e+10	7.624758e+10 7.958860e+10
1.139560e+09 0.089016 7.853022e+10	7.628227e+10 7.958829e+10
1.126462e+09 0.087930 7.854368e+10	7.631701e+10 7.958793e+10
1.113363e+09 0.086846 7.855706e+10	7.635182e+10 7.958754e+10
1.100265e+09 0.085764 7.857036e+10	7.638667e+10 7.958710e+10
1.087167e+09 0.084684 7.858358e+10	7.642158e+10 7.958662e+10
1.074068e+09 0.083605 7.859673e+10	7.645654e+10 7.958609e+10
1.060970e+09 0.082523 7.860980e+10	7.649155e+10 7.958553e+10
1.047872e+09 0.081443 7.862279e+10	7.652661e+10 7.958493e+10
1.034773e+09 0.080366 7.863571e+10	7.656173e+10 7.958428e+10
1.021675e+09 0.079290 7.864855e+10	7.659689e+10 7.958360e+10
1.008576e+09 0.078217 7.866131e+10	7.663210e+10 7.958287e+10
9.954779e+08 0.077146 7.867400e+10	7.666737e+10 7.958211e+10
9.823795e+08 0.076076 7.868662e+10	7.670268e+10 7.958131e+10
9.692811e+08 0.075009 7.869916e+10	7.673803e+10 7.958046e+10
9.561827e+08 0.073945 7.871163e+10	7.677344e+10 7.957958e+10
9.430844e+08 0.072882 7.872402e+10	7.680889e+10 7.957867e+10
9.299860e+08 0.071821 7.873634e+10	7.684439e+10 7.957771e+10
9.168876e+08 0.070758 7.874858e+10	7.687994e+10 7.957672e+10
9.037892e+08 0.069695 7.876076e+10	7.691553e+10 7.957569e+10
8.906908e+08 0.068634 7.877285e+10	7.695117e+10 7.957462e+10
8.775924e+08 0.067575 7.878488e+10	7.698686e+10 7.957352e+10
8.644940e+08 0.066518 7.879684e+10	7.702259e+10 7.957238e+10
8.513956e+08 0.065463 7.880872e+10	7.705836e+10 7.957120e+10
8.382972e+08 0.064410 7.882053e+10	7.709418e+10 7.956999e+10
8.251988e+08 0.063360 7.883227e+10	7.713005e+10 7.956874e+10
8.121004e+08 0.062311 7.884394e+10	7.716595e+10 7.956746e+10
7.990020e+08 0.061265 7.885554e+10	7.720191e+10 7.956614e+10
7.859036e+08 0.060220 7.886707e+10	7.723790e+10 7.956479e+10
7.728052e+08 0.059177 7.887853e+10	7.727394e+10 7.956340e+10
7.597068e+08 0.058130 7.888992e+10	7.731002e+10 7.956198e+10
7.466084e+08 0.057085 7.890123e+10	7.734615e+10 7.956053e+10
7.335101e+08 0.056042 7.891248e+10	7.738232e+10 7.955904e+10
7.204117e+08 0.055001 7.892367e+10	7.741853e+10 7.955752e+10
7.073133e+08 0.053963 7.893478e+10	7.745478e+10 7.955597e+10
6.942149e+08 0.052926 7.894582e+10	7.749108e+10 7.955438e+10
6.811165e+08 0.051891 7.895680e+10	7.752741e+10 7.955276e+10
6.680181e+08 0.050858 7.896771e+10	7.756379e+10 7.955111e+10
6.549197e+08 0.049828 7.897855e+10	7.760021e+10 7.954943e+10
6.418213e+08 0.048799 7.898932e+10	7.763668e+10 7.954771e+10
6.287229e+08 0.047773 7.900003e+10	7.767318e+10 7.954597e+10
6.156245e+08 0.046745 7.901067e+10	7.770972e+10 7.954419e+10
6.025261e+08 0.045716 7.902125e+10	7.774631e+10 7.954239e+10
5.894277e+08 0.044689 7.903176e+10	7.778293e+10 7.954055e+10
5.763293e+08 0.043663 7.904220e+10	7.781960e+10 7.953868e+10
5.632309e+08 0.042640 7.905258e+10	7.785631e+10 7.953678e+10
5.501325e+08 0.041619 7.906289e+10	7.789306e+10 7.953485e+10
5.370341e+08 0.040599 7.907313e+10	7.792984e+10 7.953289e+10
5.239358e+08 0.039582 7.908332e+10	7.796667e+10 7.953091e+10
5.108374e+08 0.038567 7.909343e+10	7.800354e+10 7.952889e+10
4.977390e+08 0.037553 7.910349e+10	7.804044e+10 7.952684e+10
4.846406e+08 0.036542 7.911348e+10	7.807739e+10 7.952477e+10
4.715422e+08 0.035533 7.912341e+10	7.811438e+10 7.952267e+10
4.584438e+08 0.034521 7.913327e+10	7.815140e+10 7.952054e+10
4.453454e+08 0.033509 7.914307e+10	7.818846e+10 7.951838e+10
4.322470e+08 0.032498 7.915281e+10	7.822557e+10 7.951619e+10
4.191486e+08 0.031490 7.916249e+10	7.826271e+10 7.951398e+10
4.060502e+08 0.030484 7.917210e+10	7.829989e+10 7.951173e+10
3.929518e+08 0.029480 7.918165e+10	7.833711e+10 7.950947e+10
3.798534e+08 0.028477 7.919114e+10	7.837437e+10 7.950717e+10
3.667550e+08 0.027477 7.920057e+10	7.841166e+10 7.950485e+10
3.536566e+08 0.026478 7.920993e+10	7.844900e+10 7.950250e+10
3.405582e+08 0.025482 7.921924e+10	7.848637e+10 7.950012e+10
3.274598e+08 0.024487 7.922849e+10	7.852378e+10 7.949772e+10
3.143615e+08 0.023494 7.923767e+10	7.856123e+10 7.949530e+10
3.012631e+08 0.022498 7.924680e+10	7.859872e+10 7.949285e+10
2.881647e+08 0.021502 7.925586e+10	7.863624e+10 7.949037e+10
2.750663e+08 0.020509 7.926487e+10	7.867381e+10 7.948787e+10
2.619679e+08 0.019517 7.927381e+10	7.871141e+10 7.948534e+10
2.488695e+08 0.018527 7.928270e+10	7.874904e+10 7.948278e+10
2.357711e+08 0.017539 7.929153e+10	7.878672e+10 7.948021e+10
2.226727e+08 0.016553 7.930029e+10	7.882443e+10 7.947761e+10
2.095743e+08 0.015569 7.930901e+10	7.886218e+10 7.947498e+10
1.964759e+08 0.014587 7.931766e+10	7.889997e+10 7.947233e+10
1.833775e+08 0.013607 7.932625e+10	7.893779e+10 7.946966e+10
1.702791e+08 0.012628 7.933479e+10	7.897565e+10 7.946696e+10
1.571807e+08 0.011652 7.934327e+10	7.901355e+10 7.946424e+10
1.440823e+08 0.010671 7.935169e+10	7.905148e+10 7.946150e+10
1.309839e+08 0.009692 7.936006e+10	7.908945e+10 7.945873e+10
1.178855e+08 0.008714 7.936837e+10	7.912746e+10 7.945594e+10
1.047872e+08 0.007738 7.937662e+10	7.916550e+10 7.945313e+10
9.168876e+07 0.006764 7.938482e+10	7.920358e+10 7.945029e+10
7.859036e+07 0.005792 7.939295e+10	7.924170e+10 7.944744e+10
6.549197e+07 0.004822 7.940104e+10	7.927985e+10 7.944456e+10
5.239358e+07 0.003854 7.940907e+10	7.931804e+10 7.944166e+10
3.929518e+07 0.002888 7.941704e+10	7.935627e+10 7.943873e+10
2.619679e+07 0.001923 7.942496e+10	7.939453e+10 7.943579e+10
1.309839e+07 0.000961 7.943282e+10	7.943282e+10 7.943282e+10
