#t0_Mstar=1.000000e+10 (N07Mbar=2.568469e+10) t0_sfr=7.255066e-01	1.00000000000000001988462483866e+30 t0_sfr=8.317638e-01
#tlb ,red_binl[i],Mstar[i],CSFH[i],phi[i],dMLdt[i],massloss_to_t0[i], Mstar_Noeske(tlb,Mbar_Noeske),phi_Noeske(tlb,Mbar_Noeske)FWHM=0.50:Ms,Cs,phi,FWHM=0.75:Ms,Cs,phi,FWHM=1.00:Ms,Cs,phi	1.00000000000000001988462483866e+30 Mstar_Noeske(tlb,Mbar_Noeske),phi_Noeske(tlb,Mbar_Noeske)FWHM=0.50:Ms,Cs,phi,FWHM=0.75:Ms,Cs,phi,FWHM=1.00:Ms,Cs,phi
1.309839e+10 9.000000 0.000000e+00	0.000000e+00 8.923112e+06
1.308530e+10 8.847726 0.000000e+00	0.000000e+00 6.838010e+06
1.307220e+10 8.701050 0.000000e+00	0.000000e+00 6.481226e+06
1.305910e+10 8.559660 0.000000e+00	0.000000e+00 6.275538e+06
1.304600e+10 8.423368 0.000000e+00	0.000000e+00 6.132070e+06
1.303290e+10 8.291842 0.000000e+00	0.000000e+00 6.022718e+06
1.301980e+10 8.164779 0.000000e+00	0.000000e+00 5.934926e+06
1.300671e+10 8.041947 0.000000e+00	0.000000e+00 5.861990e+06
1.299361e+10 7.923131 0.000000e+00	0.000000e+00 5.799907e+06
1.298051e+10 7.808144 0.000000e+00	0.000000e+00 5.746097e+06
1.296741e+10 7.696830 0.000000e+00	0.000000e+00 5.698799e+06
1.295431e+10 7.588952 0.000000e+00	0.000000e+00 5.656759e+06
1.294121e+10 7.484347 0.000000e+00	0.000000e+00 5.619052e+06
1.292811e+10 7.382859 0.000000e+00	0.000000e+00 5.584975e+06
1.291502e+10 7.284344 0.000000e+00	0.000000e+00 5.553983e+06
1.290192e+10 7.188666 0.000000e+00	0.000000e+00 5.525646e+06
1.288882e+10 7.095696 0.000000e+00	0.000000e+00 5.499616e+06
1.287572e+10 7.005312 0.000000e+00	0.000000e+00 5.475608e+06
1.286262e+10 6.917401 0.000000e+00	0.000000e+00 5.453389e+06
1.284952e+10 6.831855 0.000000e+00	0.000000e+00 5.432762e+06
1.283643e+10 6.748572 0.000000e+00	0.000000e+00 5.413561e+06
1.282333e+10 6.667456 0.000000e+00	0.000000e+00 5.395645e+06
1.281023e+10 6.588431 0.000000e+00	0.000000e+00 5.378892e+06
1.279713e+10 6.511436 0.000000e+00	0.000000e+00 5.363197e+06
1.278403e+10 6.436355 0.000000e+00	0.000000e+00 5.348469e+06
1.277093e+10 6.363109 0.000000e+00	0.000000e+00 5.334627e+06
1.275784e+10 6.291625 0.000000e+00	0.000000e+00 5.321601e+06
1.274474e+10 6.221832 0.000000e+00	0.000000e+00 5.309327e+06
1.273164e+10 6.153665 0.000000e+00	0.000000e+00 5.297751e+06
1.271854e+10 6.087102 0.000000e+00	0.000000e+00 5.286823e+06
1.270544e+10 6.022088 0.000000e+00	0.000000e+00 5.276497e+06
1.269234e+10 5.958522 0.000000e+00	0.000000e+00 5.266735e+06
1.267925e+10 5.896348 0.000000e+00	0.000000e+00 5.257498e+06
1.266615e+10 5.835515 0.000000e+00	0.000000e+00 5.248756e+06
1.265305e+10 5.776057 0.000000e+00	0.000000e+00 5.240477e+06
1.263995e+10 5.717866 0.000000e+00	0.000000e+00 5.232634e+06
1.262685e+10 5.660874 0.000000e+00	0.000000e+00 5.225203e+06
1.261375e+10 5.605040 0.000000e+00	0.000000e+00 5.218160e+06
1.260065e+10 5.550427 0.000000e+00	0.000000e+00 5.211485e+06
1.258756e+10 5.496902 0.000000e+00	0.000000e+00 5.205158e+06
1.257446e+10 5.444416 0.000000e+00	0.000000e+00 5.199162e+06
1.256136e+10 5.392990 0.000000e+00	0.000000e+00 5.193479e+06
1.254826e+10 5.342602 0.000000e+00	0.000000e+00 5.188096e+06
1.253516e+10 5.293149 0.000000e+00	0.000000e+00 5.182996e+06
1.252206e+10 5.244640 0.000000e+00	0.000000e+00 5.178168e+06
1.250897e+10 5.197097 0.000000e+00	0.000000e+00 5.173599e+06
1.249587e+10 5.150398 0.000000e+00	0.000000e+00 5.169278e+06
1.248277e+10 5.104567 0.000000e+00	0.000000e+00 5.165193e+06
1.246967e+10 5.059611 0.000000e+00	0.000000e+00 5.161335e+06
1.245657e+10 5.015419 0.000000e+00	0.000000e+00 5.157695e+06
1.244347e+10 4.972050 0.000000e+00	0.000000e+00 5.154264e+06
1.243038e+10 4.929453 0.000000e+00	0.000000e+00 5.151032e+06
1.241728e+10 4.887546 0.000000e+00	0.000000e+00 5.147994e+06
1.240418e+10 4.846450 0.000000e+00	0.000000e+00 5.145141e+06
1.239108e+10 4.806006 0.000000e+00	0.000000e+00 5.142466e+06
1.237798e+10 4.766255 0.000000e+00	0.000000e+00 5.139963e+06
1.236488e+10 4.727194 0.000000e+00	0.000000e+00 5.137626e+06
1.235179e+10 4.688723 0.000000e+00	0.000000e+00 5.135449e+06
1.233869e+10 4.650970 0.000000e+00	0.000000e+00 5.133427e+06
1.232559e+10 4.613770 0.000000e+00	0.000000e+00 5.131553e+06
1.231249e+10 4.577204 0.000000e+00	0.000000e+00 5.129824e+06
1.229939e+10 4.541209 0.000000e+00	0.000000e+00 5.128235e+06
1.228629e+10 4.505773 0.000000e+00	0.000000e+00 5.126781e+06
1.227319e+10 4.470921 0.000000e+00	0.000000e+00 5.125458e+06
1.226010e+10 4.436563 0.000000e+00	0.000000e+00 5.124262e+06
1.224700e+10 4.402796 0.000000e+00	0.000000e+00 5.123188e+06
1.223390e+10 4.369472 0.000000e+00	0.000000e+00 5.122235e+06
1.222080e+10 4.336729 0.000000e+00	0.000000e+00 5.121397e+06
1.220770e+10 4.304408 0.000000e+00	0.000000e+00 5.120672e+06
1.219460e+10 4.272625 0.000000e+00	0.000000e+00 5.120056e+06
1.218151e+10 4.241257 0.000000e+00	0.000000e+00 5.119547e+06
1.216841e+10 4.210391 0.000000e+00	0.000000e+00 5.119142e+06
1.215531e+10 4.179930 0.000000e+00	0.000000e+00 5.118837e+06
1.214221e+10 4.149942 0.000000e+00	0.000000e+00 5.118630e+06
1.212911e+10 4.120344 0.000000e+00	0.000000e+00 5.118519e+06
1.211601e+10 4.091197 0.000000e+00	0.000000e+00 5.118501e+06
1.210292e+10 4.062421 0.000000e+00	0.000000e+00 5.118574e+06
1.208982e+10 4.034080 0.000000e+00	0.000000e+00 5.118735e+06
1.207672e+10 4.006087 0.000000e+00	0.000000e+00 5.118983e+06
1.206362e+10 3.978520 0.000000e+00	0.000000e+00 5.119315e+06
1.205052e+10 3.951272 0.000000e+00	0.000000e+00 5.119729e+06
1.203742e+10 3.924447 0.000000e+00	0.000000e+00 5.120224e+06
1.202433e+10 3.897912 0.000000e+00	0.000000e+00 5.120798e+06
1.201123e+10 3.871800 0.000000e+00	0.000000e+00 5.121448e+06
1.199813e+10 3.845965 0.000000e+00	0.000000e+00 5.122174e+06
1.198503e+10 3.820516 0.000000e+00	0.000000e+00 5.122973e+06
1.197193e+10 3.795355 0.000000e+00	0.000000e+00 5.123844e+06
1.195883e+10 3.770540 0.000000e+00	0.000000e+00 5.124785e+06
1.194574e+10 3.746027 0.000000e+00	0.000000e+00 5.125796e+06
1.193264e+10 3.721816 0.000000e+00	0.000000e+00 5.126874e+06
1.191954e+10 3.697926 0.000000e+00	0.000000e+00 5.128018e+06
1.190644e+10 3.674294 0.000000e+00	0.000000e+00 5.129227e+06
1.189334e+10 3.651005 0.000000e+00	0.000000e+00 5.130500e+06
1.188024e+10 3.627947 0.000000e+00	0.000000e+00 5.131835e+06
1.186714e+10 3.605214 0.000000e+00	0.000000e+00 5.133232e+06
1.185405e+10 3.582725 0.000000e+00	0.000000e+00 5.134688e+06
1.184095e+10 3.560509 0.000000e+00	0.000000e+00 5.136204e+06
1.182785e+10 3.538569 0.000000e+00	0.000000e+00 5.137777e+06
1.181475e+10 3.516848 0.000000e+00	0.000000e+00 5.139407e+06
1.180165e+10 3.495436 0.000000e+00	0.000000e+00 5.141093e+06
1.178855e+10 3.474227 0.000000e+00	0.000000e+00 5.142834e+06
1.177546e+10 3.453288 0.000000e+00	0.000000e+00 5.144629e+06
1.176236e+10 3.432582 0.000000e+00	0.000000e+00 5.146477e+06
1.174926e+10 3.412087 0.000000e+00	0.000000e+00 5.148377e+06
1.173616e+10 3.391866 0.000000e+00	0.000000e+00 5.150329e+06
1.172306e+10 3.371830 0.000000e+00	0.000000e+00 5.152331e+06
1.170996e+10 3.352044 0.000000e+00	0.000000e+00 5.154382e+06
1.169687e+10 3.332470 0.000000e+00	0.000000e+00 5.156483e+06
1.168377e+10 3.313083 0.000000e+00	0.000000e+00 5.158631e+06
1.167067e+10 3.293956 0.000000e+00	0.000000e+00 5.160827e+06
1.165757e+10 3.274998 0.000000e+00	0.000000e+00 5.163070e+06
1.164447e+10 3.256256 0.000000e+00	0.000000e+00 5.165359e+06
1.163137e+10 3.237724 0.000000e+00	0.000000e+00 5.167693e+06
1.161828e+10 3.219353 0.000000e+00	0.000000e+00 5.170072e+06
1.160518e+10 3.201221 0.000000e+00	0.000000e+00 5.172495e+06
1.159208e+10 3.183256 0.000000e+00	0.000000e+00 5.174961e+06
1.157898e+10 3.165461 0.000000e+00	0.000000e+00 5.177470e+06
1.156588e+10 3.147889 0.000000e+00	0.000000e+00 5.180022e+06
1.155278e+10 3.130466 0.000000e+00	0.000000e+00 5.182615e+06
1.153968e+10 3.113227 0.000000e+00	0.000000e+00 5.185249e+06
1.152659e+10 3.096179 0.000000e+00	0.000000e+00 5.187924e+06
1.151349e+10 3.079272 0.000000e+00	0.000000e+00 5.190639e+06
1.150039e+10 3.062561 0.000000e+00	0.000000e+00 5.193393e+06
1.148729e+10 3.046014 0.000000e+00	0.000000e+00 5.196187e+06
1.147419e+10 3.029600 0.000000e+00	0.000000e+00 5.199019e+06
1.146109e+10 3.013389 0.000000e+00	0.000000e+00 5.201890e+06
1.144800e+10 2.997320 0.000000e+00	0.000000e+00 5.204798e+06
1.143490e+10 2.981379 0.000000e+00	0.000000e+00 5.207743e+06
1.142180e+10 2.965641 0.000000e+00	0.000000e+00 5.210725e+06
1.140870e+10 2.950030 0.000000e+00	0.000000e+00 5.213744e+06
1.139560e+10 2.934545 0.000000e+00	0.000000e+00 5.216799e+06
1.138250e+10 2.919253 0.000000e+00	0.000000e+00 5.219889e+06
1.136941e+10 2.904079 0.000000e+00	0.000000e+00 5.223014e+06
1.135631e+10 2.889029 0.000000e+00	0.000000e+00 5.226174e+06
1.134321e+10 2.874162 0.000000e+00	0.000000e+00 5.229369e+06
1.133011e+10 2.859408 0.000000e+00	0.000000e+00 5.232598e+06
1.131701e+10 2.844771 0.000000e+00	0.000000e+00 5.235860e+06
1.130391e+10 2.830311 0.000000e+00	0.000000e+00 5.239156e+06
1.129082e+10 2.815959 0.000000e+00	0.000000e+00 5.242485e+06
1.127772e+10 2.801715 0.000000e+00	0.000000e+00 5.245847e+06
1.126462e+10 2.787645 0.000000e+00	0.000000e+00 5.249242e+06
1.125152e+10 2.773679 0.000000e+00	0.000000e+00 5.252668e+06
1.123842e+10 2.759815 0.000000e+00	0.000000e+00 5.256126e+06
1.122532e+10 2.746113 0.000000e+00	0.000000e+00 5.259616e+06
1.121223e+10 2.732517 0.000000e+00	0.000000e+00 5.263137e+06
1.119913e+10 2.719020 0.000000e+00	0.000000e+00 5.266689e+06
1.118603e+10 2.705666 0.000000e+00	0.000000e+00 5.270271e+06
1.117293e+10 2.692426 0.000000e+00	0.000000e+00 5.273884e+06
1.115983e+10 2.679280 0.000000e+00	0.000000e+00 5.277527e+06
1.114673e+10 2.666259 0.000000e+00	0.000000e+00 5.281200e+06
1.113363e+10 2.653361 0.000000e+00	0.000000e+00 5.284903e+06
1.112054e+10 2.640553 0.000000e+00	0.000000e+00 5.288635e+06
1.110744e+10 2.627848 0.000000e+00	0.000000e+00 5.292396e+06
1.109434e+10 2.615278 0.000000e+00	0.000000e+00 5.296187e+06
1.108124e+10 2.602795 0.000000e+00	0.000000e+00 5.300005e+06
1.106814e+10 2.590398 0.000000e+00	0.000000e+00 5.303853e+06
1.105504e+10 2.578138 0.000000e+00	0.000000e+00 5.307728e+06
1.104195e+10 2.565967 0.000000e+00	0.000000e+00 5.311632e+06
1.102885e+10 2.553879 0.000000e+00	0.000000e+00 5.315564e+06
1.101575e+10 2.541902 0.000000e+00	0.000000e+00 5.319523e+06
1.100265e+10 2.530033 0.000000e+00	0.000000e+00 5.323509e+06
1.098955e+10 2.518242 0.000000e+00	0.000000e+00 5.327523e+06
1.097645e+10 2.506535 0.000000e+00	0.000000e+00 5.331564e+06
1.096336e+10 2.494955 0.000000e+00	0.000000e+00 5.335632e+06
1.095026e+10 2.483451 0.000000e+00	0.000000e+00 5.416625e+06
1.093716e+10 2.472022 0.000000e+00	0.000000e+00 5.848432e+06
1.092406e+10 2.460700 0.000000e+00	0.000000e+00 6.309470e+06
1.091096e+10 2.449472 0.000000e+00	0.000000e+00 6.801341e+06
1.089786e+10 2.438317 0.000000e+00	0.000000e+00 7.325718e+06
1.088477e+10 2.427236 0.000000e+00	0.000000e+00 7.884340e+06
1.087167e+10 2.416275 0.000000e+00	0.000000e+00 8.479016e+06
1.085857e+10 2.405383 0.000000e+00	0.000000e+00 9.111627e+06
1.084547e+10 2.394561 0.000000e+00	0.000000e+00 9.784129e+06
1.083237e+10 2.383828 0.000000e+00	0.000000e+00 1.049855e+07
1.081927e+10 2.373191 0.000000e+00	0.000000e+00 1.125701e+07
1.080617e+10 2.362621 0.000000e+00	0.000000e+00 1.206168e+07
1.079308e+10 2.352116 0.000000e+00	0.000000e+00 1.291484e+07
1.077998e+10 2.341713 0.000000e+00	0.000000e+00 1.381884e+07
1.076688e+10 2.331385 0.000000e+00	0.000000e+00 1.477612e+07
1.075378e+10 2.321121 0.000000e+00	0.000000e+00 1.578921e+07
1.074068e+10 2.310922 0.000000e+00	0.000000e+00 1.686072e+07
1.072758e+10 2.300829 0.000000e+00	0.000000e+00 1.799336e+07
1.071449e+10 2.290797 0.000000e+00	0.000000e+00 1.918994e+07
1.070139e+10 2.280826 0.000000e+00	0.000000e+00 2.045335e+07
1.068829e+10 2.270927 0.000000e+00	0.000000e+00 2.178660e+07
1.067519e+10 2.261119 0.000000e+00	0.000000e+00 2.319277e+07
1.066209e+10 2.251370 0.000000e+00	0.000000e+00 2.467506e+07
1.064899e+10 2.241680 0.000000e+00	0.000000e+00 2.623679e+07
1.063590e+10 2.232064 0.000000e+00	0.000000e+00 2.788137e+07
1.062280e+10 2.222530 0.000000e+00	0.000000e+00 2.961231e+07
1.060970e+10 2.213052 0.000000e+00	0.000000e+00 3.143325e+07
1.059660e+10 2.203629 0.000000e+00	0.000000e+00 3.334794e+07
1.058350e+10 2.194282 0.000000e+00	0.000000e+00 3.536025e+07
1.057040e+10 2.185010 0.000000e+00	0.000000e+00 3.747415e+07
1.055731e+10 2.175791 0.000000e+00	0.000000e+00 3.969376e+07
1.054421e+10 2.166626 0.000000e+00	0.000000e+00 4.202329e+07
1.053111e+10 2.157534 0.000000e+00	0.000000e+00 4.446711e+07
1.051801e+10 2.148512 0.000000e+00	0.000000e+00 4.702970e+07
1.050491e+10 2.139542 0.000000e+00	0.000000e+00 4.971567e+07
1.049181e+10 2.130623 0.000000e+00	0.000000e+00 5.252978e+07
1.047872e+10 2.121773 0.000000e+00	0.000000e+00 5.547691e+07
1.046562e+10 2.112992 0.000000e+00	0.000000e+00 5.856207e+07
1.045252e+10 2.104260 0.000000e+00	0.000000e+00 6.179045e+07
1.043942e+10 2.095577 0.000000e+00	0.000000e+00 6.516735e+07
1.042632e+10 2.086957 0.000000e+00	0.000000e+00 6.869822e+07
1.041322e+10 2.078407 0.000000e+00	0.000000e+00 7.238868e+07
1.040012e+10 2.069904 0.000000e+00	0.000000e+00 7.624448e+07
1.038703e+10 2.061447 0.000000e+00	0.000000e+00 8.027154e+07
1.037393e+10 2.053045 0.000000e+00	0.000000e+00 8.447592e+07
1.036083e+10 2.044717 0.000000e+00	0.000000e+00 8.886387e+07
1.034773e+10 2.036433 0.000000e+00	0.000000e+00 9.344177e+07
1.033463e+10 2.028194 0.000000e+00	0.000000e+00 9.821620e+07
1.032153e+10 2.020000 0.000000e+00	0.000000e+00 1.031939e+08
1.030844e+10 2.011884 0.000000e+00	0.000000e+00 1.083817e+08
1.029534e+10 2.003811 0.000000e+00	0.000000e+00 1.137868e+08
1.028224e+10 1.995781 0.000000e+00	0.000000e+00 1.193768e+08
1.026914e+10 1.987794 0.000000e+00	0.000000e+00 1.251248e+08
1.025604e+10 1.979872 0.000000e+00	0.000000e+00 1.310383e+08
1.024294e+10 1.972002 0.000000e+00	0.000000e+00 1.371194e+08
1.022985e+10 1.964173 0.000000e+00	0.000000e+00 1.433697e+08
1.021675e+10 1.956386 0.000000e+00	0.000000e+00 1.497904e+08
1.020365e+10 1.948649 0.000000e+00	0.000000e+00 1.563827e+08
1.019055e+10 1.940974 0.000000e+00	0.000000e+00 1.631476e+08
1.017745e+10 1.933338 0.000000e+00	0.000000e+00 1.700860e+08
1.016435e+10 1.925742 0.000000e+00	0.000000e+00 1.771985e+08
1.015126e+10 1.918185 0.000000e+00	0.000000e+00 1.844858e+08
1.013816e+10 1.910694 0.000000e+00	0.000000e+00 1.919487e+08
1.012506e+10 1.903244 0.000000e+00	0.000000e+00 1.995877e+08
1.011196e+10 1.895832 0.000000e+00	0.000000e+00 2.074030e+08
1.009886e+10 1.888458 0.000000e+00	0.000000e+00 2.153950e+08
1.008576e+10 1.881133 0.000000e+00	0.000000e+00 2.235640e+08
1.007266e+10 1.873862 0.000000e+00	0.000000e+00 2.319104e+08
1.005957e+10 1.866627 0.000000e+00	0.000000e+00 2.404343e+08
1.004647e+10 1.859429 0.000000e+00	0.000000e+00 2.491356e+08
1.003337e+10 1.852267 0.000000e+00	0.000000e+00 2.580142e+08
1.002027e+10 1.845164 0.000000e+00	0.000000e+00 2.670704e+08
1.000717e+10 1.838100 0.000000e+00	0.000000e+00 2.763041e+08
9.994074e+09 1.831072 0.000000e+00	0.000000e+00 2.857149e+08
9.980976e+09 1.824078 0.000000e+00	0.000000e+00 2.953026e+08
9.967878e+09 1.817123 0.000000e+00	0.000000e+00 3.050669e+08
9.954779e+09 1.810224 0.000000e+00	0.000000e+00 3.150077e+08
9.941681e+09 1.803359 0.000000e+00	0.000000e+00 3.251245e+08
9.928582e+09 1.796527 0.000000e+00	0.000000e+00 3.354168e+08
9.915484e+09 1.789728 0.000000e+00	0.000000e+00 3.458840e+08
9.902386e+09 1.782974 0.000000e+00	0.000000e+00 3.565257e+08
9.889287e+09 1.776267 0.000000e+00	0.000000e+00 3.673415e+08
9.876189e+09 1.769591 0.000000e+00	0.000000e+00 3.783306e+08
9.863091e+09 1.762947 0.000000e+00	0.000000e+00 3.894922e+08
9.849992e+09 1.756335 0.000000e+00	0.000000e+00 4.008256e+08
9.836894e+09 1.749772 0.000000e+00	0.000000e+00 4.123301e+08
9.823795e+09 1.743247 0.000000e+00	0.000000e+00 4.240052e+08
9.810697e+09 1.736752 0.000000e+00	0.000000e+00 4.358497e+08
9.797599e+09 1.730289 0.000000e+00	0.000000e+00 4.478627e+08
9.784500e+09 1.723856 0.000000e+00	0.000000e+00 4.600432e+08
9.771402e+09 1.717472 0.000000e+00	0.000000e+00 4.723906e+08
9.758303e+09 1.711122 0.000000e+00	0.000000e+00 4.849038e+08
9.745205e+09 1.704802 0.000000e+00	0.000000e+00 4.975818e+08
9.732107e+09 1.698511 0.000000e+00	0.000000e+00 5.104233e+08
9.719008e+09 1.692249 0.000000e+00	0.000000e+00 5.234272e+08
9.705910e+09 1.686036 0.000000e+00	0.000000e+00 5.365928e+08
9.692811e+09 1.679854 0.000000e+00	0.000000e+00 5.499188e+08
9.679713e+09 1.673700 0.000000e+00	0.000000e+00 5.634040e+08
9.666615e+09 1.667575 0.000000e+00	0.000000e+00 5.770470e+08
9.653516e+09 1.661477 0.000000e+00	0.000000e+00 5.908465e+08
9.640418e+09 1.655426 0.000000e+00	0.000000e+00 6.048018e+08
9.627319e+09 1.649405 0.000000e+00	0.000000e+00 6.189114e+08
9.614221e+09 1.643411 0.000000e+00	0.000000e+00 6.331739e+08
9.601123e+09 1.637444 0.000000e+00	0.000000e+00 6.475879e+08
9.588024e+09 1.631504 0.000000e+00	0.000000e+00 6.621520e+08
9.574926e+09 1.625607 0.000000e+00	0.000000e+00 6.768652e+08
9.561827e+09 1.619740 0.000000e+00	0.000000e+00 6.917261e+08
9.548729e+09 1.613899 0.000000e+00	0.000000e+00 7.067332e+08
9.535631e+09 1.608084 0.000000e+00	0.000000e+00 7.218850e+08
9.522532e+09 1.602295 0.000000e+00	0.000000e+00 7.371799e+08
9.509434e+09 1.596544 7.934736e+05	0.000000e+00 7.526168e+08
9.496335e+09 1.590825 1.428767e+06	0.000000e+00 7.681944e+08
9.483237e+09 1.585132 2.282232e+06	0.000000e+00 7.839110e+08
9.470139e+09 1.579463 3.370064e+06	0.000000e+00 7.997651e+08
9.457040e+09 1.573819 4.706197e+06	0.000000e+00 8.157550e+08
9.443942e+09 1.568207 6.302745e+06	0.000000e+00 8.318795e+08
9.430844e+09 1.562630 8.170284e+06	0.000000e+00 8.481373e+08
9.417745e+09 1.557078 1.031801e+07	0.000000e+00 8.645266e+08
9.404647e+09 1.551549 1.275395e+07	0.000000e+00 8.810459e+08
9.391548e+09 1.546045 1.548508e+07	0.000000e+00 8.976936e+08
9.378450e+09 1.540565 1.851747e+07	0.000000e+00 9.144680e+08
9.365352e+09 1.535125 2.185643e+07	0.000000e+00 9.313681e+08
9.352253e+09 1.529709 2.550644e+07	0.000000e+00 9.483921e+08
9.339155e+09 1.524315 2.947131e+07	0.000000e+00 9.655384e+08
9.326056e+09 1.518944 3.375419e+07	0.000000e+00 9.828054e+08
9.312958e+09 1.513596 3.835769e+07	0.000000e+00 1.000191e+09
9.299860e+09 1.508282 4.328400e+07	0.000000e+00 1.017695e+09
9.286761e+09 1.502996 4.853478e+07	0.000000e+00 1.035315e+09
9.273663e+09 1.497732 5.411119e+07	0.000000e+00 1.053049e+09
9.260564e+09 1.492490 6.001400e+07	0.000000e+00 1.070896e+09
9.247466e+09 1.487270 6.624360e+07	0.000000e+00 1.088855e+09
9.234368e+09 1.482075 7.280007e+07	0.000000e+00 1.106923e+09
9.221269e+09 1.476914 7.968330e+07	3.016704e+05 1.125099e+09
9.208171e+09 1.471775 8.689272e+07	4.862986e+05 1.143382e+09
9.195072e+09 1.466656 9.442748e+07	7.292197e+05 1.161771e+09
9.181974e+09 1.461559 1.022865e+08	1.034985e+06 1.180262e+09
9.168876e+09 1.456483 1.104684e+08	1.407251e+06 1.198855e+09
9.155777e+09 1.451438 1.189719e+08	1.848956e+06 1.217549e+09
9.142679e+09 1.446418 1.277953e+08	2.362403e+06 1.236341e+09
9.129580e+09 1.441419 1.369366e+08	2.949340e+06 1.255231e+09
9.116482e+09 1.436441 1.463938e+08	3.611062e+06 1.274217e+09
9.103384e+09 1.431482 1.561646e+08	4.348465e+06 1.293296e+09
9.090285e+09 1.426544 1.662465e+08	5.162106e+06 1.312467e+09
9.077187e+09 1.421640 1.766374e+08	6.052322e+06 1.331730e+09
9.064088e+09 1.416755 1.873345e+08	7.019123e+06 1.351083e+09
9.050990e+09 1.411891 1.983351e+08	8.062305e+06 1.370523e+09
9.037892e+09 1.407045 2.096363e+08	9.181472e+06 1.390050e+09
9.024793e+09 1.402220 2.212352e+08	1.037606e+07 1.409661e+09
9.011695e+09 1.397417 2.331286e+08	1.167873e+07 1.429355e+09
8.998597e+09 1.392643 2.453138e+08	1.311958e+07 1.449132e+09
8.985498e+09 1.387888 2.577874e+08	1.470303e+07 1.468989e+09
8.972400e+09 1.383152 2.705463e+08	1.643757e+07 1.488925e+09
8.959301e+09 1.378435 2.835869e+08	1.833219e+07 1.508938e+09
8.946203e+09 1.373736 2.969060e+08	2.039625e+07 1.529026e+09
8.933105e+09 1.369062 3.105003e+08	2.263924e+07 1.549189e+09
8.920006e+09 1.364413 3.243664e+08	2.507087e+07 1.569425e+09
8.906908e+09 1.359782 3.385007e+08	2.770103e+07 1.589733e+09
8.893809e+09 1.355169 3.528998e+08	3.053973e+07 1.610110e+09
8.880711e+09 1.350574 3.675599e+08	3.359708e+07 1.630556e+09
8.867613e+09 1.345997 3.824775e+08	3.688328e+07 1.651069e+09
8.854514e+09 1.341445 3.976492e+08	4.040851e+07 1.671647e+09
8.841416e+09 1.336915 4.130714e+08	4.418300e+07 1.692290e+09
8.828317e+09 1.332403 4.287405e+08	4.821707e+07 1.712996e+09
8.815219e+09 1.327908 4.446527e+08	5.252102e+07 1.733762e+09
8.802121e+09 1.323430 4.608043e+08	5.710514e+07 1.754589e+09
8.789022e+09 1.318970 4.771916e+08	6.197968e+07 1.775475e+09
8.775924e+09 1.314534 4.938113e+08	6.715475e+07 1.796417e+09
8.762825e+09 1.310118 5.106597e+08	7.264043e+07 1.817416e+09
8.749727e+09 1.305720 5.277330e+08	7.844677e+07 1.838469e+09
8.736629e+09 1.301338 5.450276e+08	8.458372e+07 1.859575e+09
8.723530e+09 1.296973 5.625398e+08	9.106111e+07 1.880733e+09
8.710432e+09 1.292625 5.802660e+08	9.788865e+07 1.901942e+09
8.697333e+09 1.288299 5.982025e+08	1.050758e+08 1.923199e+09
8.684235e+09 1.283994 6.163461e+08	1.126319e+08 1.944505e+09
8.671137e+09 1.279704 6.346929e+08	1.205662e+08 1.965857e+09
8.658038e+09 1.275431 6.532394e+08	1.288879e+08 1.987255e+09
8.644940e+09 1.271174 6.719819e+08	1.376057e+08 2.008696e+09
8.631841e+09 1.266933 6.909169e+08	1.467283e+08 2.030180e+09
8.618743e+09 1.262712 7.100409e+08	1.562642e+08 2.051706e+09
8.605645e+09 1.258512 7.293507e+08	1.662215e+08 2.073272e+09
8.592546e+09 1.254328 7.488425e+08	1.766083e+08 2.094877e+09
8.579448e+09 1.250159 7.685130e+08	1.874324e+08 2.116519e+09
8.566350e+09 1.246006 7.883587e+08	1.987014e+08 2.138199e+09
8.553251e+09 1.241868 8.083760e+08	2.104227e+08 2.159913e+09
8.540153e+09 1.237747 8.285616e+08	2.226032e+08 2.181662e+09
8.527054e+09 1.233648 8.489125e+08	2.352496e+08 2.203443e+09
8.513956e+09 1.229565 8.694252e+08	2.483687e+08 2.225257e+09
8.500858e+09 1.225496 8.900964e+08	2.619666e+08 2.247101e+09
8.487759e+09 1.221442 9.109226e+08	2.760495e+08 2.268975e+09
8.474661e+09 1.217403 9.319007e+08	2.906233e+08 2.290877e+09
8.461562e+09 1.213378 9.530273e+08	3.056933e+08 2.312806e+09
8.448464e+09 1.209376 9.742996e+08	3.212648e+08 2.334762e+09
8.435366e+09 1.205390 9.957144e+08	3.373427e+08 2.356742e+09
8.422267e+09 1.201417 1.017268e+09	3.539317e+08 2.378747e+09
8.409169e+09 1.197459 1.038959e+09	3.710365e+08 2.400774e+09
8.396070e+09 1.193515 1.060782e+09	3.886610e+08 2.422823e+09
8.382972e+09 1.189585 1.082735e+09	4.068094e+08 2.444893e+09
8.369874e+09 1.185673 1.104815e+09	4.254851e+08 2.470325e+09
8.356775e+09 1.181779 1.127019e+09	4.446915e+08 2.497001e+09
8.343677e+09 1.177899 1.149345e+09	4.644318e+08 2.523618e+09
8.330578e+09 1.174033 1.171788e+09	4.847088e+08 2.550174e+09
8.317480e+09 1.170180 1.194347e+09	5.055252e+08 2.576669e+09
8.304382e+09 1.166341 1.217019e+09	5.268833e+08 2.603100e+09
8.291283e+09 1.162516 1.239800e+09	5.487852e+08 2.629466e+09
8.278185e+09 1.158712 1.262688e+09	5.712327e+08 2.655766e+09
8.265086e+09 1.154921 1.285680e+09	5.942275e+08 2.682000e+09
8.251988e+09 1.151143 1.308773e+09	6.177708e+08 2.708165e+09
8.238890e+09 1.147378 1.331966e+09	6.418639e+08 2.734260e+09
8.225791e+09 1.143627 1.355254e+09	6.665076e+08 2.760285e+09
8.212693e+09 1.139888 1.378636e+09	6.917027e+08 2.786238e+09
8.199594e+09 1.136166 1.402109e+09	7.174496e+08 2.812119e+09
8.186496e+09 1.132460 1.425670e+09	7.437483e+08 2.837926e+09
8.173398e+09 1.128768 1.449317e+09	7.705990e+08 2.863659e+09
8.160299e+09 1.125088 1.473047e+09	7.980015e+08 2.889316e+09
8.147201e+09 1.121420 1.496858e+09	8.259554e+08 2.914897e+09
8.134103e+09 1.117766 1.520747e+09	8.544600e+08 2.940402e+09
8.121004e+09 1.114123 1.544712e+09	8.835146e+08 2.965828e+09
8.107906e+09 1.110499 1.568751e+09	9.131182e+08 2.991176e+09
8.094807e+09 1.106888 1.592861e+09	9.432694e+08 3.016446e+09
8.081709e+09 1.103289 1.617041e+09	9.739671e+08 3.041635e+09
8.068611e+09 1.099703 1.641287e+09	1.005162e+09 3.066745e+09
8.055512e+09 1.096129 1.665597e+09	1.036330e+09 3.091773e+09
8.042414e+09 1.092567 1.689970e+09	1.067553e+09 3.116720e+09
8.029315e+09 1.089017 1.714402e+09	1.098836e+09 3.141585e+09
8.016217e+09 1.085485 1.738892e+09	1.130181e+09 3.166368e+09
8.003119e+09 1.081965 1.763439e+09	1.161585e+09 3.191068e+09
7.990020e+09 1.078456 1.788039e+09	1.193045e+09 3.215685e+09
7.976922e+09 1.074960 1.812690e+09	1.224556e+09 3.240218e+09
7.963823e+09 1.071475 1.837391e+09	1.256115e+09 3.264667e+09
7.950725e+09 1.068002 1.862139e+09	1.287717e+09 3.289032e+09
7.937627e+09 1.064542 1.886933e+09	1.319358e+09 3.313312e+09
7.924528e+09 1.061097 1.911771e+09	1.351034e+09 3.337507e+09
7.911430e+09 1.057664 1.936650e+09	1.382741e+09 3.361617e+09
7.898331e+09 1.054242 1.961569e+09	1.414475e+09 3.385642e+09
7.885233e+09 1.050831 1.986526e+09	1.446231e+09 3.409581e+09
7.872135e+09 1.047432 2.011519e+09	1.478005e+09 3.433434e+09
7.859036e+09 1.044044 2.036546e+09	1.509794e+09 3.457201e+09
7.845938e+09 1.040669 2.061605e+09	1.541594e+09 3.480882e+09
7.832839e+09 1.037308 2.086695e+09	1.573403e+09 3.504477e+09
7.819741e+09 1.033958 2.111814e+09	1.605215e+09 3.527986e+09
7.806643e+09 1.030619 2.136960e+09	1.637028e+09 3.551408e+09
7.793544e+09 1.027292 2.162131e+09	1.668839e+09 3.574743e+09
7.780446e+09 1.023975 2.187327e+09	1.700644e+09 3.597992e+09
7.767348e+09 1.020668 2.212544e+09	1.732440e+09 3.621154e+09
7.754249e+09 1.017374 2.237782e+09	1.764225e+09 3.644229e+09
7.741151e+09 1.014094 2.263039e+09	1.795997e+09 3.667218e+09
7.728052e+09 1.010824 2.288313e+09	1.827751e+09 3.690120e+09
7.714954e+09 1.007565 2.313604e+09	1.859486e+09 3.712936e+09
7.701856e+09 1.004316 2.338908e+09	1.891200e+09 3.735664e+09
7.688757e+09 1.001078 2.364226e+09	1.922889e+09 3.758307e+09
7.675659e+09 0.997850 2.389555e+09	1.954551e+09 3.780862e+09
7.662560e+09 0.994634 2.414893e+09	1.986185e+09 3.803331e+09
7.649462e+09 0.991431 2.440240e+09	2.017788e+09 3.825714e+09
7.636364e+09 0.988238 2.465595e+09	2.049358e+09 3.848011e+09
7.623265e+09 0.985055 2.490955e+09	2.080894e+09 3.870222e+09
7.610167e+09 0.981883 2.516319e+09	2.112393e+09 3.892346e+09
7.597068e+09 0.978720 2.541686e+09	2.143853e+09 3.914385e+09
7.583970e+09 0.975568 2.567055e+09	2.175273e+09 3.936338e+09
7.570872e+09 0.972426 2.592424e+09	2.206650e+09 3.958205e+09
7.557773e+09 0.969296 2.617793e+09	2.237985e+09 3.979987e+09
7.544675e+09 0.966177 2.643159e+09	2.269274e+09 4.001684e+09
7.531576e+09 0.963068 2.668522e+09	2.300517e+09 4.023295e+09
7.518478e+09 0.959969 2.693881e+09	2.331712e+09 4.044822e+09
7.505380e+09 0.956879 2.719233e+09	2.362858e+09 4.066264e+09
7.492281e+09 0.953799 2.744579e+09	2.393953e+09 4.087622e+09
7.479183e+09 0.950729 2.769916e+09	2.424996e+09 4.108896e+09
7.466084e+09 0.947670 2.795245e+09	2.455985e+09 4.130085e+09
7.452986e+09 0.944622 2.820563e+09	2.486921e+09 4.151191e+09
7.439888e+09 0.941584 2.845869e+09	2.517802e+09 4.172213e+09
7.426789e+09 0.938554 2.871163e+09	2.548626e+09 4.193152e+09
7.413691e+09 0.935535 2.896444e+09	2.579392e+09 4.214008e+09
7.400592e+09 0.932524 2.921709e+09	2.610100e+09 4.234782e+09
7.387494e+09 0.929523 2.946959e+09	2.640749e+09 4.255472e+09
7.374396e+09 0.926532 2.972193e+09	2.671337e+09 4.276081e+09
7.361297e+09 0.923552 2.997408e+09	2.701865e+09 4.296607e+09
7.348199e+09 0.920582 3.022605e+09	2.732331e+09 4.317052e+09
7.335101e+09 0.917620 3.047783e+09	2.762734e+09 4.337416e+09
7.322002e+09 0.914668 3.072940e+09	2.793073e+09 4.357698e+09
7.308904e+09 0.911724 3.098076e+09	2.823349e+09 4.377900e+09
7.295805e+09 0.908790 3.123189e+09	2.853560e+09 4.398021e+09
7.282707e+09 0.905864 3.148279e+09	2.883705e+09 4.418062e+09
7.269609e+09 0.902950 3.173344e+09	2.913784e+09 4.438023e+09
7.256510e+09 0.900044 3.198385e+09	2.943797e+09 4.457904e+09
7.243412e+09 0.897147 3.223400e+09	2.973844e+09 4.477706e+09
7.230313e+09 0.894260 3.248389e+09	3.003907e+09 4.497430e+09
7.217215e+09 0.891381 3.273350e+09	3.033982e+09 4.517074e+09
7.204117e+09 0.888510 3.298283e+09	3.064065e+09 4.536641e+09
7.191018e+09 0.885649 3.323186e+09	3.094154e+09 4.556129e+09
7.177920e+09 0.882796 3.348060e+09	3.124245e+09 4.575540e+09
7.164821e+09 0.879953 3.372903e+09	3.154339e+09 4.594873e+09
7.151723e+09 0.877119 3.397716e+09	3.184431e+09 4.614130e+09
7.138625e+09 0.874294 3.422496e+09	3.214522e+09 4.633310e+09
7.125526e+09 0.871476 3.447243e+09	3.244608e+09 4.652413e+09
7.112428e+09 0.868668 3.471957e+09	3.274689e+09 4.671441e+09
7.099329e+09 0.865867 3.496637e+09	3.304762e+09 4.690393e+09
7.086231e+09 0.863076 3.521282e+09	3.334827e+09 4.709269e+09
7.073133e+09 0.860293 3.545891e+09	3.364882e+09 4.728071e+09
7.060034e+09 0.857519 3.570464e+09	3.394925e+09 4.746799e+09
7.046936e+09 0.854753 3.595001e+09	3.424955e+09 4.765452e+09
7.033837e+09 0.851996 3.619501e+09	3.454972e+09 4.784031e+09
7.020739e+09 0.849246 3.643962e+09	3.484973e+09 4.802537e+09
7.007641e+09 0.846505 3.668385e+09	3.514958e+09 4.820969e+09
6.994542e+09 0.843772 3.692769e+09	3.544924e+09 4.839329e+09
6.981444e+09 0.841047 3.717113e+09	3.574872e+09 4.857616e+09
6.968345e+09 0.838331 3.741416e+09	3.604801e+09 4.875831e+09
6.955247e+09 0.835623 3.765679e+09	3.634708e+09 4.893975e+09
6.942149e+09 0.832923 3.789901e+09	3.664593e+09 4.912047e+09
6.929050e+09 0.830230 3.814081e+09	3.694455e+09 4.930048e+09
6.915952e+09 0.827546 3.838218e+09	3.724292e+09 4.947978e+09
6.902854e+09 0.824870 3.862312e+09	3.754105e+09 4.965838e+09
6.889755e+09 0.822201 3.886363e+09	3.783892e+09 4.983628e+09
6.876657e+09 0.819540 3.910370e+09	3.813651e+09 5.001349e+09
6.863558e+09 0.816888 3.934333e+09	3.843383e+09 5.019000e+09
6.850460e+09 0.814243 3.958251e+09	3.873086e+09 5.036583e+09
6.837362e+09 0.811606 3.982123e+09	3.902759e+09 5.054097e+09
6.824263e+09 0.808976 4.005950e+09	3.932402e+09 5.071542e+09
6.811165e+09 0.806354 4.029731e+09	3.962014e+09 5.088920e+09
6.798066e+09 0.803740 4.053465e+09	3.991593e+09 5.106231e+09
6.784968e+09 0.801133 4.077152e+09	4.021140e+09 5.123475e+09
6.771870e+09 0.798534 4.100792e+09	4.050653e+09 5.140651e+09
6.758771e+09 0.795942 4.124383e+09	4.080132e+09 5.157762e+09
6.745673e+09 0.793358 4.147927e+09	4.109576e+09 5.174806e+09
6.732574e+09 0.790782 4.171422e+09	4.138983e+09 5.191785e+09
6.719476e+09 0.788212 4.194868e+09	4.168355e+09 5.208698e+09
6.706378e+09 0.785650 4.218265e+09	4.197689e+09 5.225547e+09
6.693279e+09 0.783096 4.241612e+09	4.226985e+09 5.242331e+09
6.680181e+09 0.780548 4.264909e+09	4.256243e+09 5.259051e+09
6.667082e+09 0.778008 4.288156e+09	4.285462e+09 5.281670e+09
6.653984e+09 0.775475 4.311352e+09	4.311352e+09 5.308580e+09
6.640886e+09 0.772950 4.334497e+09	4.334497e+09 5.335325e+09
6.627787e+09 0.770431 4.357591e+09	4.357591e+09 5.361907e+09
6.614689e+09 0.767919 4.380633e+09	4.380633e+09 5.388325e+09
6.601590e+09 0.765415 4.403624e+09	4.403624e+09 5.414581e+09
6.588492e+09 0.762918 4.426562e+09	4.426562e+09 5.440675e+09
6.575394e+09 0.760428 4.449448e+09	4.449448e+09 5.466609e+09
6.562295e+09 0.757944 4.472280e+09	4.472280e+09 5.492382e+09
6.549197e+09 0.755468 4.495060e+09	4.495060e+09 5.517996e+09
6.536098e+09 0.752998 4.517787e+09	4.517787e+09 5.543452e+09
6.523000e+09 0.750535 4.540460e+09	4.540460e+09 5.568751e+09
6.509902e+09 0.748079 4.563079e+09	4.563079e+09 5.593892e+09
6.496803e+09 0.745630 4.585645e+09	4.585645e+09 5.618878e+09
6.483705e+09 0.743188 4.608156e+09	4.608156e+09 5.643709e+09
6.470607e+09 0.740753 4.630612e+09	4.630612e+09 5.668385e+09
6.457508e+09 0.738324 4.653014e+09	4.653014e+09 5.692909e+09
6.444410e+09 0.735902 4.675361e+09	4.675361e+09 5.717279e+09
6.431311e+09 0.733486 4.697653e+09	4.697653e+09 5.741498e+09
6.418213e+09 0.731076 4.719890e+09	4.719890e+09 5.765566e+09
6.405115e+09 0.728674 4.742071e+09	4.742071e+09 5.789484e+09
6.392016e+09 0.726278 4.764196e+09	4.764196e+09 5.813253e+09
6.378918e+09 0.723889 4.786266e+09	4.786266e+09 5.836873e+09
6.365819e+09 0.721506 4.808279e+09	4.808279e+09 5.860346e+09
6.352721e+09 0.719130 4.830236e+09	4.830236e+09 5.883673e+09
6.339623e+09 0.716760 4.852137e+09	4.852137e+09 5.906853e+09
6.326524e+09 0.714396 4.873981e+09	4.873981e+09 5.929889e+09
6.313426e+09 0.712039 4.895769e+09	4.895769e+09 5.952780e+09
6.300327e+09 0.709688 4.917500e+09	4.917500e+09 5.975528e+09
6.287229e+09 0.707343 4.939173e+09	4.939173e+09 5.998134e+09
6.274131e+09 0.705005 4.960790e+09	4.960790e+09 6.020598e+09
6.261032e+09 0.702673 4.982350e+09	4.982350e+09 6.042921e+09
6.247934e+09 0.700347 5.003852e+09	5.003852e+09 6.065105e+09
6.234835e+09 0.698028 5.025296e+09	5.025296e+09 6.087154e+09
6.221737e+09 0.695714 5.046683e+09	5.046683e+09 6.109069e+09
6.208639e+09 0.693406 5.068012e+09	5.068012e+09 6.130851e+09
6.195540e+09 0.691104 5.089283e+09	5.089283e+09 6.152500e+09
6.182442e+09 0.688809 5.110497e+09	5.110497e+09 6.174018e+09
6.169343e+09 0.686519 5.131652e+09	5.131652e+09 6.195405e+09
6.156245e+09 0.684236 5.152749e+09	5.152749e+09 6.216662e+09
6.143147e+09 0.681960 5.173788e+09	5.173788e+09 6.237790e+09
6.130048e+09 0.679689 5.194769e+09	5.194769e+09 6.258790e+09
6.116950e+09 0.677423 5.215691e+09	5.215691e+09 6.279663e+09
6.103851e+09 0.675163 5.236555e+09	5.236555e+09 6.300409e+09
6.090753e+09 0.672909 5.257360e+09	5.257360e+09 6.321029e+09
6.077655e+09 0.670661 5.278106e+09	5.278106e+09 6.341525e+09
6.064556e+09 0.668419 5.298794e+09	5.298794e+09 6.361896e+09
6.051458e+09 0.666183 5.319423e+09	5.319423e+09 6.382144e+09
6.038360e+09 0.663953 5.339994e+09	5.339994e+09 6.402270e+09
6.025261e+09 0.661729 5.360505e+09	5.360505e+09 6.422274e+09
6.012163e+09 0.659510 5.380958e+09	5.380958e+09 6.442158e+09
5.999064e+09 0.657296 5.401351e+09	5.401351e+09 6.461921e+09
5.985966e+09 0.655088 5.421686e+09	5.421686e+09 6.481565e+09
5.972868e+09 0.652885 5.441962e+09	5.441962e+09 6.501091e+09
5.959769e+09 0.650689 5.462178e+09	5.462178e+09 6.520499e+09
5.946671e+09 0.648498 5.482336e+09	5.482336e+09 6.539791e+09
5.933572e+09 0.646313 5.502434e+09	5.502434e+09 6.558966e+09
5.920474e+09 0.644134 5.522473e+09	5.522473e+09 6.578026e+09
5.907376e+09 0.641961 5.542454e+09	5.542454e+09 6.596972e+09
5.894277e+09 0.639792 5.562375e+09	5.562375e+09 6.615804e+09
5.881179e+09 0.637628 5.582236e+09	5.582236e+09 6.634523e+09
5.868080e+09 0.635469 5.602039e+09	5.602039e+09 6.653130e+09
5.854982e+09 0.633317 5.621782e+09	5.621782e+09 6.671626e+09
5.841884e+09 0.631169 5.641466e+09	5.641466e+09 6.690011e+09
5.828785e+09 0.629028 5.661091e+09	5.661091e+09 6.708286e+09
5.815687e+09 0.626892 5.680657e+09	5.680657e+09 6.726452e+09
5.802588e+09 0.624762 5.700163e+09	5.700163e+09 6.744509e+09
5.789490e+09 0.622637 5.719611e+09	5.719611e+09 6.762459e+09
5.776392e+09 0.620516 5.738999e+09	5.738999e+09 6.780302e+09
5.763293e+09 0.618400 5.758328e+09	5.758328e+09 6.798038e+09
5.750195e+09 0.616289 5.777598e+09	5.777598e+09 6.815669e+09
5.737096e+09 0.614184 5.796808e+09	5.796808e+09 6.833195e+09
5.723998e+09 0.612084 5.815960e+09	5.815960e+09 6.850617e+09
5.710900e+09 0.609990 5.835052e+09	5.835052e+09 6.867936e+09
5.697801e+09 0.607901 5.854085e+09	5.854085e+09 6.885152e+09
5.684703e+09 0.605818 5.873060e+09	5.873060e+09 6.902266e+09
5.671604e+09 0.603740 5.891975e+09	5.891975e+09 6.919279e+09
5.658506e+09 0.601665 5.910832e+09	5.910832e+09 6.936191e+09
5.645408e+09 0.599595 5.929629e+09	5.929629e+09 6.953003e+09
5.632309e+09 0.597531 5.948367e+09	5.948367e+09 6.969716e+09
5.619211e+09 0.595471 5.967047e+09	5.967047e+09 6.986331e+09
5.606113e+09 0.593417 5.985668e+09	5.985668e+09 7.002847e+09
5.593014e+09 0.591369 6.004229e+09	6.004229e+09 7.019266e+09
5.579916e+09 0.589325 6.022733e+09	6.022733e+09 7.035589e+09
5.566817e+09 0.587287 6.041177e+09	6.041177e+09 7.051815e+09
5.553719e+09 0.585254 6.059563e+09	6.059563e+09 7.067947e+09
5.540621e+09 0.583223 6.077891e+09	6.077891e+09 7.083984e+09
5.527522e+09 0.581198 6.096160e+09	6.096160e+09 7.099926e+09
5.514424e+09 0.579177 6.114370e+09	6.114370e+09 7.115776e+09
5.501325e+09 0.577162 6.132522e+09	6.132522e+09 7.131532e+09
5.488227e+09 0.575152 6.150615e+09	6.150615e+09 7.147197e+09
5.475129e+09 0.573147 6.168651e+09	6.168651e+09 7.162770e+09
5.462030e+09 0.571147 6.186628e+09	6.186628e+09 7.178252e+09
5.448932e+09 0.569152 6.204547e+09	6.204547e+09 7.193644e+09
5.435833e+09 0.567162 6.222408e+09	6.222408e+09 7.208946e+09
5.422735e+09 0.565175 6.240210e+09	6.240210e+09 7.224160e+09
5.409637e+09 0.563192 6.257955e+09	6.257955e+09 7.239285e+09
5.396538e+09 0.561214 6.275642e+09	6.275642e+09 7.254322e+09
5.383440e+09 0.559241 6.293271e+09	6.293271e+09 7.269271e+09
5.370341e+09 0.557273 6.310843e+09	6.310843e+09 7.284134e+09
5.357243e+09 0.555310 6.328356e+09	6.328356e+09 7.298911e+09
5.344145e+09 0.553352 6.345813e+09	6.345813e+09 7.313603e+09
5.331046e+09 0.551399 6.363211e+09	6.363211e+09 7.328210e+09
5.317948e+09 0.549450 6.380553e+09	6.380553e+09 7.342717e+09
5.304849e+09 0.547505 6.397837e+09	6.397837e+09 7.357089e+09
5.291751e+09 0.545563 6.415064e+09	6.415064e+09 7.371335e+09
5.278653e+09 0.543626 6.432233e+09	6.432233e+09 7.385457e+09
5.265554e+09 0.541694 6.449346e+09	6.449346e+09 7.399457e+09
5.252456e+09 0.539766 6.466401e+09	6.466401e+09 7.413337e+09
5.239358e+09 0.537844 6.483400e+09	6.483400e+09 7.427098e+09
5.226259e+09 0.535926 6.500342e+09	6.500342e+09 7.440743e+09
5.213161e+09 0.534013 6.517227e+09	6.517227e+09 7.454272e+09
5.200062e+09 0.532105 6.534056e+09	6.534056e+09 7.467687e+09
5.186964e+09 0.530200 6.550828e+09	6.550828e+09 7.480989e+09
5.173866e+09 0.528297 6.567544e+09	6.567544e+09 7.494179e+09
5.160767e+09 0.526400 6.584203e+09	6.584203e+09 7.507259e+09
5.147669e+09 0.524507 6.600806e+09	6.600806e+09 7.520229e+09
5.134570e+09 0.522618 6.617353e+09	6.617353e+09 7.533090e+09
5.121472e+09 0.520735 6.633844e+09	6.633844e+09 7.545845e+09
5.108374e+09 0.518856 6.650279e+09	6.650279e+09 7.558493e+09
5.095275e+09 0.516981 6.666658e+09	6.666658e+09 7.571036e+09
5.082177e+09 0.515112 6.682982e+09	6.682982e+09 7.583476e+09
5.069078e+09 0.513246 6.699250e+09	6.699250e+09 7.595813e+09
5.055980e+09 0.511382 6.715462e+09	6.715462e+09 7.608047e+09
5.042882e+09 0.509522 6.731619e+09	6.731619e+09 7.620181e+09
5.029783e+09 0.507667 6.747721e+09	6.747721e+09 7.632214e+09
5.016685e+09 0.505816 6.763767e+09	6.763767e+09 7.644149e+09
5.003586e+09 0.503970 6.779759e+09	6.779759e+09 7.655985e+09
4.990488e+09 0.502129 6.795695e+09	6.795695e+09 7.667724e+09
4.977390e+09 0.500291 6.811577e+09	6.811577e+09 7.679367e+09
4.964291e+09 0.498459 6.827404e+09	6.827404e+09 7.690915e+09
4.951193e+09 0.496631 6.843176e+09	6.843176e+09 7.702369e+09
4.938094e+09 0.494804 6.858894e+09	6.858894e+09 7.713729e+09
4.924996e+09 0.492981 6.874558e+09	6.874558e+09 7.724996e+09
4.911898e+09 0.491162 6.890167e+09	6.890167e+09 7.736172e+09
4.898799e+09 0.489348 6.905722e+09	6.905722e+09 7.747256e+09
4.885701e+09 0.487538 6.921222e+09	6.921222e+09 7.758251e+09
4.872602e+09 0.485732 6.936669e+09	6.936669e+09 7.769156e+09
4.859504e+09 0.483931 6.952062e+09	6.952062e+09 7.779973e+09
4.846406e+09 0.482134 6.967402e+09	6.967402e+09 7.790702e+09
4.833307e+09 0.480342 6.982688e+09	6.982688e+09 7.801345e+09
4.820209e+09 0.478552 6.997921e+09	6.997921e+09 7.811901e+09
4.807111e+09 0.476764 7.013100e+09	7.013100e+09 7.822372e+09
4.794012e+09 0.474980 7.028226e+09	7.028226e+09 7.832759e+09
4.780914e+09 0.473201 7.043298e+09	7.043298e+09 7.843062e+09
4.767815e+09 0.471426 7.058318e+09	7.058318e+09 7.853282e+09
4.754717e+09 0.469655 7.073285e+09	7.073285e+09 7.863419e+09
4.741619e+09 0.467888 7.088199e+09	7.088199e+09 7.873476e+09
4.728520e+09 0.466126 7.103061e+09	7.103061e+09 7.883451e+09
4.715422e+09 0.464368 7.117870e+09	7.117870e+09 7.893347e+09
4.702323e+09 0.462614 7.132627e+09	7.132627e+09 7.903164e+09
4.689225e+09 0.460861 7.147332e+09	7.147332e+09 7.912902e+09
4.676127e+09 0.459111 7.161984e+09	7.161984e+09 7.922562e+09
4.663028e+09 0.457365 7.176585e+09	7.176585e+09 7.932144e+09
4.649930e+09 0.455624 7.191134e+09	7.191134e+09 7.941650e+09
4.636831e+09 0.453886 7.205630e+09	7.205630e+09 7.951081e+09
4.623733e+09 0.452153 7.220076e+09	7.220076e+09 7.960436e+09
4.610635e+09 0.450424 7.234470e+09	7.234470e+09 7.969716e+09
4.597536e+09 0.448699 7.248812e+09	7.248812e+09 7.983829e+09
4.584438e+09 0.446978 7.263104e+09	7.263104e+09 7.999465e+09
4.571339e+09 0.445261 7.277344e+09	7.277344e+09 8.014985e+09
4.558241e+09 0.443544 7.291533e+09	7.291533e+09 8.030390e+09
4.545143e+09 0.441830 7.305672e+09	7.305672e+09 8.045680e+09
4.532044e+09 0.440121 7.319760e+09	7.319760e+09 8.060857e+09
4.518946e+09 0.438416 7.333797e+09	7.333797e+09 8.075921e+09
4.505847e+09 0.436715 7.347783e+09	7.347783e+09 8.090874e+09
4.492749e+09 0.435018 7.361720e+09	7.361720e+09 8.105717e+09
4.479651e+09 0.433325 7.375606e+09	7.375606e+09 8.120450e+09
4.466552e+09 0.431636 7.389442e+09	7.389442e+09 8.135074e+09
4.453454e+09 0.429951 7.403229e+09	7.403229e+09 8.149590e+09
4.440355e+09 0.428268 7.416966e+09	7.416966e+09 8.164000e+09
4.427257e+09 0.426586 7.430652e+09	7.430652e+09 8.178303e+09
4.414159e+09 0.424908 7.444290e+09	7.444290e+09 8.192501e+09
4.401060e+09 0.423234 7.457878e+09	7.455346e+09 8.206594e+09
4.387962e+09 0.421564 7.471416e+09	7.465076e+09 8.220583e+09
4.374864e+09 0.419898 7.484906e+09	7.474784e+09 8.234470e+09
4.361765e+09 0.418235 7.498346e+09	7.484470e+09 8.248255e+09
4.348667e+09 0.416577 7.511738e+09	7.494133e+09 8.261939e+09
4.335568e+09 0.414922 7.525081e+09	7.503774e+09 8.275522e+09
4.322470e+09 0.413272 7.538376e+09	7.513394e+09 8.289007e+09
4.309372e+09 0.411622 7.551622e+09	7.522991e+09 8.302392e+09
4.296273e+09 0.409974 7.564820e+09	7.532566e+09 8.315679e+09
4.283175e+09 0.408330 7.577969e+09	7.542120e+09 8.328869e+09
4.270076e+09 0.406690 7.591071e+09	7.551653e+09 8.341963e+09
4.256978e+09 0.405054 7.604124e+09	7.561164e+09 8.354960e+09
4.243880e+09 0.403421 7.617130e+09	7.570653e+09 8.367863e+09
4.230781e+09 0.401793 7.630088e+09	7.580122e+09 8.380672e+09
4.217683e+09 0.400168 7.642998e+09	7.589570e+09 8.393388e+09
4.204584e+09 0.398547 7.655861e+09	7.598996e+09 8.406011e+09
4.191486e+09 0.396929 7.668678e+09	7.608402e+09 8.418542e+09
4.178388e+09 0.395312 7.681446e+09	7.617788e+09 8.430982e+09
4.165289e+09 0.393697 7.694168e+09	7.627153e+09 8.443331e+09
4.152191e+09 0.392086 7.706843e+09	7.636497e+09 8.455591e+09
4.139092e+09 0.390478 7.719471e+09	7.645821e+09 8.467761e+09
4.125994e+09 0.388874 7.732053e+09	7.655125e+09 8.479843e+09
4.112896e+09 0.387274 7.744588e+09	7.664409e+09 8.491837e+09
4.099797e+09 0.385678 7.757077e+09	7.673673e+09 8.503745e+09
4.086699e+09 0.384085 7.769519e+09	7.682918e+09 8.515566e+09
4.073600e+09 0.382496 7.781916e+09	7.692142e+09 8.527302e+09
4.060502e+09 0.380911 7.794267e+09	7.701347e+09 8.538953e+09
4.047404e+09 0.379325 7.806572e+09	7.710533e+09 8.550519e+09
4.034305e+09 0.377742 7.818832e+09	7.719699e+09 8.562002e+09
4.021207e+09 0.376162 7.831045e+09	7.728846e+09 8.573401e+09
4.008108e+09 0.374586 7.843214e+09	7.737974e+09 8.584718e+09
3.995010e+09 0.373014 7.855337e+09	7.747083e+09 8.595954e+09
3.981912e+09 0.371445 7.867415e+09	7.756173e+09 8.607108e+09
3.968813e+09 0.369879 7.879448e+09	7.765244e+09 8.618182e+09
3.955715e+09 0.368318 7.891436e+09	7.774297e+09 8.629177e+09
3.942617e+09 0.366759 7.903380e+09	7.783331e+09 8.640092e+09
3.929518e+09 0.365205 7.915279e+09	7.792346e+09 8.650929e+09
3.916420e+09 0.363650 7.927134e+09	7.801344e+09 8.661688e+09
3.903321e+09 0.362098 7.938944e+09	7.810323e+09 8.672369e+09
3.890223e+09 0.360548 7.950710e+09	7.819284e+09 8.682974e+09
3.877125e+09 0.359002 7.962432e+09	7.828226e+09 8.693502e+09
3.864026e+09 0.357460 7.974110e+09	7.837151e+09 8.703954e+09
3.850928e+09 0.355921 7.985744e+09	7.846058e+09 8.714332e+09
3.837829e+09 0.354386 7.997335e+09	7.854948e+09 8.724635e+09
3.824731e+09 0.352854 8.008882e+09	7.863820e+09 8.734865e+09
3.811633e+09 0.351326 8.020386e+09	7.872674e+09 8.745021e+09
3.798534e+09 0.349801 8.031847e+09	7.881511e+09 8.755105e+09
3.785436e+09 0.348277 8.043264e+09	7.890331e+09 8.765117e+09
3.772337e+09 0.346753 8.054639e+09	7.899133e+09 8.775057e+09
3.759239e+09 0.345233 8.065971e+09	7.907919e+09 8.784926e+09
3.746141e+09 0.343717 8.077260e+09	7.916687e+09 8.794724e+09
3.733042e+09 0.342204 8.088506e+09	7.925438e+09 8.804452e+09
3.719944e+09 0.340694 8.099710e+09	7.934173e+09 8.814111e+09
3.706845e+09 0.339187 8.110871e+09	7.942891e+09 8.823701e+09
3.693747e+09 0.337684 8.121991e+09	7.951592e+09 8.833222e+09
3.680649e+09 0.336185 8.133068e+09	7.960277e+09 8.842676e+09
3.667550e+09 0.334688 8.144104e+09	7.968946e+09 8.852063e+09
3.654452e+09 0.333194 8.155098e+09	7.977598e+09 8.861383e+09
3.641353e+09 0.331699 8.166050e+09	7.986234e+09 8.870637e+09
3.628255e+09 0.330207 8.176960e+09	7.994854e+09 8.879824e+09
3.615157e+09 0.328719 8.187829e+09	8.003458e+09 8.888946e+09
3.602058e+09 0.327234 8.198657e+09	8.012046e+09 8.898004e+09
3.588960e+09 0.325752 8.209444e+09	8.020618e+09 8.906997e+09
3.575861e+09 0.324274 8.220189e+09	8.029174e+09 8.915926e+09
3.562763e+09 0.322798 8.230894e+09	8.037715e+09 8.924792e+09
3.549665e+09 0.321326 8.241558e+09	8.046240e+09 8.933596e+09
3.536566e+09 0.319858 8.252182e+09	8.054750e+09 8.942337e+09
3.523468e+09 0.318392 8.262765e+09	8.063245e+09 8.951016e+09
3.510370e+09 0.316925 8.273308e+09	8.071724e+09 8.959634e+09
3.497271e+09 0.315461 8.283810e+09	8.080188e+09 8.968190e+09
3.484173e+09 0.314000 8.294273e+09	8.088636e+09 8.976686e+09
3.471074e+09 0.312542 8.304695e+09	8.097070e+09 8.985122e+09
3.457976e+09 0.311087 8.315077e+09	8.105489e+09 8.993499e+09
3.444878e+09 0.309635 8.325420e+09	8.113893e+09 9.001816e+09
3.431779e+09 0.308187 8.335723e+09	8.122282e+09 9.010074e+09
3.418681e+09 0.306742 8.345987e+09	8.130657e+09 9.018275e+09
3.405582e+09 0.305300 8.356211e+09	8.139017e+09 9.026418e+09
3.392484e+09 0.303861 8.366397e+09	8.147363e+09 9.034503e+09
3.379386e+09 0.302423 8.376543e+09	8.155694e+09 9.042532e+09
3.366287e+09 0.300984 8.386650e+09	8.164011e+09 9.050503e+09
3.353189e+09 0.299549 8.396719e+09	8.172313e+09 9.058419e+09
3.340090e+09 0.298118 8.406748e+09	8.180602e+09 9.066279e+09
3.326992e+09 0.296689 8.416739e+09	8.188876e+09 9.074083e+09
3.313894e+09 0.295263 8.426692e+09	8.197136e+09 9.081833e+09
3.300795e+09 0.293841 8.436606e+09	8.205383e+09 9.089528e+09
3.287697e+09 0.292422 8.446482e+09	8.213615e+09 9.097169e+09
3.274598e+09 0.291005 8.456320e+09	8.221834e+09 9.104757e+09
3.261500e+09 0.289592 8.466121e+09	8.230040e+09 9.112292e+09
3.248402e+09 0.288182 8.475883e+09	8.238232e+09 9.119774e+09
3.235303e+09 0.286769 8.485608e+09	8.246410e+09 9.127203e+09
3.222205e+09 0.285360 8.495295e+09	8.254575e+09 9.134580e+09
3.209106e+09 0.283953 8.504944e+09	8.262726e+09 9.141906e+09
3.196008e+09 0.282550 8.514557e+09	8.270864e+09 9.149180e+09
3.182910e+09 0.281149 8.524131e+09	8.278989e+09 9.156403e+09
3.169811e+09 0.279752 8.533669e+09	8.287101e+09 9.163576e+09
3.156713e+09 0.278358 8.543170e+09	8.295200e+09 9.170698e+09
3.143615e+09 0.276966 8.552635e+09	8.303286e+09 9.177771e+09
3.130516e+09 0.275578 8.562062e+09	8.311359e+09 9.184795e+09
3.117418e+09 0.274193 8.571453e+09	8.319420e+09 9.191770e+09
3.104319e+09 0.272808 8.580808e+09	8.327468e+09 9.198695e+09
3.091221e+09 0.271423 8.590126e+09	8.335503e+09 9.205573e+09
3.078123e+09 0.270040 8.599408e+09	8.343525e+09 9.212402e+09
3.065024e+09 0.268661 8.608654e+09	8.351535e+09 9.219184e+09
3.051926e+09 0.267285 8.617863e+09	8.359533e+09 9.225919e+09
3.038827e+09 0.265912 8.627037e+09	8.367518e+09 9.232606e+09
3.025729e+09 0.264542 8.636175e+09	8.375491e+09 9.239247e+09
3.012631e+09 0.263175 8.645278e+09	8.383451e+09 9.245842e+09
2.999532e+09 0.261810 8.654345e+09	8.391400e+09 9.252391e+09
2.986434e+09 0.260449 8.663377e+09	8.399337e+09 9.258894e+09
2.973335e+09 0.259091 8.672373e+09	8.407261e+09 9.265353e+09
2.960237e+09 0.257730 8.681335e+09	8.415174e+09 9.271766e+09
2.947139e+09 0.256371 8.690261e+09	8.423075e+09 9.278135e+09
2.934040e+09 0.255016 8.699152e+09	8.430964e+09 9.284460e+09
2.920942e+09 0.253663 8.708009e+09	8.438842e+09 9.290740e+09
2.907843e+09 0.252313 8.716830e+09	8.446707e+09 9.296977e+09
2.894745e+09 0.250966 8.725618e+09	8.454562e+09 9.303171e+09
2.881647e+09 0.249622 8.734370e+09	8.462404e+09 9.309321e+09
2.868548e+09 0.248281 8.743089e+09	8.470236e+09 9.315429e+09
2.855450e+09 0.246943 8.751773e+09	8.478056e+09 9.321495e+09
2.842351e+09 0.245608 8.760424e+09	8.485865e+09 9.327519e+09
2.829253e+09 0.244274 8.769040e+09	8.493663e+09 9.333502e+09
2.816155e+09 0.242938 8.777623e+09	8.501449e+09 9.339442e+09
2.803056e+09 0.241605 8.786171e+09	8.509224e+09 9.345342e+09
2.789958e+09 0.240275 8.794686e+09	8.516989e+09 9.351200e+09
2.776859e+09 0.238948 8.803168e+09	8.524742e+09 9.357018e+09
2.763761e+09 0.237624 8.811616e+09	8.532485e+09 9.362796e+09
2.750663e+09 0.236302 8.820031e+09	8.540216e+09 9.368534e+09
2.737564e+09 0.234984 8.828412e+09	8.547937e+09 9.374232e+09
2.724466e+09 0.233668 8.836761e+09	8.555648e+09 9.379891e+09
2.711368e+09 0.232355 8.845077e+09	8.563348e+09 9.385511e+09
2.698269e+09 0.231044 8.853360e+09	8.571037e+09 9.391092e+09
2.685171e+09 0.229734 8.861610e+09	8.578716e+09 9.396635e+09
2.672072e+09 0.228423 8.869828e+09	8.586384e+09 9.402139e+09
2.658974e+09 0.227115 8.878013e+09	8.594042e+09 9.407605e+09
2.645876e+09 0.225810 8.886165e+09	8.601690e+09 9.413034e+09
2.632777e+09 0.224507 8.894285e+09	8.609327e+09 9.418424e+09
2.619679e+09 0.223208 8.902373e+09	8.616955e+09 9.423778e+09
2.606580e+09 0.221911 8.910430e+09	8.624572e+09 9.429095e+09
2.593482e+09 0.220616 8.918454e+09	8.632179e+09 9.434375e+09
2.580384e+09 0.219325 8.926446e+09	8.639776e+09 9.439619e+09
2.567285e+09 0.218036 8.934407e+09	8.647364e+09 9.444827e+09
2.554187e+09 0.216750 8.942336e+09	8.654941e+09 9.450000e+09
2.541088e+09 0.215463 8.950234e+09	8.662509e+09 9.455136e+09
2.527990e+09 0.214176 8.958100e+09	8.670067e+09 9.460237e+09
2.514892e+09 0.212892 8.965935e+09	8.677615e+09 9.465303e+09
2.501793e+09 0.211611 8.973739e+09	8.685154e+09 9.470334e+09
2.488695e+09 0.210332 8.981511e+09	8.692683e+09 9.475330e+09
2.475596e+09 0.209056 8.989253e+09	8.700203e+09 9.480292e+09
2.462498e+09 0.207782 8.996963e+09	8.707713e+09 9.485220e+09
2.449400e+09 0.206512 9.004643e+09	8.715214e+09 9.490114e+09
2.436301e+09 0.205244 9.012293e+09	8.722706e+09 9.494974e+09
2.423203e+09 0.203978 9.019912e+09	8.730188e+09 9.499802e+09
2.410104e+09 0.202716 9.027501e+09	8.737661e+09 9.504596e+09
2.397006e+09 0.201451 9.035059e+09	8.745125e+09 9.509357e+09
2.383908e+09 0.200188 9.042587e+09	8.752580e+09 9.514085e+09
2.370809e+09 0.198927 9.050085e+09	8.760026e+09 9.518781e+09
2.357711e+09 0.197668 9.057552e+09	8.767463e+09 9.523444e+09
2.344612e+09 0.196412 9.064990e+09	8.774891e+09 9.528075e+09
2.331514e+09 0.195159 9.072398e+09	8.782310e+09 9.532675e+09
2.318416e+09 0.193909 9.079777e+09	8.789720e+09 9.537243e+09
2.305317e+09 0.192661 9.087125e+09	8.797122e+09 9.541780e+09
2.292219e+09 0.191416 9.094445e+09	8.804515e+09 9.546285e+09
2.279121e+09 0.190173 9.101735e+09	8.811899e+09 9.550760e+09
2.266022e+09 0.188933 9.108996e+09	8.819275e+09 9.555205e+09
2.252924e+09 0.187691 9.116228e+09	8.826642e+09 9.559618e+09
2.239825e+09 0.186450 9.123430e+09	8.834001e+09 9.564002e+09
2.226727e+09 0.185211 9.130604e+09	8.841352e+09 9.568355e+09
2.213629e+09 0.183975 9.137748e+09	8.848693e+09 9.572678e+09
2.200530e+09 0.182741 9.144864e+09	8.856027e+09 9.576972e+09
2.187432e+09 0.181510 9.151951e+09	8.863353e+09 9.581236e+09
2.174333e+09 0.180282 9.159010e+09	8.870670e+09 9.585471e+09
2.161235e+09 0.179056 9.166040e+09	8.877979e+09 9.589677e+09
2.148137e+09 0.177833 9.173041e+09	8.885280e+09 9.593854e+09
2.135038e+09 0.176612 9.180015e+09	8.892573e+09 9.598002e+09
2.121940e+09 0.175394 9.186961e+09	8.899858e+09 9.602123e+09
2.108841e+09 0.174174 9.193878e+09	8.907135e+09 9.606215e+09
2.095743e+09 0.172955 9.200768e+09	8.914404e+09 9.610279e+09
2.082645e+09 0.171737 9.207629e+09	8.921666e+09 9.614315e+09
2.069546e+09 0.170523 9.214463e+09	8.928919e+09 9.618323e+09
2.056448e+09 0.169311 9.221269e+09	8.936165e+09 9.622304e+09
2.043349e+09 0.168101 9.228047e+09	8.943403e+09 9.626257e+09
2.030251e+09 0.166894 9.234798e+09	8.950634e+09 9.630184e+09
2.017153e+09 0.165690 9.241521e+09	8.957857e+09 9.634083e+09
2.004054e+09 0.164487 9.248218e+09	8.965072e+09 9.637956e+09
1.990956e+09 0.163288 9.254887e+09	8.972280e+09 9.641802e+09
1.977857e+09 0.162091 9.261529e+09	8.979481e+09 9.645623e+09
1.964759e+09 0.160893 9.268144e+09	8.986674e+09 9.649417e+09
1.951661e+09 0.159694 9.274732e+09	8.993860e+09 9.653184e+09
1.938562e+09 0.158498 9.281294e+09	9.001039e+09 9.656926e+09
1.925464e+09 0.157304 9.287828e+09	9.008210e+09 9.660643e+09
1.912365e+09 0.156113 9.294336e+09	9.015374e+09 9.664334e+09
1.899267e+09 0.154924 9.300818e+09	9.022531e+09 9.667999e+09
1.886169e+09 0.153738 9.307273e+09	9.029681e+09 9.671639e+09
1.873070e+09 0.152554 9.313701e+09	9.036824e+09 9.675255e+09
1.859972e+09 0.151372 9.320104e+09	9.043960e+09 9.678846e+09
1.846874e+09 0.150193 9.326480e+09	9.051089e+09 9.682412e+09
1.833775e+09 0.149016 9.332831e+09	9.058211e+09 9.685954e+09
1.820677e+09 0.147840 9.339155e+09	9.065326e+09 9.689471e+09
1.807578e+09 0.146662 9.345454e+09	9.072435e+09 9.692965e+09
1.794480e+09 0.145486 9.351726e+09	9.079537e+09 9.696434e+09
1.781382e+09 0.144312 9.357973e+09	9.086632e+09 9.699880e+09
1.768283e+09 0.143141 9.364195e+09	9.093720e+09 9.703302e+09
1.755185e+09 0.141972 9.370391e+09	9.100802e+09 9.706700e+09
1.742086e+09 0.140806 9.376561e+09	9.107877e+09 9.710075e+09
1.728988e+09 0.139642 9.382706e+09	9.114945e+09 9.713427e+09
1.715890e+09 0.138480 9.388826e+09	9.122007e+09 9.716756e+09
1.702791e+09 0.137321 9.394921e+09	9.129063e+09 9.720062e+09
1.689693e+09 0.136164 9.400991e+09	9.136113e+09 9.723346e+09
1.676594e+09 0.135009 9.407036e+09	9.143156e+09 9.726607e+09
1.663496e+09 0.133851 9.413056e+09	9.150193e+09 9.729845e+09
1.650398e+09 0.132694 9.419051e+09	9.157223e+09 9.733062e+09
1.637299e+09 0.131540 9.425021e+09	9.164247e+09 9.736256e+09
1.624201e+09 0.130388 9.430967e+09	9.171265e+09 9.739428e+09
1.611102e+09 0.129239 9.436888e+09	9.178277e+09 9.742579e+09
1.598004e+09 0.128092 9.442785e+09	9.185283e+09 9.745707e+09
1.584906e+09 0.126947 9.448658e+09	9.192283e+09 9.748814e+09
1.571807e+09 0.125805 9.454506e+09	9.199277e+09 9.751900e+09
1.558709e+09 0.124665 9.460330e+09	9.206265e+09 9.754965e+09
1.545610e+09 0.123527 9.466130e+09	9.213247e+09 9.758009e+09
1.532512e+09 0.122391 9.471907e+09	9.220224e+09 9.761032e+09
1.519414e+09 0.121254 9.477659e+09	9.227194e+09 9.764034e+09
1.506315e+09 0.120116 9.483387e+09	9.234159e+09 9.767015e+09
1.493217e+09 0.118981 9.489092e+09	9.241118e+09 9.769976e+09
1.480118e+09 0.117848 9.494773e+09	9.248071e+09 9.772916e+09
1.467020e+09 0.116718 9.500430e+09	9.255018e+09 9.775836e+09
1.453922e+09 0.115589 9.506064e+09	9.261960e+09 9.778736e+09
1.440823e+09 0.114463 9.511674e+09	9.268897e+09 9.781616e+09
1.427725e+09 0.113340 9.517261e+09	9.275827e+09 9.784476e+09
1.414627e+09 0.112218 9.522825e+09	9.282753e+09 9.787317e+09
1.401528e+09 0.111099 9.528366e+09	9.289673e+09 9.790138e+09
1.388430e+09 0.109982 9.533884e+09	9.296588e+09 9.792939e+09
1.375331e+09 0.108865 9.539379e+09	9.303497e+09 9.795721e+09
1.362233e+09 0.107746 9.544851e+09	9.310401e+09 9.798484e+09
1.349135e+09 0.106629 9.550300e+09	9.317300e+09 9.801228e+09
1.336036e+09 0.105515 9.555726e+09	9.324193e+09 9.803953e+09
1.322938e+09 0.104402 9.561130e+09	9.331081e+09 9.806658e+09
1.309839e+09 0.103292 9.566511e+09	9.337964e+09 9.809346e+09
1.296741e+09 0.102184 9.571869e+09	9.344842e+09 9.812014e+09
1.283643e+09 0.101078 9.577206e+09	9.351715e+09 9.814664e+09
1.270544e+09 0.099975 9.582519e+09	9.358583e+09 9.817296e+09
1.257446e+09 0.098874 9.587811e+09	9.365446e+09 9.819910e+09
1.244347e+09 0.097775 9.593081e+09	9.372304e+09 9.822505e+09
1.231249e+09 0.096678 9.598328e+09	9.379157e+09 9.825083e+09
1.218151e+09 0.095578 9.603554e+09	9.386005e+09 9.827643e+09
1.205052e+09 0.094478 9.608757e+09	9.392848e+09 9.830185e+09
1.191954e+09 0.093381 9.613939e+09	9.399687e+09 9.832709e+09
1.178855e+09 0.092287 9.619098e+09	9.406520e+09 9.835216e+09
1.165757e+09 0.091194 9.624236e+09	9.413349e+09 9.837705e+09
1.152659e+09 0.090104 9.629353e+09	9.420174e+09 9.840177e+09
1.139560e+09 0.089016 9.634448e+09	9.426993e+09 9.842632e+09
1.126462e+09 0.087930 9.639521e+09	9.433809e+09 9.845069e+09
1.113363e+09 0.086846 9.644573e+09	9.440619e+09 9.847490e+09
1.100265e+09 0.085764 9.649604e+09	9.447425e+09 9.849894e+09
1.087167e+09 0.084684 9.654614e+09	9.454227e+09 9.852281e+09
1.074068e+09 0.083605 9.659603e+09	9.461024e+09 9.854652e+09
1.060970e+09 0.082523 9.664570e+09	9.467816e+09 9.857006e+09
1.047872e+09 0.081443 9.669517e+09	9.474605e+09 9.859344e+09
1.034773e+09 0.080366 9.674442e+09	9.481389e+09 9.861665e+09
1.021675e+09 0.079290 9.679346e+09	9.488168e+09 9.863970e+09
1.008576e+09 0.078217 9.684230e+09	9.494943e+09 9.866259e+09
9.954779e+08 0.077146 9.689093e+09	9.501715e+09 9.868532e+09
9.823795e+08 0.076076 9.693936e+09	9.508481e+09 9.870789e+09
9.692811e+08 0.075009 9.698758e+09	9.515244e+09 9.873030e+09
9.561827e+08 0.073945 9.703559e+09	9.522003e+09 9.875256e+09
9.430844e+08 0.072882 9.708341e+09	9.528757e+09 9.877466e+09
9.299860e+08 0.071821 9.713102e+09	9.535508e+09 9.879660e+09
9.168876e+08 0.070758 9.717842e+09	9.542254e+09 9.881839e+09
9.037892e+08 0.069695 9.722563e+09	9.548997e+09 9.884003e+09
8.906908e+08 0.068634 9.727263e+09	9.555736e+09 9.886152e+09
8.775924e+08 0.067575 9.731943e+09	9.562470e+09 9.888285e+09
8.644940e+08 0.066518 9.736603e+09	9.569201e+09 9.890403e+09
8.513956e+08 0.065463 9.741244e+09	9.575928e+09 9.892507e+09
8.382972e+08 0.064410 9.745864e+09	9.582651e+09 9.894595e+09
8.251988e+08 0.063360 9.750465e+09	9.589370e+09 9.896669e+09
8.121004e+08 0.062311 9.755046e+09	9.596086e+09 9.898729e+09
7.990020e+08 0.061265 9.759608e+09	9.602798e+09 9.900773e+09
7.859036e+08 0.060220 9.764150e+09	9.609506e+09 9.902804e+09
7.728052e+08 0.059177 9.768673e+09	9.616211e+09 9.904820e+09
7.597068e+08 0.058130 9.773176e+09	9.622912e+09 9.906822e+09
7.466084e+08 0.057085 9.777660e+09	9.629609e+09 9.908809e+09
7.335101e+08 0.056042 9.782125e+09	9.636303e+09 9.910783e+09
7.204117e+08 0.055001 9.786570e+09	9.642994e+09 9.912742e+09
7.073133e+08 0.053963 9.790996e+09	9.649681e+09 9.914687e+09
6.942149e+08 0.052926 9.795404e+09	9.656364e+09 9.916619e+09
6.811165e+08 0.051891 9.799792e+09	9.663045e+09 9.918537e+09
6.680181e+08 0.050858 9.804161e+09	9.669721e+09 9.920441e+09
6.549197e+08 0.049828 9.808512e+09	9.676395e+09 9.922332e+09
6.418213e+08 0.048799 9.812844e+09	9.683065e+09 9.924209e+09
6.287229e+08 0.047773 9.817158e+09	9.689732e+09 9.926073e+09
6.156245e+08 0.046745 9.821452e+09	9.696396e+09 9.927924e+09
6.025261e+08 0.045716 9.825728e+09	9.703057e+09 9.929762e+09
5.894277e+08 0.044689 9.829986e+09	9.709714e+09 9.931586e+09
5.763293e+08 0.043663 9.834225e+09	9.716368e+09 9.933397e+09
5.632309e+08 0.042640 9.838446e+09	9.723020e+09 9.935195e+09
5.501325e+08 0.041619 9.842648e+09	9.729668e+09 9.936980e+09
5.370341e+08 0.040599 9.846832e+09	9.736313e+09 9.938753e+09
5.239358e+08 0.039582 9.850998e+09	9.742955e+09 9.940512e+09
5.108374e+08 0.038567 9.855146e+09	9.749594e+09 9.942259e+09
4.977390e+08 0.037553 9.859276e+09	9.756230e+09 9.943994e+09
4.846406e+08 0.036542 9.863389e+09	9.762864e+09 9.945716e+09
4.715422e+08 0.035533 9.867483e+09	9.769494e+09 9.947426e+09
4.584438e+08 0.034521 9.871559e+09	9.776122e+09 9.949123e+09
4.453454e+08 0.033509 9.875618e+09	9.782747e+09 9.950808e+09
4.322470e+08 0.032498 9.879659e+09	9.789369e+09 9.952481e+09
4.191486e+08 0.031490 9.883682e+09	9.795988e+09 9.954141e+09
4.060502e+08 0.030484 9.887688e+09	9.802605e+09 9.955790e+09
3.929518e+08 0.029480 9.891676e+09	9.809219e+09 9.957426e+09
3.798534e+08 0.028477 9.895646e+09	9.815830e+09 9.959051e+09
3.667550e+08 0.027477 9.899600e+09	9.822439e+09 9.960664e+09
3.536566e+08 0.026478 9.903536e+09	9.829045e+09 9.962265e+09
3.405582e+08 0.025482 9.907455e+09	9.835649e+09 9.963855e+09
3.274598e+08 0.024487 9.911356e+09	9.842250e+09 9.965433e+09
3.143615e+08 0.023494 9.915241e+09	9.848849e+09 9.966999e+09
3.012631e+08 0.022498 9.919109e+09	9.855445e+09 9.968554e+09
2.881647e+08 0.021502 9.922959e+09	9.862038e+09 9.970098e+09
2.750663e+08 0.020509 9.926793e+09	9.868630e+09 9.971630e+09
2.619679e+08 0.019517 9.930609e+09	9.875219e+09 9.973151e+09
2.488695e+08 0.018527 9.934409e+09	9.881805e+09 9.974660e+09
2.357711e+08 0.017539 9.938192e+09	9.888390e+09 9.976159e+09
2.226727e+08 0.016553 9.941958e+09	9.894972e+09 9.977646e+09
2.095743e+08 0.015569 9.945708e+09	9.901551e+09 9.979123e+09
1.964759e+08 0.014587 9.949441e+09	9.908129e+09 9.980589e+09
1.833775e+08 0.013607 9.953158e+09	9.914704e+09 9.982044e+09
1.702791e+08 0.012628 9.956858e+09	9.921278e+09 9.983488e+09
1.571807e+08 0.011652 9.960542e+09	9.927849e+09 9.984921e+09
1.440823e+08 0.010671 9.964210e+09	9.934418e+09 9.986344e+09
1.309839e+08 0.009692 9.967861e+09	9.940985e+09 9.987756e+09
1.178855e+08 0.008714 9.971496e+09	9.947550e+09 9.989158e+09
1.047872e+08 0.007738 9.975115e+09	9.954113e+09 9.990549e+09
9.168876e+07 0.006764 9.978718e+09	9.960674e+09 9.991930e+09
7.859036e+07 0.005792 9.982304e+09	9.967233e+09 9.993300e+09
6.549197e+07 0.004822 9.985875e+09	9.973790e+09 9.994660e+09
5.239358e+07 0.003854 9.989430e+09	9.980345e+09 9.996010e+09
3.929518e+07 0.002888 9.992969e+09	9.986899e+09 9.997350e+09
2.619679e+07 0.001923 9.996492e+09	9.993450e+09 9.998680e+09
1.309839e+07 0.000961 1.000000e+10	1.000000e+10 1.000000e+10
